date	SS4	S2	S1
10.01.1966	0.16	210.0	34.0
20.01.1966	0.18	190.0	34.0
31.01.1966	0.18	200.0	36.0
10.02.1966	0.16	210.0	34.0
20.02.1966	0.17	170.0	29.0
25.02.1966	0.19	200.0	38.0
28.02.1966	0.19	240.0	46.0
05.03.1966	0.18	210.0	38.0
10.03.1966	0.18	250.0	45.0
15.03.1966	0.16	220.0	35.0
20.03.1966	0.15	190.0	29.0
25.03.1966	0.15	230.0	35.0
31.03.1966	0.1	290.0	29.0
10.04.1966	0.0	-999.0	0.0
20.04.1966	0.08	210.0	17.0
25.04.1966	0.09	270.0	24.0
31.10.1966	0.09	160.0	14.0
10.11.1966	0.1	190.0	19.0
20.11.1966	0.11	170.0	19.0
30.11.1966	0.12	170.0	20.0
10.12.1966	0.1	200.0	20.0
20.12.1966	0.11	200.0	22.0
31.12.1966	0.11	170.0	19.0
10.01.1967	0.11	200.0	22.0
20.01.1967	0.13	210.0	27.0
31.01.1967	0.13	240.0	31.0
10.02.1967	0.13	260.0	34.0
20.02.1967	0.12	230.0	28.0
25.02.1967	0.11	230.0	25.0
28.02.1967	0.12	220.0	26.0
05.03.1967	0.11	220.0	24.0
10.03.1967	0.09	200.0	18.0
15.03.1967	0.11	290.0	32.0
20.03.1967	0.08	230.0	18.0
10.11.1967	0.02	-999.0	-999.0
20.11.1967	0.02	-999.0	-999.0
30.11.1967	0.01	-999.0	-999.0
10.12.1967	0.02	-999.0	-999.0
20.12.1967	0.05	130.0	7.0
31.12.1967	0.05	140.0	7.0
10.01.1968	0.06	900.0	5.0
20.01.1968	0.06	150.0	9.0
31.01.1968	0.05	160.0	8.0
10.02.1968	0.04	-999.0	-999.0
15.02.1968	0.05	190.0	10.0
20.02.1968	0.05	140.0	7.0
25.02.1968	0.05	190.0	10.0
29.02.1968	0.03	-999.0	-999.0
05.03.1968	0.05	220.0	11.0
10.03.1968	0.03	-999.0	-999.0
05.04.1968	0.09	120.0	11.0
10.04.1968	0.01	-999.0	-999.0
25.04.1968	0.02	-999.0	-999.0
10.11.1968	0.14	140.0	20.0
20.11.1968	0.14	150.0	21.0
30.11.1968	0.19	150.0	29.0
10.12.1968	0.23	150.0	35.0
20.12.1968	0.25	160.0	40.0
31.12.1968	0.25	160.0	40.0
10.01.1969	0.22	170.0	37.0
20.01.1969	0.21	160.0	34.0
31.01.1969	0.21	180.0	38.0
10.02.1969	0.22	160.0	35.0
15.02.1969	0.22	170.0	37.0
20.02.1969	0.23	170.0	39.0
25.02.1969	0.23	210.0	48.0
28.02.1969	0.22	210.0	46.0
05.03.1969	0.21	200.0	42.0
10.03.1969	0.21	180.0	38.0
15.03.1969	0.21	200.0	42.0
20.03.1969	0.22	170.0	37.0
25.03.1969	0.18	180.0	32.0
31.03.1969	0.16	190.0	30.0
05.04.1969	0.1	240.0	24.0
20.10.1969	0.08	140.0	11.0
10.11.1969	0.11	200.0	22.0
20.11.1969	0.12	240.0	29.0
30.11.1969	0.12	200.0	24.0
10.12.1969	0.12	220.0	26.0
20.12.1969	0.13	220.0	29.0
31.12.1969	0.14	220.0	31.0
10.01.1970	0.13	270.0	35.0
20.01.1970	0.14	240.0	34.0
31.01.1970	0.14	230.0	32.0
05.02.1970	-999.0	-999.0	0.0
10.02.1970	0.14	280.0	39.0
15.02.1970	0.15	280.0	42.0
20.02.1970	0.14	270.0	38.0
25.02.1970	0.13	290.0	38.0
28.02.1970	0.14	280.0	39.0
05.03.1970	0.15	250.0	38.0
10.03.1970	0.15	240.0	36.0
15.03.1970	0.14	240.0	34.0
20.03.1970	0.13	260.0	34.0
25.03.1970	0.12	300.0	36.0
31.03.1970	0.14	290.0	41.0
10.10.1970	0.12	190.0	23.0
20.10.1970	0.12	170.0	20.0
31.10.1970	0.1	210.0	21.0
10.11.1970	0.12	200.0	24.0
20.11.1970	0.14	160.0	22.0
30.11.1970	0.15	160.0	24.0
10.12.1970	0.14	210.0	29.0
20.12.1970	0.15	190.0	29.0
31.12.1970	0.14	200.0	28.0
10.01.1971	0.17	200.0	34.0
20.01.1971	0.16	190.0	30.0
31.01.1971	0.16	220.0	35.0
10.02.1971	0.16	190.0	30.0
15.02.1971	0.17	210.0	36.0
20.02.1971	0.18	240.0	43.0
25.02.1971	0.17	230.0	39.0
28.02.1971	0.18	240.0	43.0
05.03.1971	0.19	230.0	44.0
10.03.1971	0.17	220.0	37.0
15.03.1971	0.16	250.0	40.0
20.03.1971	0.15	230.0	35.0
25.03.1971	0.14	230.0	32.0
31.03.1971	0.34	150.0	51.0
05.04.1971	0.27	230.0	62.0
10.04.1971	0.23	260.0	60.0
15.04.1971	0.18	270.0	49.0
10.11.1971	0.02	-999.0	-999.0
20.11.1971	0.04	-999.0	-999.0
30.11.1971	0.05	100.0	5.0
10.12.1971	0.07	140.0	10.0
20.12.1971	0.08	150.0	12.0
31.12.1971	0.08	200.0	16.0
10.01.1973	0.17	200.0	34.0
20.01.1973	0.16	170.0	27.0
31.01.1973	0.18	170.0	31.0
10.02.1973	0.15	210.0	32.0
15.02.1973	0.16	220.0	35.0
20.02.1973	0.15	190.0	28.0
25.02.1973	0.15	170.0	26.0
28.02.1973	0.15	170.0	26.0
05.03.1973	0.16	200.0	32.0
10.03.1973	0.13	210.0	27.0
15.03.1973	0.14	190.0	27.0
20.03.1973	0.1	240.0	24.0
25.03.1973	0.06	210.0	13.0
31.03.1973	0.04	210.0	8.0
15.04.1973	0.07	130.0	9.0
25.04.1973	0.05	310.0	16.0
10.11.1973	0.03	-999.0	-999.0
20.11.1973	0.02	-999.0	-999.0
30.11.1973	0.05	200.0	10.0
10.12.1973	0.04	140.0	6.0
20.12.1973	0.07	150.0	10.0
31.12.1973	0.07	180.0	13.0
10.02.1974	0.1	180.0	18.0
20.02.1974	0.09	240.0	22.0
28.02.1974	0.09	230.0	21.0
10.03.1974	0.1	230.0	23.0
15.03.1974	0.07	220.0	15.0
20.03.1974	0.05	260.0	13.0
30.04.1974	0.09	180.0	16.0
10.12.1974	0.11	200.0	22.0
20.12.1974	0.11	170.0	19.0
31.12.1974	0.12	-999.0	-999.0
10.01.1975	0.13	170.0	22.0
20.01.1975	0.13	210.0	27.0
31.01.1975	0.12	250.0	30.0
05.03.1975	0.14	-999.0	-999.0
10.03.1975	0.11	260.0	29.0
15.03.1975	0.11	210.0	23.0
20.03.1975	0.12	230.0	28.0
25.03.1975	0.08	-999.0	-999.0
30.03.1975	-999.0	-999.0	0.0
10.11.1975	-999.0	-999.0	0.0
10.12.1975	0.3	220.0	66.0
10.01.1976	0.21	230.0	48.0
05.02.1976	-999.0	-999.0	0.0
05.03.1976	0.21	170.0	36.0
05.04.1976	-999.0	-999.0	0.0
10.11.1976	0.16	170.0	27.0
10.12.1976	0.2	160.0	32.0
10.01.1977	0.26	190.0	49.0
20.01.1977	0.25	170.0	43.0
31.01.1977	0.25	220.0	55.0
10.02.1977	0.21	180.0	38.0
15.02.1977	0.22	190.0	42.0
20.02.1977	0.21	180.0	38.0
25.02.1977	0.21	170.0	36.0
28.02.1977	0.21	180.0	38.0
05.03.1977	0.21	170.0	36.0
10.03.1977	0.21	180.0	38.0
15.03.1977	0.22	200.0	44.0
20.03.1977	0.21	200.0	42.0
25.03.1977	0.19	180.0	34.0
25.04.1977	0.03	-999.0	-999.0
10.10.1977	0.06	180.0	11.0
20.10.1977	0.07	210.0	15.0
31.10.1977	0.13	210.0	27.0
10.11.1977	0.16	160.0	26.0
20.11.1977	0.25	170.0	43.0
30.11.1977	0.23	170.0	39.0
10.12.1977	0.24	170.0	41.0
20.12.1977	0.25	170.0	43.0
31.12.1977	0.27	170.0	46.0
10.01.1978	0.26	190.0	49.0
20.01.1978	0.25	170.0	43.0
31.01.1978	0.25	220.0	55.0
10.02.1978	0.23	180.0	41.0
15.02.1978	0.24	190.0	46.0
20.02.1978	0.24	200.0	48.0
25.02.1978	0.25	190.0	48.0
28.02.1978	0.24	0.0	0.0
05.03.1978	0.25	220.0	55.0
10.03.1978	0.25	200.0	50.0
15.03.1978	0.26	240.0	62.0
20.03.1978	0.24	210.0	50.0
25.03.1978	0.19	220.0	42.0
31.03.1978	0.17	230.0	39.0
05.04.1978	0.1	230.0	23.0
10.04.1978	0.0	-999.0	0.0
15.04.1978	0.01	-999.0	-999.0
20.10.1978	0.09	140.0	13.0
31.10.1978	0.1	180.0	18.0
10.11.1978	0.11	220.0	24.0
20.11.1978	0.12	140.0	17.0
30.11.1978	0.13	160.0	21.0
10.12.1978	0.14	150.0	21.0
20.12.1978	0.17	170.0	29.0
31.12.1978	0.2	160.0	32.0
10.01.1979	0.2	170.0	34.0
20.01.1979	0.2	200.0	40.0
31.01.1979	0.18	200.0	36.0
10.02.1979	0.21	180.0	38.0
15.02.1979	0.2	190.0	38.0
20.02.1979	0.21	200.0	42.0
25.02.1979	0.22	200.0	44.0
28.02.1979	0.23	190.0	44.0
05.03.1979	0.22	220.0	48.0
10.03.1979	0.21	210.0	44.0
15.03.1979	0.22	200.0	44.0
20.03.1979	0.22	190.0	42.0
25.03.1979	0.18	200.0	36.0
31.03.1979	0.17	200.0	34.0
05.04.1979	0.07	270.0	19.0
15.04.1979	0.07	140.0	10.0
10.11.1979	0.01	-999.0	-999.0
20.11.1979	0.02	-999.0	-999.0
30.11.1979	0.08	120.0	10.0
10.12.1979	0.1	120.0	12.0
20.12.1979	0.14	140.0	20.0
31.12.1979	0.14	140.0	20.0
31.01.1980	0.15	200.0	30.0
10.02.1980	0.13	10.0	1.0
15.02.1980	0.13	200.0	26.0
20.02.1980	0.12	210.0	25.0
25.02.1980	0.14	180.0	25.0
29.02.1980	0.14	170.0	24.0
05.03.1980	0.14	170.0	24.0
10.03.1980	0.14	220.0	31.0
15.03.1980	0.14	220.0	31.0
20.03.1980	0.13	210.0	27.0
25.03.1980	0.12	210.0	25.0
31.03.1980	0.09	190.0	17.0
05.04.1980	0.12	130.0	16.0
10.04.1980	0.07	220.0	15.0
20.04.1980	0.02	-999.0	-999.0
30.04.1980	0.04	-999.0	-999.0
31.10.1980	0.02	-999.0	-999.0
20.11.1980	0.16	100.0	16.0
30.11.1980	0.2	100.0	20.0
10.12.1980	0.2	130.0	26.0
20.12.1980	0.18	130.0	23.0
31.12.1980	0.19	150.0	29.0
10.01.1981	0.19	160.0	30.0
20.01.1981	0.17	160.0	27.0
31.01.1981	0.18	160.0	29.0
10.02.1981	0.18	150.0	27.0
15.02.1981	0.19	140.0	27.0
20.02.1981	0.19	160.0	30.0
25.02.1981	0.19	150.0	29.0
28.02.1981	0.19	160.0	30.0
05.03.1981	0.19	150.0	29.0
10.03.1981	0.19	150.0	29.0
15.03.1981	0.19	150.0	29.0
20.03.1981	0.15	200.0	30.0
25.03.1981	0.13	200.0	26.0
31.03.1981	0.02	330.0	7.0
05.04.1981	0.01	-999.0	-999.0
10.11.1981	0.01	-999.0	-999.0
20.11.1981	0.03	-999.0	-999.0
30.11.1981	0.02	-999.0	-999.0
10.12.1981	0.03	-999.0	-999.0
20.12.1981	0.04	-999.0	-999.0
31.12.1981	0.07	100.0	7.0
10.01.1982	0.12	120.0	14.0
20.01.1982	0.11	170.0	19.0
31.01.1982	0.14	170.0	24.0
10.02.1982	0.11	110.0	12.0
15.02.1982	0.11	170.0	19.0
20.02.1982	0.13	160.0	21.0
25.02.1982	0.14	190.0	27.0
28.02.1982	0.14	190.0	27.0
05.03.1982	0.16	160.0	26.0
10.03.1982	0.16	150.0	24.0
15.03.1982	0.13	200.0	26.0
20.03.1982	0.13	190.0	25.0
25.03.1982	0.13	200.0	26.0
20.10.1982	0.08	190.0	15.0
31.10.1982	0.09	150.0	14.0
10.11.1982	0.11	190.0	21.0
20.11.1982	0.11	130.0	14.0
30.11.1982	0.11	200.0	22.0
10.12.1982	0.17	160.0	27.0
20.12.1982	0.22	120.0	26.0
31.12.1982	0.23	170.0	39.0
10.01.1983	0.23	130.0	30.0
20.01.1983	0.24	170.0	41.0
31.01.1983	0.25	160.0	40.0
10.02.1983	0.21	160.0	34.0
20.02.1983	0.2	180.0	36.0
28.02.1983	0.2	190.0	38.0
10.03.1983	0.22	150.0	33.0
15.03.1983	0.22	150.0	33.0
20.03.1983	0.19	180.0	34.0
25.03.1983	0.09	190.0	17.0
05.04.1983	0.01	-999.0	-999.0
10.04.1983	0.09	140.0	13.0
30.04.1983	0.02	-999.0	-999.0
10.10.1983	0.12	130.0	16.0
20.10.1983	0.08	200.0	16.0
31.10.1983	0.03	-999.0	-999.0
10.11.1983	0.12	170.0	20.0
20.11.1983	0.13	180.0	23.0
30.11.1983	0.16	140.0	22.0
10.12.1983	0.2	150.0	30.0
20.12.1983	0.2	160.0	32.0
31.12.1983	0.19	160.0	30.0
10.01.1984	0.17	140.0	24.0
20.01.1984	0.19	160.0	30.0
31.01.1984	0.21	150.0	32.0
10.02.1984	0.22	160.0	35.0
20.02.1984	0.22	160.0	35.0
29.02.1984	0.22	170.0	37.0
07.03.1984	0.19	180.0	34.0
10.03.1984	0.19	180.0	34.0
15.03.1984	0.18	180.0	32.0
20.03.1984	0.12	240.0	29.0
25.03.1984	0.12	190.0	23.0
31.03.1984	0.08	170.0	14.0
05.04.1984	0.03	-999.0	-999.0
20.04.1984	0.02	-999.0	-999.0
10.11.1984	0.04	-999.0	-999.0
20.11.1984	0.03	-999.0	-999.0
30.11.1984	0.08	110.0	9.0
10.12.1984	0.09	140.0	13.0
20.12.1984	0.09	140.0	13.0
31.12.1984	0.11	120.0	13.0
10.01.1985	0.11	130.0	14.0
20.01.1985	0.12	150.0	18.0
31.01.1985	0.12	120.0	14.0
10.02.1985	0.13	130.0	17.0
15.02.1985	0.13	140.0	18.0
20.02.1985	0.16	110.0	18.0
25.02.1985	0.16	110.0	18.0
28.02.1985	0.16	120.0	19.0
05.03.1985	0.15	130.0	20.0
10.03.1985	0.14	130.0	18.0
15.03.1985	0.14	140.0	20.0
20.03.1985	0.12	140.0	17.0
25.03.1985	0.16	140.0	22.0
31.03.1985	0.09	180.0	16.0
31.10.1985	0.1	130.0	13.0
10.11.1985	0.13	150.0	20.0
20.11.1985	0.15	150.0	23.0
30.11.1985	0.1	150.0	15.0
10.12.1985	0.15	170.0	26.0
20.12.1985	0.15	170.0	26.0
31.12.1985	0.15	170.0	26.0
10.01.1986	0.15	170.0	26.0
20.01.1986	0.18	180.0	32.0
10.02.1986	0.16	170.0	27.0
20.02.1986	0.16	170.0	27.0
28.02.1986	0.15	180.0	27.0
05.03.1986	0.15	160.0	24.0
10.03.1986	0.15	180.0	27.0
15.03.1986	0.12	170.0	20.0
20.03.1986	0.08	220.0	18.0
25.03.1986	0.1	70.0	7.0
13.10.1986	0.05	150.0	8.0
10.11.1986	0.0	-999.0	-999.0
10.12.1986	0.02	-999.0	-999.0
20.12.1986	0.04	-999.0	-999.0
31.12.1986	0.04	-999.0	-999.0
10.01.1987	0.04	-999.0	-999.0
20.01.1987	0.07	-999.0	-999.0
31.01.1987	0.06	130.0	8.0
10.02.1987	0.12	120.0	14.0
20.02.1987	0.12	140.0	17.0
28.02.1987	0.15	160.0	24.0
05.03.1987	0.18	140.0	25.0
10.03.1987	0.18	150.0	27.0
15.03.1987	0.17	150.0	26.0
20.03.1987	0.14	90.0	13.0
25.03.1987	0.16	170.0	27.0
31.03.1987	0.17	150.0	26.0
10.12.1987	0.23	170.0	39.0
20.12.1987	0.23	180.0	41.0
31.12.1987	0.26	170.0	44.0
10.01.1988	0.3	170.0	51.0
20.01.1988	0.26	190.0	49.0
31.01.1988	0.21	180.0	38.0
10.03.1988	0.21	180.0	38.0
15.03.1988	0.22	180.0	40.0
20.03.1988	0.25	180.0	45.0
25.03.1988	0.25	170.0	43.0
31.03.1988	0.28	160.0	45.0
10.01.1989	0.11	170.0	19.0
20.01.1989	0.13	160.0	21.0
31.01.1989	0.11	190.0	21.0
10.02.1989	0.1	210.0	21.0
20.02.1989	0.08	210.0	17.0
28.02.1989	0.08	200.0	16.0
20.01.1990	0.11	90.0	10.0
31.01.1990	0.1	120.0	12.0
10.02.1990	0.18	130.0	23.0
15.02.1990	0.17	140.0	24.0
20.02.1990	0.18	130.0	23.0
25.02.1990	0.18	130.0	23.0
28.02.1990	0.18	130.0	23.0
05.03.1990	0.15	120.0	18.0
10.03.1990	0.13	100.0	13.0
15.03.1990	0.07	310.0	22.0
20.03.1990	0.07	340.0	24.0
31.03.1990	0.07	290.0	20.0
20.11.1990	0.09	120.0	11.0
30.11.1990	0.15	110.0	17.0
10.12.1990	0.19	140.0	27.0
20.12.1990	0.21	150.0	32.0
31.12.1990	0.21	160.0	34.0
10.01.1991	0.21	140.0	29.0
20.01.1991	0.26	120.0	31.0
31.01.1991	0.3	160.0	48.0
10.02.1991	0.25	200.0	50.0
15.02.1991	0.26	190.0	49.0
20.02.1991	0.27	180.0	49.0
25.02.1991	0.26	170.0	44.0
28.02.1991	0.26	180.0	47.0
05.03.1991	0.27	180.0	49.0
10.03.1991	0.28	-999.0	-999.0
15.03.1991	0.26	-999.0	-999.0
20.03.1991	0.25	-999.0	-999.0
25.03.1991	0.32	170.0	54.0
31.03.1991	0.29	190.0	55.0
31.10.1991	0.06	-999.0	-999.0
10.11.1991	0.16	120.0	19.0
20.11.1991	0.17	130.0	22.0
30.11.1991	0.19	130.0	25.0
10.12.1991	0.19	160.0	30.0
20.12.1991	0.22	180.0	40.0
31.12.1991	0.22	180.0	40.0
10.01.1992	0.23	160.0	37.0
20.01.1992	0.23	150.0	35.0
31.01.1992	0.25	180.0	45.0
10.02.1992	0.26	210.0	55.0
20.02.1992	0.26	210.0	55.0
25.02.1992	0.25	180.0	45.0
29.02.1992	0.32	180.0	58.0
05.03.1992	0.29	160.0	46.0
10.03.1992	0.28	180.0	50.0
15.03.1992	0.24	190.0	46.0
20.03.1992	0.23	220.0	51.0
25.03.1992	0.14	300.0	42.0
31.03.1992	0.1	60.0	6.0
10.11.1992	0.09	-999.0	-999.0
20.11.1992	0.1	-999.0	-999.0
30.11.1992	0.1	-999.0	-999.0
10.12.1992	0.15	100.0	15.0
20.12.1992	0.15	110.0	17.0
31.12.1992	0.15	110.0	17.0
10.01.1993	0.16	120.0	19.0
20.01.1993	0.16	120.0	19.0
31.01.1993	0.17	130.0	22.0
10.02.1993	0.23	130.0	30.0
15.02.1993	0.23	130.0	30.0
20.02.1993	0.23	130.0	30.0
25.02.1993	0.23	150.0	35.0
28.02.1993	0.23	150.0	35.0
05.03.1993	0.21	140.0	29.0
10.03.1993	0.19	140.0	27.0
15.03.1993	0.15	120.0	18.0
10.11.1994	0.07	-999.0	-999.0
20.11.1994	0.13	-999.0	-999.0
30.11.1994	0.18	-999.0	-999.0
10.12.1994	0.15	90.0	14.0
20.12.1994	0.16	100.0	16.0
31.12.1994	0.16	100.0	16.0
10.01.1995	0.21	110.0	23.0
20.01.1995	0.2	120.0	24.0
31.01.1995	0.17	150.0	26.0
10.02.1995	0.19	180.0	34.0
15.02.1995	0.19	150.0	29.0
20.02.1995	0.19	170.0	32.0
25.02.1995	0.17	180.0	31.0
28.02.1995	0.16	180.0	29.0
05.03.1995	0.16	190.0	30.0
10.03.1995	0.19	180.0	34.0
15.03.1995	0.18	150.0	27.0
20.03.1995	0.16	150.0	24.0
25.03.1995	0.15	180.0	27.0
31.10.1995	0.07	40.0	3.0
10.11.1995	0.07	60.0	4.0
20.11.1995	0.11	60.0	7.0
30.11.1995	0.13	60.0	8.0
10.12.1995	0.1	90.0	9.0
20.12.1995	0.09	80.0	7.0
31.12.1995	0.1	90.0	9.0
10.01.1996	0.13	110.0	14.0
20.01.1996	0.14	110.0	15.0
31.01.1996	0.16	110.0	18.0
10.02.1996	0.13	110.0	14.0
15.02.1996	0.17	130.0	22.0
20.02.1996	0.18	150.0	27.0
25.02.1996	0.13	160.0	21.0
29.02.1996	0.13	110.0	14.0
05.03.1996	0.1	120.0	12.0
10.03.1996	0.1	110.0	11.0
15.03.1996	0.07	-999.0	-999.0
10.11.1996	0.05	60.0	3.0
20.11.1996	0.04	-999.0	-999.0
30.11.1996	0.06	130.0	8.0
10.12.1996	0.11	70.0	8.0
20.12.1996	0.19	120.0	23.0
31.12.1996	0.22	140.0	31.0
10.01.1997	0.23	110.0	25.0
10.02.1997	0.27	130.0	35.0
20.02.1997	0.25	120.0	30.0
25.02.1997	0.24	130.0	31.0
28.02.1997	0.24	120.0	29.0
05.03.1997	0.3	130.0	39.0
20.11.1997	0.02	-999.0	-999.0
10.12.1997	0.09	90.0	8.0
10.01.1998	0.13	120.0	16.0
20.01.1998	0.14	110.0	15.0
31.01.1998	0.14	120.0	17.0
10.02.1998	0.13	110.0	14.0
15.02.1998	0.16	130.0	21.0
20.02.1998	0.16	120.0	19.0
25.02.1998	0.15	140.0	21.0
28.02.1998	0.15	150.0	23.0
05.03.1998	0.16	160.0	26.0
10.11.1998	0.07	120.0	8.0
10.12.1998	0.1	130.0	13.0
10.01.1999	0.16	170.0	27.0
10.02.1999	0.22	190.0	42.0
05.03.1999	0.15	160.0	24.0
05.04.1999	0.14	150.0	21.0
31.10.1999	0.09	100.0	9.0
10.11.1999	0.08	120.0	10.0
10.12.1999	0.12	140.0	17.0
10.01.2000	0.22	110.0	24.0
10.02.2000	0.23	140.0	32.0
05.03.2000	0.22	160.0	35.0
20.10.2000	0.08	120.0	10.0
10.11.2000	0.1	150.0	15.0
10.12.2000	0.12	140.0	17.0
10.01.2001	0.13	170.0	22.0
20.01.2001	0.17	160.0	27.0
31.01.2001	0.17	160.0	27.0
10.02.2001	0.18	170.0	31.0
05.03.2001	0.17	200.0	34.0
10.10.2001	0.21	110.0	23.0
10.11.2001	0.14	210.0	29.0
10.12.2001	0.12	180.0	22.0
10.01.2002	0.14	190.0	27.0
10.02.2002	0.21	120.0	25.0
05.03.2002	0.23	250.0	58.0
20.10.2002	0.11	100.0	11.0
10.11.2002	0.13	110.0	14.0
10.12.2002	0.2	180.0	36.0
10.01.2003	0.18	150.0	27.0
20.01.2003	0.21	160.0	34.0
31.01.2003	0.21	170.0	36.0
10.02.2003	0.21	180.0	38.0
05.03.2003	0.25	200.0	50.0
10.11.2003	0.07	140.0	10.0
20.11.2003	0.07	140.0	10.0
30.11.2003	0.09	140.0	13.0
10.12.2003	0.09	180.0	16.0
10.01.2004	0.12	160.0	19.0
10.02.2004	0.12	170.0	20.0
05.03.2004	0.14	190.0	27.0
10.11.2004	0.02	-999.0	-999.0
10.12.2004	0.11	120.0	13.0
10.01.2005	0.1	110.0	11.0
10.02.2005	0.11	130.0	14.0
05.03.2005	0.06	-999.0	-999.0
10.11.2005	0.24	110.0	26.0
10.12.2005	0.21	160.0	34.0
10.01.2006	0.19	180.0	34.0
10.02.2006	0.21	180.0	38.0
05.03.2006	0.2	200.0	40.0
31.10.2006	0.1	100.0	10.0
10.11.2006	0.18	110.0	20.0
20.11.2006	0.19	150.0	29.0
30.11.2006	0.2	150.0	30.0
10.12.2006	0.2	160.0	32.0
20.12.2006	0.21	170.0	36.0
30.12.2006	0.26	180.0	47.0
10.01.2007	0.25	180.0	45.0
20.01.2007	0.25	180.0	45.0
31.01.2007	0.25	180.0	45.0
10.02.2007	0.29	180.0	52.0
15.02.2007	0.29	190.0	55.0
20.02.2007	0.29	190.0	55.0
25.02.2007	0.31	190.0	59.0
28.02.2007	0.31	200.0	62.0
05.03.2007	0.29	200.0	58.0
10.03.2007	0.28	190.0	53.0
15.03.2007	0.27	190.0	51.0
20.03.2007	0.27	180.0	49.0
25.03.2007	0.21	190.0	40.0
31.03.2007	0.12	220.0	26.0
05.04.2007	0.07	220.0	15.0
20.10.2007	0.16	80.0	13.0
31.10.2007	0.16	110.0	18.0
10.11.2007	0.16	110.0	18.0
20.11.2007	0.15	150.0	23.0
30.11.2007	0.18	170.0	31.0
10.12.2007	0.14	160.0	22.0
20.12.2007	0.18	200.0	36.0
30.12.2007	0.21	190.0	40.0
10.01.2008	0.21	200.0	42.0
20.01.2008	0.2	210.0	42.0
31.01.2008	0.19	210.0	40.0
10.02.2008	0.19	200.0	38.0
15.02.2008	0.2	210.0	42.0
20.02.2008	0.18	210.0	38.0
25.02.2008	0.18	210.0	38.0
29.02.2008	0.17	210.0	36.0
05.03.2008	0.13	240.0	31.0
10.03.2008	0.03	-999.0	-999.0
15.03.2008	0.07	130.0	9.0
20.03.2008	0.02	-999.0	-999.0
25.03.2008	0.02	-999.0	-999.0
20.10.2008	0.02	-999.0	-999.0
10.11.2008	0.14	140.0	20.0
20.11.2008	0.16	140.0	22.0
30.11.2008	0.27	160.0	43.0
10.12.2008	0.25	170.0	43.0
20.12.2008	0.25	150.0	38.0
30.12.2008	0.25	180.0	45.0
10.01.2009	0.26	180.0	47.0
20.01.2009	0.26	180.0	47.0
31.01.2009	0.23	200.0	46.0
10.02.2009	0.26	200.0	52.0
15.02.2009	0.25	200.0	50.0
20.02.2009	0.25	200.0	50.0
25.02.2009	0.25	200.0	50.0
28.02.2009	0.25	200.0	50.0
05.03.2009	0.25	200.0	50.0
10.03.2009	0.25	210.0	53.0
15.03.2009	0.25	220.0	55.0
20.03.2009	0.26	220.0	57.0
25.03.2009	0.24	220.0	53.0
31.03.2009	0.16	210.0	34.0
31.10.2009	0.07	140.0	10.0
10.11.2009	0.14	140.0	20.0
20.11.2009	0.13	150.0	20.0
30.11.2009	0.15	160.0	24.0
10.12.2009	0.16	130.0	21.0
20.12.2009	0.15	130.0	20.0
30.12.2009	0.25	170.0	43.0
10.01.2010	0.24	170.0	41.0
20.01.2010	0.25	170.0	43.0
31.01.2010	0.25	190.0	48.0
10.02.2010	0.25	210.0	53.0
15.02.2010	0.25	190.0	48.0
20.02.2010	0.26	180.0	47.0
25.02.2010	0.27	190.0	51.0
28.02.2010	0.27	200.0	54.0
05.03.2010	0.26	200.0	52.0
10.03.2010	0.25	210.0	53.0
15.03.2010	0.25	210.0	53.0
20.03.2010	0.24	210.0	50.0
25.03.2010	0.2	200.0	40.0
31.03.2010	0.17	200.0	34.0
05.04.2010	0.08	160.0	13.0
10.10.2010	0.26	130.0	34.0
20.10.2010	0.2	140.0	28.0
31.10.2010	0.29	120.0	35.0
10.11.2010	0.29	150.0	44.0
20.11.2010	0.32	150.0	48.0
30.11.2010	0.35	160.0	56.0
10.12.2010	0.37	170.0	63.0
20.12.2010	0.37	180.0	67.0
30.12.2010	0.35	190.0	67.0
10.01.2011	0.35	190.0	67.0
20.01.2011	0.34	190.0	65.0
31.01.2011	0.34	190.0	65.0
10.02.2011	0.36	190.0	68.0
15.02.2011	0.36	190.0	68.0
20.02.2011	0.36	190.0	68.0
25.02.2011	0.37	200.0	74.0
28.02.2011	0.37	200.0	74.0
05.03.2011	0.37	200.0	74.0
10.03.2011	0.33	210.0	69.0
15.03.2011	0.33	210.0	69.0
20.03.2011	0.32	210.0	67.0
25.03.2011	0.31	210.0	65.0
31.03.2011	0.21	190.0	40.0
10.11.2011	0.08	100.0	8.0
20.11.2011	0.14	100.0	14.0
30.11.2011	0.17	130.0	22.0
10.12.2011	0.16	130.0	21.0
20.12.2011	0.16	130.0	21.0
30.12.2011	0.16	130.0	21.0
10.01.2012	0.18	120.0	22.0
20.01.2012	0.18	130.0	23.0
31.01.2012	0.22	130.0	29.0
10.02.2012	-999.0	-999.0	-999.0
20.02.2012	0.18	160.0	29.0
29.02.2012	0.18	170.0	31.0
05.03.2012	0.18	170.0	31.0
10.03.2012	0.2	160.0	32.0
15.03.2012	0.2	150.0	30.0
20.03.2012	0.19	150.0	29.0
25.03.2012	0.09	150.0	14.0
31.10.2012	0.15	110.0	17.0
10.11.2012	0.18	150.0	27.0
20.11.2012	0.17	160.0	27.0
30.11.2012	0.16	150.0	24.0
10.12.2012	0.21	160.0	34.0
20.12.2012	0.2	190.0	38.0
30.12.2012	0.19	200.0	38.0
10.01.2013	0.24	-999.0	-999.0
20.01.2013	0.24	190.0	46.0
31.01.2013	0.27	180.0	49.0
10.02.2013	0.27	210.0	57.0
15.02.2013	0.27	210.0	57.0
20.02.2013	0.28	220.0	62.0
25.02.2013	0.27	230.0	62.0
28.02.2013	0.3	240.0	72.0
05.03.2013	0.29	240.0	70.0
10.03.2013	0.31	240.0	74.0
15.03.2013	0.29	240.0	70.0
20.03.2013	0.28	240.0	67.0
25.03.2013	0.27	240.0	65.0
31.03.2013	0.26	240.0	62.0
05.04.2013	0.23	240.0	55.0
10.04.2013	0.05	210.0	11.0
10.11.2013	0.04	-999.0	-999.0
20.11.2013	0.03	-999.0	-999.0
30.11.2013	0.08	90.0	7.0
10.12.2013	0.14	110.0	15.0
20.12.2013	0.14	140.0	20.0
30.12.2013	0.14	160.0	22.0
10.01.2014	0.15	150.0	23.0
20.01.2014	0.16	150.0	24.0
31.01.2014	0.18	140.0	25.0
10.02.2014	0.15	170.0	26.0
20.02.2014	0.15	170.0	26.0
25.02.2014	0.14	170.0	24.0
28.02.2014	0.13	170.0	22.0
05.03.2014	0.12	190.0	23.0
10.03.2014	0.12	210.0	25.0
15.03.2014	0.1	220.0	22.0
20.10.2014	0.12	130.0	16.0
31.10.2014	0.14	210.0	29.0
10.11.2014	0.16	170.0	27.0
20.11.2014	0.17	180.0	31.0
30.11.2014	0.21	150.0	32.0
10.12.2014	0.17	150.0	26.0
20.12.2014	0.18	160.0	29.0
30.12.2014	0.18	140.0	25.0
10.01.2015	0.21	180.0	38.0
20.01.2015	0.19	170.0	32.0
31.01.2015	0.21	170.0	36.0
10.02.2015	0.24	160.0	38.0
15.02.2015	0.23	170.0	39.0
20.02.2015	0.23	160.0	37.0
25.02.2015	0.22	200.0	44.0
28.02.2015	0.21	220.0	46.0
05.03.2015	0.22	170.0	37.0
10.03.2015	0.23	180.0	41.0
15.03.2015	0.24	170.0	41.0
20.03.2015	0.25	220.0	55.0
25.03.2015	0.22	240.0	53.0
31.03.2015	0.16	150.0	24.0
05.04.2015	0.1	140.0	14.0
31.10.2015	0.17	140.0	24.0
10.11.2015	0.23	130.0	30.0
20.11.2015	0.25	150.0	38.0
30.11.2015	0.24	150.0	36.0
10.12.2015	0.26	160.0	42.0
20.12.2015	0.27	170.0	46.0
30.12.2015	0.26	170.0	44.0
10.01.2016	0.28	150.0	42.0
20.01.2016	0.26	150.0	39.0
31.01.2016	0.25	150.0	38.0
10.02.2016	0.19	150.0	29.0
15.02.2016	0.26	130.0	34.0
20.02.2016	0.3	140.0	42.0
25.02.2016	0.29	140.0	41.0
29.02.2016	0.33	210.0	69.0
05.03.2016	0.33	210.0	69.0
10.03.2016	0.34	200.0	68.0
15.03.2016	0.36	200.0	72.0
20.03.2016	0.34	220.0	75.0
25.03.2016	0.24	250.0	60.0
31.03.2016	0.14	330.0	46.0
05.04.2016	0.23	220.0	51.0
10.04.2016	0.25	220.0	55.0
15.04.2016	0.11	280.0	31.0
20.11.2016	0.04	-999.0	-999.0
30.11.2016	0.07	90.0	6.0
10.12.2016	0.1	90.0	9.0
20.12.2016	0.11	100.0	11.0
30.12.2016	0.14	110.0	15.0
10.01.2017	0.15	110.0	17.0
20.01.2017	0.14	110.0	15.0
31.01.2017	0.13	120.0	16.0
10.02.2017	0.12	130.0	16.0
15.02.2017	0.13	120.0	16.0
20.02.2017	0.13	130.0	17.0
25.02.2017	0.12	130.0	16.0
28.02.2017	0.13	140.0	18.0
05.03.2017	0.13	140.0	18.0
10.03.2017	0.06	160.0	10.0
20.10.2017	0.07	80.0	6.0
31.10.2017	0.09	80.0	7.0
10.11.2017	0.12	120.0	14.0
20.11.2017	0.11	120.0	13.0
30.11.2017	0.16	120.0	19.0
10.12.2017	0.18	130.0	23.0
20.12.2017	0.18	120.0	22.0
30.12.2017	0.18	130.0	23.0
10.01.2018	0.17	140.0	24.0
20.01.2018	0.19	130.0	25.0
31.01.2018	0.17	160.0	27.0
10.02.2018	0.17	160.0	27.0
15.02.2018	0.19	160.0	30.0
20.02.2018	0.17	160.0	27.0
25.02.2018	0.19	190.0	36.0
28.02.2018	0.18	210.0	38.0
05.03.2018	0.18	210.0	38.0
10.03.2018	0.17	210.0	36.0
15.03.2018	0.17	220.0	37.0
20.03.2018	0.16	250.0	40.0
25.03.2018	0.13	330.0	43.0
20.11.2018	0.04	-999.0	-999.0
30.11.2018	0.12	90.0	11.0
10.12.2018	0.15	160.0	24.0
20.12.2018	0.17	170.0	29.0
30.12.2018	0.19	190.0	36.0
