date	SS4	S2	S1
10.01.1966	0.39	150.0	59.0
20.01.1966	0.38	160.0	61.0
31.01.1966	0.42	180.0	76.0
10.02.1966	0.42	150.0	63.0
20.02.1966	0.43	150.0	65.0
28.02.1966	0.56	130.0	73.0
05.03.1966	0.58	150.0	87.0
10.03.1966	0.55	180.0	-999.0
15.03.1966	0.56	200.0	112.0
20.03.1966	0.52	190.0	-999.0
25.03.1966	0.51	180.0	92.0
31.03.1966	0.49	190.0	93.0
05.04.1966	0.58	170.0	-999.0
10.04.1966	0.57	170.0	97.0
15.04.1966	0.56	190.0	106.0
20.04.1966	0.65	160.0	104.0
25.04.1966	0.66	210.0	139.0
30.04.1966	0.61	220.0	134.0
05.05.1966	0.59	200.0	118.0
10.05.1966	0.41	240.0	98.0
15.05.1966	0.06	260.0	16.0
31.10.1966	0.25	50.0	13.0
10.11.1966	0.34	90.0	31.0
20.11.1966	0.29	80.0	23.0
30.11.1966	0.37	110.0	41.0
10.12.1966	0.37	100.0	37.0
20.12.1966	0.37	120.0	44.0
31.12.1966	0.38	120.0	46.0
10.01.1967	0.38	120.0	46.0
20.01.1967	0.4	130.0	52.0
31.01.1967	0.43	130.0	56.0
10.02.1967	0.45	160.0	72.0
20.02.1967	0.46	150.0	69.0
28.02.1967	0.52	160.0	83.0
10.03.1967	0.48	160.0	77.0
20.03.1967	0.49	160.0	78.0
31.03.1967	0.48	200.0	96.0
10.04.1967	0.54	200.0	108.0
15.04.1967	0.56	200.0	112.0
20.04.1967	0.37	180.0	67.0
25.04.1967	0.02	-999.0	-999.0
20.10.1967	0.04	-999.0	-999.0
31.10.1967	0.01	-999.0	-999.0
10.11.1967	0.16	110.0	18.0
20.11.1967	0.17	120.0	20.0
30.11.1967	0.19	110.0	21.0
20.12.1967	0.27	130.0	35.0
20.01.1968	0.28	160.0	45.0
31.01.1968	0.28	160.0	45.0
10.02.1968	0.28	170.0	48.0
20.02.1968	0.3	170.0	51.0
29.02.1968	0.32	160.0	51.0
10.03.1968	0.34	160.0	54.0
20.03.1968	0.34	190.0	65.0
25.03.1968	0.31	200.0	62.0
31.03.1968	0.31	200.0	62.0
05.04.1968	0.32	200.0	64.0
10.04.1968	0.32	200.0	64.0
15.04.1968	0.23	270.0	62.0
20.04.1968	0.06	320.0	19.0
10.10.1968	0.22	140.0	31.0
20.10.1968	0.18	160.0	29.0
31.10.1968	0.24	170.0	41.0
10.11.1968	0.24	170.0	41.0
20.11.1968	0.3	150.0	45.0
30.11.1968	0.36	140.0	50.0
10.12.1968	0.5	140.0	70.0
20.12.1968	0.46	150.0	69.0
31.12.1968	0.51	180.0	92.0
10.01.1969	0.48	180.0	86.0
20.01.1969	0.51	170.0	87.0
31.01.1969	0.48	170.0	82.0
10.02.1969	0.51	190.0	97.0
20.02.1969	0.51	170.0	87.0
28.02.1969	0.52	170.0	88.0
10.03.1969	0.52	170.0	88.0
20.03.1969	0.48	170.0	82.0
25.03.1969	0.51	170.0	87.0
31.03.1969	0.5	180.0	90.0
05.04.1969	0.5	170.0	85.0
10.04.1969	0.47	200.0	94.0
15.04.1969	0.55	190.0	105.0
20.04.1969	0.53	220.0	117.0
25.04.1969	0.44	200.0	88.0
30.04.1969	0.45	200.0	90.0
05.05.1969	0.07	200.0	14.0
10.05.1969	0.07	310.0	22.0
10.10.1969	-999.0	-999.0	0.0
20.10.1969	0.02	-999.0	-999.0
31.10.1969	-999.0	-999.0	0.0
10.11.1969	0.21	160.0	34.0
20.11.1969	0.3	140.0	42.0
30.11.1969	0.3	150.0	45.0
10.12.1969	0.32	150.0	48.0
20.12.1969	0.32	150.0	48.0
31.12.1969	0.32	160.0	51.0
10.01.1970	0.33	160.0	53.0
20.01.1970	0.32	150.0	48.0
31.01.1970	0.33	160.0	53.0
05.02.1970	-999.0	-999.0	0.0
10.02.1970	0.34	160.0	54.0
15.02.1970	-999.0	-999.0	0.0
20.02.1970	0.39	170.0	66.0
25.02.1970	-999.0	-999.0	0.0
28.02.1970	0.38	170.0	65.0
05.03.1970	-999.0	-999.0	0.0
10.03.1970	0.39	170.0	66.0
15.03.1970	-999.0	-999.0	0.0
20.03.1970	0.41	170.0	70.0
25.03.1970	0.41	170.0	70.0
31.03.1970	0.41	190.0	78.0
05.04.1970	0.41	180.0	74.0
10.04.1970	0.39	160.0	62.0
15.04.1970	0.37	180.0	67.0
20.04.1970	0.37	220.0	81.0
25.04.1970	0.05	240.0	12.0
30.04.1970	0.02	-999.0	-999.0
10.10.1970	0.02	-999.0	-999.0
20.10.1970	0.04	-999.0	-999.0
31.10.1970	0.11	100.0	11.0
10.11.1970	0.17	110.0	19.0
20.11.1970	0.18	110.0	20.0
30.11.1970	0.25	140.0	35.0
10.12.1970	0.26	130.0	34.0
20.12.1970	0.28	140.0	39.0
31.12.1970	0.29	140.0	41.0
10.01.1971	0.3	150.0	45.0
20.01.1971	0.34	140.0	48.0
31.01.1971	0.35	130.0	46.0
10.02.1971	0.35	150.0	53.0
20.02.1971	0.36	140.0	50.0
28.02.1971	0.37	140.0	52.0
10.03.1971	0.38	140.0	53.0
20.03.1971	0.4	150.0	60.0
25.03.1971	0.4	160.0	64.0
31.03.1971	0.43	160.0	69.0
05.04.1971	0.45	200.0	90.0
10.04.1971	0.41	190.0	78.0
15.04.1971	0.48	200.0	96.0
20.04.1971	0.46	230.0	106.0
25.04.1971	0.3	200.0	60.0
30.04.1971	0.12	210.0	25.0
31.10.1971	0.08	170.0	14.0
10.11.1971	0.18	100.0	18.0
20.11.1971	0.21	100.0	21.0
30.11.1971	0.27	110.0	30.0
10.01.1973	0.4	160.0	64.0
20.01.1973	0.38	-999.0	-999.0
31.01.1973	0.41	150.0	62.0
10.02.1973	0.39	140.0	55.0
20.02.1973	0.43	140.0	60.0
28.02.1973	0.43	160.0	69.0
10.03.1973	0.43	170.0	73.0
20.03.1973	0.44	170.0	75.0
25.03.1973	0.43	170.0	73.0
31.03.1973	0.43	170.0	73.0
05.04.1973	0.51	180.0	92.0
10.04.1973	0.51	200.0	102.0
15.04.1973	0.56	180.0	101.0
20.04.1973	0.53	190.0	101.0
25.04.1973	0.59	210.0	124.0
30.04.1973	0.55	210.0	116.0
05.05.1973	0.4	210.0	84.0
10.05.1973	0.36	220.0	79.0
15.05.1973	0.03	-999.0	-999.0
20.10.1973	0.14	160.0	22.0
31.10.1973	0.2	130.0	26.0
10.11.1973	0.21	140.0	29.0
20.11.1973	0.32	140.0	45.0
NaT	0.37	150.0	56.0
10.12.1973	0.38	160.0	61.0
20.12.1973	0.4	170.0	68.0
31.12.1973	0.4	160.0	64.0
10.02.1974	0.45	160.0	72.0
20.02.1974	0.49	170.0	83.0
28.02.1974	0.46	170.0	78.0
10.03.1974	0.5	180.0	90.0
20.03.1974	0.45	180.0	81.0
25.03.1974	0.48	190.0	91.0
31.03.1974	0.45	180.0	81.0
05.04.1974	0.45	180.0	81.0
10.04.1974	0.47	180.0	85.0
15.04.1974	0.48	190.0	91.0
20.04.1974	0.41	210.0	86.0
25.04.1974	0.24	230.0	55.0
30.04.1974	0.3	100.0	30.0
10.12.1974	0.29	150.0	44.0
20.12.1974	0.29	140.0	41.0
31.12.1974	0.3	140.0	42.0
10.01.1975	0.31	130.0	40.0
20.01.1975	0.39	160.0	62.0
31.01.1975	0.4	150.0	60.0
05.03.1975	-999.0	-999.0	0.0
10.03.1975	0.41	160.0	66.0
15.03.1975	-999.0	-999.0	0.0
20.03.1975	0.46	140.0	64.0
25.03.1975	0.48	170.0	82.0
31.03.1975	0.48	180.0	87.0
10.11.1975	-999.0	-999.0	0.0
20.11.1975	0.1	110.0	11.0
NaT	-999.0	-999.0	0.0
10.12.1975	-999.0	-999.0	0.0
10.01.1976	0.28	150.0	42.0
05.02.1976	-999.0	-999.0	0.0
05.03.1976	-999.0	-999.0	0.0
05.04.1976	0.41	210.0	86.0
10.11.1976	0.23	160.0	37.0
10.12.1976	0.29	150.0	44.0
10.01.1977	0.35	140.0	49.0
20.01.1977	0.4	150.0	60.0
31.01.1977	0.37	160.0	59.0
10.02.1977	0.38	160.0	61.0
20.02.1977	0.41	160.0	66.0
28.02.1977	0.39	160.0	62.0
10.03.1977	0.49	160.0	78.0
20.03.1977	0.46	170.0	78.0
25.03.1977	0.42	210.0	88.0
31.03.1977	0.38	210.0	80.0
05.04.1977	0.41	210.0	86.0
10.04.1977	0.34	240.0	82.0
15.04.1977	0.42	230.0	97.0
20.04.1977	0.41	200.0	82.0
25.04.1977	0.44	230.0	101.0
30.04.1977	0.47	220.0	103.0
05.05.1977	0.3	720.0	216.0
10.11.1977	0.28	120.0	34.0
20.11.1977	0.36	130.0	47.0
30.11.1977	0.41	130.0	53.0
10.12.1977	0.4	140.0	56.0
20.12.1977	0.41	140.0	57.0
31.12.1977	0.43	160.0	69.0
10.01.1978	0.43	150.0	65.0
20.01.1978	0.43	160.0	69.0
31.01.1978	0.43	150.0	65.0
10.02.1978	0.45	150.0	68.0
20.02.1978	0.44	150.0	66.0
28.02.1978	0.44	150.0	66.0
10.03.1978	0.48	150.0	72.0
20.03.1978	0.46	160.0	74.0
25.03.1978	0.45	170.0	77.0
31.03.1978	0.46	170.0	78.0
05.04.1978	0.49	150.0	74.0
10.04.1978	0.46	170.0	78.0
15.04.1978	0.42	180.0	76.0
20.04.1978	0.37	240.0	89.0
25.04.1978	0.34	220.0	75.0
30.04.1978	0.22	260.0	57.0
11.10.1978	0.26	90.0	23.0
31.10.1978	0.31	160.0	50.0
10.11.1978	0.34	160.0	54.0
20.11.1978	0.36	160.0	58.0
30.11.1978	0.36	160.0	58.0
10.12.1978	0.39	180.0	70.0
20.12.1978	0.42	160.0	67.0
31.12.1978	0.46	160.0	74.0
17.01.1979	0.52	170.0	88.0
20.01.1979	0.51	180.0	92.0
31.01.1979	0.51	180.0	92.0
10.02.1979	0.52	170.0	88.0
20.02.1979	0.52	160.0	83.0
28.02.1979	0.55	170.0	94.0
10.03.1979	0.6	170.0	102.0
20.03.1979	0.54	180.0	97.0
25.03.1979	0.53	170.0	90.0
31.03.1979	0.53	160.0	85.0
05.04.1979	0.5	160.0	80.0
10.04.1979	0.59	160.0	94.0
15.04.1979	0.55	220.0	121.0
20.04.1979	0.58	210.0	122.0
25.04.1979	0.54	230.0	124.0
30.04.1979	0.36	230.0	83.0
23.09.1979	0.22	170.0	37.0
20.10.1979	0.03	-999.0	-999.0
31.10.1979	0.19	120.0	23.0
10.11.1979	0.4	130.0	52.0
20.11.1979	0.4	140.0	56.0
30.11.1979	0.47	140.0	66.0
10.12.1979	0.41	140.0	57.0
20.12.1979	0.49	150.0	74.0
31.12.1979	0.49	160.0	78.0
10.01.1980	0.54	150.0	81.0
20.01.1980	0.51	140.0	71.0
31.01.1980	0.58	150.0	87.0
10.02.1980	0.54	160.0	86.0
20.02.1980	0.54	160.0	86.0
29.02.1980	0.54	160.0	86.0
10.03.1980	0.58	180.0	104.0
20.03.1980	0.53	180.0	95.0
25.03.1980	0.54	170.0	92.0
31.03.1980	0.65	230.0	150.0
05.04.1980	0.64	190.0	122.0
10.04.1980	0.61	220.0	134.0
15.04.1980	0.6	220.0	132.0
20.04.1980	0.7	220.0	154.0
25.04.1980	0.7	240.0	168.0
30.04.1980	0.49	240.0	118.0
05.05.1980	0.17	240.0	41.0
20.10.1980	0.1	110.0	11.0
31.10.1980	0.11	160.0	18.0
10.11.1980	0.24	120.0	29.0
20.11.1980	0.4	120.0	48.0
30.11.1980	0.33	120.0	40.0
10.12.1980	0.35	160.0	56.0
20.12.1980	0.34	170.0	58.0
31.12.1980	0.36	170.0	61.0
10.01.1981	0.36	160.0	58.0
20.01.1981	0.36	160.0	58.0
31.01.1981	0.37	170.0	63.0
10.02.1981	0.37	160.0	59.0
20.02.1981	0.37	160.0	59.0
28.02.1981	0.37	160.0	59.0
10.03.1981	0.37	170.0	63.0
20.03.1981	0.41	160.0	66.0
25.03.1981	0.39	160.0	62.0
31.03.1981	0.37	170.0	63.0
05.04.1981	0.37	170.0	63.0
10.04.1981	0.33	190.0	63.0
15.04.1981	0.33	190.0	63.0
20.04.1981	0.23	240.0	55.0
25.04.1981	0.07	110.0	8.0
05.05.1981	0.27	110.0	30.0
14.10.1981	0.14	70.0	10.0
20.10.1981	0.19	140.0	27.0
31.10.1981	0.32	130.0	42.0
10.11.1981	0.32	150.0	48.0
20.11.1981	0.4	160.0	64.0
30.11.1981	0.4	160.0	64.0
10.12.1981	0.41	160.0	66.0
20.12.1981	0.48	140.0	67.0
31.12.1981	0.48	150.0	72.0
10.01.1982	0.48	140.0	67.0
20.01.1982	0.42	180.0	76.0
31.01.1982	0.43	170.0	73.0
10.02.1982	0.44	170.0	75.0
20.02.1982	0.45	190.0	86.0
28.02.1982	0.46	180.0	83.0
10.03.1982	0.45	170.0	77.0
20.03.1982	0.49	160.0	78.0
25.03.1982	0.46	200.0	92.0
31.03.1982	0.57	160.0	91.0
05.04.1982	0.51	190.0	97.0
10.04.1982	0.47	210.0	-999.0
15.04.1982	0.44	200.0	88.0
20.04.1982	0.36	240.0	86.0
25.04.1982	0.11	250.0	28.0
30.04.1982	0.01	-999.0	-999.0
20.10.1982	0.24	130.0	31.0
31.10.1982	0.42	120.0	50.0
10.11.1982	0.42	140.0	59.0
20.11.1982	0.44	150.0	66.0
30.11.1982	0.54	180.0	97.0
10.12.1982	0.52	180.0	94.0
20.12.1982	0.54	180.0	97.0
31.12.1982	0.5	190.0	95.0
10.01.1983	0.52	170.0	88.0
20.01.1983	0.52	170.0	88.0
31.01.1983	0.56	170.0	95.0
10.02.1983	0.58	190.0	110.0
20.02.1983	0.57	160.0	91.0
28.02.1983	0.58	170.0	-999.0
10.03.1983	0.54	190.0	103.0
20.03.1983	0.51	190.0	97.0
25.03.1983	0.51	200.0	102.0
31.03.1983	0.5	210.0	105.0
05.04.1983	0.53	220.0	117.0
10.04.1983	0.55	230.0	127.0
15.04.1983	0.53	250.0	133.0
20.04.1983	0.62	240.0	149.0
25.04.1983	0.58	290.0	168.0
30.04.1983	0.57	260.0	148.0
05.05.1983	0.51	260.0	133.0
10.05.1983	0.27	310.0	84.0
20.10.1983	0.15	100.0	15.0
31.10.1983	0.15	140.0	21.0
10.11.1983	0.27	120.0	32.0
20.11.1983	0.23	120.0	28.0
30.11.1983	0.32	120.0	38.0
10.12.1983	0.31	120.0	37.0
20.12.1983	0.29	130.0	38.0
31.12.1983	0.32	140.0	45.0
20.01.1984	0.34	150.0	51.0
31.01.1984	0.35	150.0	53.0
10.02.1984	0.37	160.0	59.0
20.02.1984	0.36	150.0	54.0
29.02.1984	0.35	170.0	60.0
10.03.1984	0.36	170.0	61.0
20.03.1984	0.35	170.0	60.0
25.03.1984	0.35	170.0	60.0
31.03.1984	0.35	170.0	60.0
05.04.1984	0.34	180.0	61.0
10.04.1984	0.32	190.0	61.0
15.04.1984	0.2	230.0	46.0
20.04.1984	0.15	100.0	15.0
20.10.1984	0.25	140.0	35.0
31.10.1984	0.24	170.0	41.0
10.11.1984	0.34	150.0	51.0
20.11.1984	0.33	160.0	53.0
30.11.1984	0.42	160.0	67.0
10.12.1984	0.44	160.0	70.0
20.12.1984	0.44	170.0	75.0
31.12.1984	0.43	160.0	69.0
10.01.1985	0.45	160.0	72.0
20.01.1985	0.45	160.0	72.0
31.01.1985	0.47	160.0	75.0
10.02.1985	0.46	170.0	78.0
20.02.1985	0.46	170.0	78.0
28.02.1985	0.41	210.0	86.0
10.03.1985	0.45	210.0	95.0
20.03.1985	0.47	190.0	89.0
25.03.1985	0.54	180.0	97.0
31.03.1985	0.52	200.0	104.0
05.04.1985	0.48	210.0	101.0
10.04.1985	0.57	230.0	131.0
15.04.1985	0.58	250.0	145.0
20.04.1985	0.41	230.0	94.0
25.04.1985	0.33	250.0	83.0
31.10.1985	0.18	110.0	20.0
10.11.1985	0.32	130.0	42.0
20.11.1985	0.26	150.0	39.0
30.11.1985	0.31	130.0	40.0
10.12.1985	0.32	160.0	51.0
20.12.1985	0.32	160.0	51.0
31.12.1985	0.32	150.0	48.0
10.01.1986	0.32	150.0	48.0
20.01.1986	0.36	150.0	54.0
31.01.1986	0.35	160.0	56.0
10.02.1986	0.37	160.0	59.0
20.02.1986	0.36	160.0	58.0
28.02.1986	0.33	160.0	53.0
10.03.1986	0.36	160.0	58.0
20.03.1986	0.33	190.0	63.0
25.03.1986	0.44	150.0	66.0
31.03.1986	0.38	150.0	57.0
05.04.1986	0.35	180.0	63.0
10.04.1986	0.4	170.0	68.0
15.04.1986	0.41	190.0	78.0
20.04.1986	0.42	200.0	84.0
25.04.1986	0.42	230.0	97.0
10.05.1986	0.33	130.0	43.0
20.10.1986	0.17	-999.0	-999.0
31.10.1986	0.24	100.0	24.0
10.11.1986	0.35	130.0	46.0
20.11.1986	0.35	140.0	49.0
30.11.1986	0.34	150.0	51.0
10.12.1986	0.37	150.0	56.0
20.12.1986	0.39	160.0	62.0
31.12.1986	0.41	150.0	62.0
10.01.1987	0.41	180.0	74.0
20.01.1987	0.41	170.0	70.0
31.01.1987	0.43	180.0	77.0
10.02.1987	0.45	160.0	72.0
20.02.1987	0.47	170.0	80.0
28.02.1987	0.47	160.0	75.0
10.03.1987	0.43	170.0	73.0
20.03.1987	0.46	170.0	78.0
25.03.1987	0.43	180.0	77.0
31.03.1987	0.45	180.0	81.0
05.04.1987	0.44	210.0	92.0
10.04.1987	0.37	210.0	78.0
15.04.1987	0.32	220.0	70.0
20.04.1987	0.23	230.0	53.0
25.04.1987	0.29	180.0	52.0
05.05.1987	0.29	430.0	125.0
31.10.1987	0.13	70.0	9.0
10.11.1987	0.19	110.0	21.0
20.11.1987	0.24	110.0	26.0
30.11.1987	0.28	120.0	34.0
10.12.1987	0.33	120.0	40.0
20.12.1987	0.32	120.0	38.0
31.12.1987	0.38	150.0	57.0
10.01.1988	0.41	140.0	57.0
20.01.1988	0.4	150.0	60.0
31.01.1988	0.39	160.0	62.0
10.02.1988	0.4	180.0	72.0
20.02.1988	0.39	160.0	62.0
29.02.1988	0.4	170.0	68.0
10.03.1988	0.43	170.0	73.0
20.03.1988	0.38	170.0	65.0
25.03.1988	0.44	200.0	88.0
31.03.1988	0.41	200.0	82.0
05.04.1988	0.45	190.0	86.0
10.04.1988	0.39	200.0	78.0
15.04.1988	0.26	230.0	60.0
12.10.1988	0.06	110.0	7.0
20.10.1988	0.12	100.0	12.0
31.10.1988	0.17	120.0	20.0
10.11.1988	0.32	110.0	35.0
20.11.1988	0.32	130.0	42.0
30.11.1988	0.29	160.0	46.0
10.12.1988	0.34	150.0	51.0
20.12.1988	0.38	170.0	65.0
31.12.1988	0.38	170.0	65.0
10.01.1989	0.38	150.0	57.0
20.01.1989	0.44	160.0	70.0
31.01.1989	0.45	150.0	68.0
10.02.1989	0.41	160.0	66.0
20.02.1989	0.46	160.0	74.0
28.02.1989	0.42	150.0	63.0
10.03.1989	0.44	150.0	66.0
20.03.1989	0.45	150.0	68.0
25.03.1989	0.52	140.0	73.0
31.03.1989	0.46	140.0	64.0
05.04.1989	0.41	200.0	82.0
10.04.1989	0.43	200.0	86.0
15.04.1989	0.36	250.0	90.0
30.09.1989	0.22	70.0	15.0
20.10.1989	0.2	70.0	14.0
31.10.1989	0.23	110.0	25.0
10.11.1989	0.31	110.0	34.0
20.11.1989	0.33	120.0	40.0
30.11.1989	0.33	150.0	50.0
10.12.1989	0.36	130.0	47.0
20.12.1989	0.39	150.0	59.0
31.12.1989	0.37	150.0	56.0
10.01.1990	0.37	160.0	59.0
20.01.1990	0.36	160.0	58.0
31.01.1990	0.39	160.0	62.0
10.02.1990	0.41	160.0	66.0
20.02.1990	0.42	170.0	71.0
28.02.1990	0.45	180.0	81.0
10.03.1990	0.5	180.0	90.0
20.03.1990	0.41	180.0	74.0
25.03.1990	0.43	180.0	77.0
31.03.1990	0.31	200.0	62.0
05.04.1990	0.25	230.0	58.0
10.04.1990	0.19	250.0	48.0
15.04.1990	0.22	250.0	55.0
30.04.1990	0.23	150.0	35.0
10.10.1990	0.21	160.0	34.0
31.10.1990	0.12	180.0	22.0
10.11.1990	0.29	140.0	41.0
20.11.1990	0.44	140.0	62.0
30.11.1990	0.45	160.0	72.0
10.12.1990	0.52	160.0	83.0
20.12.1990	0.49	160.0	78.0
31.12.1990	0.51	200.0	102.0
10.01.1991	0.49	200.0	98.0
20.01.1991	0.48	200.0	96.0
31.01.1991	0.5	200.0	100.0
10.02.1991	0.49	190.0	93.0
20.02.1991	0.52	220.0	114.0
28.02.1991	0.55	220.0	121.0
10.03.1991	0.54	220.0	119.0
20.03.1991	0.58	220.0	128.0
25.03.1991	0.58	220.0	128.0
31.03.1991	0.56	230.0	129.0
05.04.1991	0.57	230.0	131.0
10.04.1991	0.5	240.0	120.0
15.04.1991	0.36	260.0	94.0
20.04.1991	0.31	260.0	81.0
25.04.1991	0.41	270.0	111.0
30.04.1991	0.42	270.0	113.0
05.05.1991	0.22	280.0	62.0
25.05.1991	0.17	300.0	51.0
10.12.1991	0.36	140.0	50.0
20.12.1991	0.4	140.0	56.0
31.12.1991	0.4	140.0	56.0
10.01.1992	0.4	170.0	68.0
20.01.1992	0.39	170.0	66.0
31.01.1992	0.4	180.0	72.0
10.02.1992	0.41	180.0	74.0
20.02.1992	0.42	180.0	76.0
29.02.1992	0.42	180.0	76.0
10.03.1992	0.42	190.0	80.0
20.03.1992	0.45	190.0	86.0
25.03.1992	0.47	190.0	89.0
31.03.1992	0.48	200.0	96.0
05.04.1992	0.5	220.0	110.0
10.04.1992	0.46	220.0	101.0
15.04.1992	0.41	220.0	90.0
20.04.1992	0.25	220.0	55.0
20.05.1992	0.05	200.0	10.0
31.10.1992	0.11	90.0	10.0
10.11.1992	0.12	100.0	12.0
20.11.1992	0.17	120.0	20.0
30.11.1992	0.18	120.0	22.0
10.12.1992	0.23	120.0	28.0
20.12.1992	0.25	130.0	33.0
31.12.1992	0.26	130.0	34.0
10.01.1993	0.28	130.0	36.0
20.01.1993	0.28	140.0	39.0
31.01.1993	0.28	140.0	39.0
10.02.1993	0.32	150.0	48.0
20.02.1993	0.3	150.0	45.0
28.02.1993	0.3	170.0	51.0
10.03.1993	0.33	170.0	56.0
20.03.1993	0.3	180.0	54.0
25.03.1993	0.32	180.0	58.0
31.03.1993	0.31	190.0	59.0
05.04.1993	0.27	190.0	51.0
10.04.1993	0.23	200.0	46.0
25.04.1993	0.07	120.0	8.0
20.10.1993	0.19	160.0	30.0
31.10.1993	0.15	240.0	36.0
10.11.1993	0.18	210.0	38.0
20.11.1993	0.24	140.0	34.0
30.11.1993	0.29	150.0	44.0
10.12.1993	0.29	180.0	52.0
20.12.1993	0.34	180.0	61.0
31.12.1993	0.32	210.0	67.0
10.01.1994	0.35	200.0	70.0
20.01.1994	0.37	200.0	74.0
31.01.1994	0.34	200.0	68.0
10.02.1994	0.37	200.0	74.0
20.02.1994	0.35	200.0	70.0
28.02.1994	0.39	200.0	78.0
10.03.1994	0.38	200.0	76.0
20.03.1994	0.37	200.0	74.0
25.03.1994	0.39	200.0	78.0
31.03.1994	0.38	200.0	76.0
05.04.1994	0.5	130.0	65.0
10.04.1994	0.44	160.0	70.0
15.04.1994	0.45	160.0	72.0
20.04.1994	0.45	170.0	77.0
25.04.1994	0.32	190.0	61.0
10.10.1994	0.11	120.0	13.0
20.10.1994	0.08	120.0	10.0
31.10.1994	0.21	160.0	34.0
10.11.1994	0.6	140.0	84.0
20.11.1994	0.51	150.0	77.0
30.11.1994	0.55	150.0	83.0
10.12.1994	0.52	170.0	88.0
20.12.1994	0.52	180.0	94.0
31.12.1994	0.51	170.0	87.0
10.01.1995	0.53	190.0	101.0
20.01.1995	0.55	190.0	105.0
31.01.1995	0.66	190.0	125.0
10.02.1995	0.65	190.0	124.0
20.02.1995	0.65	200.0	130.0
28.02.1995	0.66	200.0	132.0
10.03.1995	0.64	200.0	128.0
20.03.1995	0.68	210.0	143.0
25.03.1995	0.69	220.0	152.0
31.03.1995	0.65	220.0	143.0
05.04.1995	0.69	220.0	152.0
10.04.1995	0.71	220.0	156.0
15.04.1995	0.69	230.0	159.0
20.04.1995	0.66	230.0	152.0
25.04.1995	0.64	240.0	154.0
30.04.1995	0.39	220.0	86.0
05.05.1995	0.26	220.0	57.0
31.10.1995	0.06	90.0	5.0
10.11.1995	0.11	130.0	14.0
20.11.1995	0.24	130.0	31.0
30.11.1995	0.22	130.0	29.0
10.12.1995	0.23	140.0	32.0
20.12.1995	0.24	140.0	34.0
31.12.1995	0.23	150.0	35.0
10.01.1996	0.28	150.0	42.0
20.01.1996	0.29	150.0	44.0
31.01.1996	0.3	150.0	45.0
10.02.1996	0.29	150.0	44.0
20.02.1996	0.33	150.0	50.0
29.02.1996	0.33	160.0	53.0
10.03.1996	0.32	160.0	51.0
20.03.1996	0.31	160.0	50.0
25.03.1996	0.36	150.0	54.0
31.03.1996	0.33	150.0	50.0
05.04.1996	0.29	160.0	46.0
10.04.1996	0.22	170.0	37.0
15.04.1996	0.1	140.0	14.0
25.04.1996	0.08	100.0	8.0
10.10.1996	0.27	120.0	32.0
20.10.1996	0.21	180.0	38.0
31.10.1996	0.28	170.0	48.0
10.11.1996	0.31	200.0	62.0
20.11.1996	0.34	200.0	68.0
30.11.1996	0.3	200.0	60.0
10.12.1996	0.32	200.0	64.0
20.12.1996	0.4	200.0	80.0
31.12.1996	0.39	200.0	78.0
10.01.1997	0.39	200.0	78.0
20.01.1997	0.43	180.0	77.0
31.01.1997	0.45	200.0	90.0
10.02.1997	0.45	200.0	90.0
10.03.1997	0.48	200.0	96.0
05.04.1997	0.48	210.0	101.0
10.05.1997	0.08	220.0	18.0
10.10.1997	0.12	70.0	8.0
10.11.1997	0.28	130.0	36.0
10.12.1997	0.44	160.0	70.0
10.01.1998	0.5	160.0	80.0
10.02.1998	0.53	170.0	90.0
10.03.1998	0.58	180.0	104.0
05.04.1998	0.61	210.0	128.0
10.10.1998	0.04	190.0	8.0
10.11.1998	0.32	180.0	58.0
10.12.1998	0.38	190.0	72.0
10.01.1999	0.48	190.0	91.0
10.02.1999	0.52	200.0	104.0
10.03.1999	0.52	200.0	104.0
05.04.1999	0.59	220.0	130.0
05.05.1999	0.28	290.0	81.0
31.10.1999	0.42	100.0	42.0
10.11.1999	0.32	110.0	35.0
10.12.1999	0.43	160.0	69.0
10.01.2000	0.43	190.0	82.0
10.02.2000	0.41	210.0	86.0
10.03.2000	0.41	220.0	90.0
05.04.2000	0.39	250.0	98.0
10.10.2000	0.09	120.0	11.0
10.11.2000	-999.0	-999.0	-999.0
10.12.2000	0.42	200.0	84.0
10.01.2001	0.45	200.0	90.0
10.02.2001	0.5	200.0	100.0
10.03.2001	0.5	210.0	105.0
05.04.2001	0.56	230.0	129.0
30.09.2001	0.08	100.0	8.0
20.10.2001	0.05	-999.0	-999.0
10.11.2001	0.37	130.0	48.0
10.12.2001	0.41	160.0	66.0
20.12.2001	0.38	160.0	61.0
30.12.2001	0.4	170.0	68.0
10.01.2002	0.41	180.0	74.0
10.02.2002	0.42	200.0	84.0
10.03.2002	0.49	200.0	98.0
05.04.2002	0.49	210.0	103.0
20.10.2002	0.14	110.0	15.0
10.11.2002	0.13	130.0	17.0
10.12.2002	0.28	160.0	45.0
10.01.2003	0.31	160.0	50.0
20.01.2003	0.31	160.0	50.0
31.01.2003	0.36	160.0	58.0
10.02.2003	0.36	160.0	58.0
10.03.2003	0.37	170.0	63.0
05.04.2003	0.28	190.0	53.0
10.04.2003	0.18	190.0	34.0
15.04.2003	0.02	-999.0	-999.0
30.04.2003	0.02	-999.0	-999.0
20.10.2003	0.11	180.0	20.0
10.11.2003	0.36	140.0	50.0
10.12.2003	0.42	170.0	71.0
10.01.2004	0.48	170.0	82.0
10.02.2004	0.43	180.0	77.0
10.03.2004	0.46	190.0	87.0
05.04.2004	0.47	220.0	103.0
15.05.2004	0.28	130.0	36.0
20.10.2004	0.09	160.0	14.0
10.11.2004	0.29	130.0	38.0
10.12.2004	0.55	160.0	88.0
10.01.2005	0.53	190.0	101.0
10.02.2005	0.56	200.0	112.0
10.03.2005	0.59	210.0	124.0
05.04.2005	0.55	210.0	116.0
05.05.2005	0.15	240.0	36.0
20.10.2005	0.2	130.0	26.0
10.11.2005	0.44	140.0	62.0
10.12.2005	0.44	170.0	75.0
10.01.2006	0.43	180.0	77.0
10.02.2006	0.5	190.0	95.0
10.03.2006	0.53	200.0	106.0
05.04.2006	0.6	200.0	120.0
05.05.2006	0.11	170.0	19.0
20.10.2006	0.09	110.0	10.0
31.10.2006	0.25	150.0	38.0
10.11.2006	0.36	150.0	54.0
20.11.2006	0.35	150.0	53.0
30.11.2006	0.39	160.0	62.0
10.12.2006	0.39	160.0	62.0
20.12.2006	0.43	170.0	73.0
30.12.2006	0.45	170.0	77.0
10.01.2007	0.47	170.0	80.0
20.01.2007	0.46	170.0	78.0
31.01.2007	0.46	170.0	78.0
10.02.2007	0.5	180.0	90.0
20.02.2007	0.54	180.0	97.0
28.02.2007	0.59	180.0	106.0
10.03.2007	0.59	180.0	106.0
20.03.2007	0.57	190.0	108.0
31.03.2007	0.54	200.0	108.0
05.04.2007	0.52	200.0	104.0
10.04.2007	0.47	210.0	99.0
15.04.2007	0.47	210.0	99.0
20.04.2007	0.39	220.0	86.0
25.04.2007	0.3	220.0	66.0
30.04.2007	0.25	270.0	68.0
31.10.2007	0.12	120.0	14.0
10.11.2007	0.37	120.0	44.0
20.11.2007	0.38	140.0	53.0
30.11.2007	0.45	140.0	63.0
10.12.2007	0.45	150.0	68.0
20.12.2007	0.43	160.0	69.0
30.12.2007	0.41	160.0	66.0
10.01.2008	0.44	160.0	70.0
20.01.2008	0.42	160.0	67.0
31.01.2008	0.46	160.0	74.0
10.02.2008	0.46	170.0	78.0
20.02.2008	0.44	170.0	75.0
29.02.2008	0.44	170.0	75.0
10.03.2008	0.5	170.0	85.0
20.03.2008	0.54	170.0	92.0
25.03.2008	0.53	180.0	95.0
31.03.2008	0.47	200.0	94.0
05.04.2008	0.39	210.0	82.0
10.04.2008	0.45	230.0	104.0
15.04.2008	0.35	260.0	91.0
25.04.2008	0.07	160.0	11.0
20.10.2008	0.13	140.0	18.0
31.10.2008	0.35	150.0	53.0
10.11.2008	0.46	140.0	64.0
20.11.2008	0.46	150.0	69.0
30.11.2008	0.5	150.0	75.0
10.12.2008	0.69	180.0	124.0
20.12.2008	0.75	180.0	135.0
30.12.2008	0.72	200.0	144.0
10.01.2009	0.7	210.0	147.0
20.01.2009	0.69	210.0	145.0
31.01.2009	0.69	210.0	145.0
10.02.2009	0.66	210.0	139.0
20.02.2009	0.64	210.0	134.0
28.02.2009	0.64	210.0	134.0
10.03.2009	0.71	210.0	149.0
20.03.2009	0.76	210.0	160.0
25.03.2009	0.75	210.0	158.0
31.03.2009	0.76	210.0	160.0
05.04.2009	0.76	210.0	160.0
10.04.2009	0.79	220.0	174.0
15.04.2009	0.87	220.0	191.0
20.04.2009	0.77	220.0	169.0
25.04.2009	0.73	220.0	161.0
30.04.2009	0.46	230.0	106.0
31.10.2009	0.27	120.0	32.0
10.11.2009	0.43	130.0	56.0
20.11.2009	0.38	130.0	49.0
30.11.2009	0.42	150.0	63.0
10.12.2009	0.42	150.0	63.0
20.12.2009	0.46	170.0	78.0
30.12.2009	0.47	170.0	80.0
10.01.2010	0.45	170.0	77.0
20.01.2010	0.47	170.0	80.0
31.01.2010	0.49	170.0	83.0
10.02.2010	0.49	170.0	83.0
20.02.2010	0.49	180.0	88.0
28.02.2010	0.49	180.0	88.0
10.03.2010	0.51	180.0	92.0
20.03.2010	0.49	190.0	93.0
25.03.2010	0.47	190.0	89.0
31.03.2010	0.47	190.0	89.0
05.04.2010	0.52	170.0	88.0
10.04.2010	0.84	170.0	143.0
15.04.2010	0.55	200.0	110.0
20.04.2010	0.46	200.0	92.0
25.04.2010	0.4	210.0	84.0
30.09.2010	0.17	80.0	14.0
20.10.2010	0.13	150.0	20.0
31.10.2010	0.25	150.0	38.0
10.11.2010	0.26	150.0	39.0
20.11.2010	0.34	150.0	51.0
30.11.2010	0.43	150.0	65.0
10.12.2010	0.46	160.0	74.0
20.12.2010	0.48	160.0	77.0
30.12.2010	0.53	160.0	85.0
10.01.2011	0.54	170.0	92.0
20.01.2011	0.53	170.0	90.0
31.01.2011	0.53	170.0	90.0
10.02.2011	0.55	170.0	94.0
20.02.2011	0.58	180.0	104.0
28.02.2011	0.59	180.0	106.0
10.03.2011	0.59	190.0	112.0
20.03.2011	0.63	190.0	120.0
25.03.2011	0.61	190.0	116.0
31.03.2011	0.53	200.0	106.0
05.04.2011	0.54	210.0	113.0
10.04.2011	0.64	210.0	134.0
15.04.2011	0.6	230.0	138.0
20.04.2011	0.53	240.0	127.0
25.04.2011	0.45	240.0	108.0
30.04.2011	0.28	240.0	67.0
20.09.2011	0.06	90.0	5.0
10.10.2011	0.11	120.0	13.0
20.10.2011	0.07	170.0	12.0
31.10.2011	0.17	160.0	27.0
10.11.2011	0.25	200.0	50.0
20.11.2011	0.28	200.0	56.0
30.11.2011	0.32	190.0	61.0
10.12.2011	0.33	190.0	63.0
20.12.2011	0.34	200.0	68.0
30.12.2011	0.36	200.0	72.0
10.01.2012	0.36	-999.0	-999.0
20.01.2012	0.36	-999.0	-999.0
31.01.2012	0.43	170.0	73.0
10.02.2012	0.43	180.0	77.0
20.02.2012	0.43	180.0	77.0
29.02.2012	0.44	180.0	79.0
10.03.2012	0.43	180.0	77.0
20.03.2012	0.48	170.0	82.0
25.03.2012	0.48	170.0	82.0
31.03.2012	0.47	170.0	80.0
05.04.2012	0.45	180.0	81.0
10.04.2012	0.45	190.0	86.0
15.04.2012	0.56	180.0	101.0
20.04.2012	0.4	200.0	80.0
20.10.2012	0.18	100.0	18.0
31.10.2012	0.16	160.0	26.0
10.11.2012	0.2	160.0	32.0
20.11.2012	0.22	150.0	33.0
30.11.2012	0.24	170.0	41.0
10.12.2012	0.46	150.0	69.0
20.12.2012	0.39	150.0	59.0
30.12.2012	0.42	160.0	67.0
10.01.2013	0.42	160.0	67.0
20.01.2013	0.38	170.0	65.0
31.01.2013	0.42	170.0	71.0
10.02.2013	0.45	170.0	77.0
20.02.2013	0.47	170.0	80.0
28.02.2013	0.44	180.0	79.0
10.03.2013	0.55	170.0	94.0
20.03.2013	0.55	180.0	99.0
25.03.2013	0.54	180.0	97.0
31.03.2013	0.52	180.0	94.0
05.04.2013	0.51	180.0	92.0
10.04.2013	0.56	190.0	106.0
15.04.2013	0.47	190.0	89.0
20.04.2013	0.5	200.0	100.0
25.04.2013	0.42	220.0	92.0
20.10.2013	0.25	160.0	40.0
31.10.2013	0.32	160.0	51.0
10.11.2013	0.36	170.0	61.0
20.11.2013	0.41	180.0	74.0
30.11.2013	0.45	180.0	81.0
10.12.2013	0.48	180.0	86.0
20.12.2013	0.47	170.0	80.0
30.12.2013	0.48	170.0	82.0
10.01.2014	0.48	180.0	86.0
20.01.2014	0.49	180.0	88.0
31.01.2014	0.54	180.0	97.0
10.02.2014	0.49	170.0	83.0
20.02.2014	0.5	180.0	90.0
28.02.2014	0.73	170.0	124.0
10.03.2014	0.64	170.0	109.0
20.03.2014	0.62	170.0	105.0
25.03.2014	0.6	190.0	114.0
31.03.2014	0.68	190.0	129.0
05.04.2014	0.64	190.0	122.0
10.04.2014	0.59	210.0	124.0
15.04.2014	0.5	210.0	105.0
20.04.2014	0.43	220.0	95.0
05.05.2014	0.04	160.0	6.0
10.10.2014	0.05	130.0	7.0
20.10.2014	0.26	160.0	42.0
31.10.2014	0.28	150.0	42.0
10.11.2014	0.38	170.0	65.0
20.11.2014	0.41	170.0	70.0
30.11.2014	0.48	170.0	82.0
10.12.2014	0.5	150.0	75.0
20.12.2014	0.52	160.0	83.0
30.12.2014	0.52	160.0	83.0
10.01.2015	0.54	160.0	86.0
20.01.2015	0.52	170.0	88.0
31.01.2015	0.51	170.0	87.0
10.02.2015	0.52	170.0	88.0
20.02.2015	0.53	170.0	90.0
28.02.2015	0.49	190.0	93.0
10.03.2015	0.53	170.0	90.0
20.03.2015	0.59	180.0	106.0
25.03.2015	0.55	190.0	105.0
31.03.2015	0.66	180.0	119.0
05.04.2015	0.61	180.0	110.0
10.04.2015	0.55	190.0	105.0
15.04.2015	0.6	170.0	102.0
20.04.2015	0.39	190.0	74.0
25.04.2015	0.37	260.0	96.0
05.05.2015	0.22	150.0	33.0
20.10.2015	0.14	170.0	24.0
31.10.2015	0.19	170.0	32.0
10.11.2015	0.24	180.0	43.0
20.11.2015	0.35	180.0	63.0
30.11.2015	0.36	180.0	65.0
10.12.2015	0.41	180.0	74.0
20.12.2015	0.42	180.0	76.0
30.12.2015	0.42	180.0	76.0
10.01.2016	0.43	180.0	77.0
20.01.2016	0.44	180.0	79.0
31.01.2016	0.42	180.0	76.0
10.02.2016	0.45	170.0	77.0
20.02.2016	0.54	170.0	92.0
29.02.2016	0.52	170.0	88.0
10.03.2016	0.55	180.0	99.0
20.03.2016	0.56	180.0	101.0
25.03.2016	0.53	180.0	95.0
31.03.2016	0.53	210.0	111.0
05.04.2016	0.54	210.0	113.0
10.04.2016	0.54	210.0	113.0
15.04.2016	0.5	220.0	110.0
20.04.2016	0.47	210.0	99.0
25.04.2016	0.5	240.0	120.0
30.04.2016	0.3	250.0	75.0
20.10.2016	0.16	120.0	19.0
31.10.2016	0.22	120.0	26.0
10.11.2016	0.22	120.0	26.0
20.11.2016	0.25	120.0	30.0
30.11.2016	0.26	130.0	34.0
10.12.2016	0.36	130.0	47.0
20.12.2016	0.37	130.0	48.0
30.12.2016	0.36	140.0	50.0
10.01.2017	0.42	130.0	55.0
20.01.2017	0.43	130.0	56.0
31.01.2017	0.45	140.0	63.0
10.02.2017	0.45	150.0	68.0
20.02.2017	0.43	150.0	65.0
28.02.2017	0.51	150.0	77.0
10.03.2017	0.51	150.0	77.0
20.03.2017	0.47	150.0	71.0
25.03.2017	0.49	160.0	78.0
31.03.2017	0.47	160.0	75.0
05.04.2017	0.56	180.0	101.0
10.04.2017	0.59	180.0	106.0
15.04.2017	0.63	190.0	120.0
20.04.2017	0.6	180.0	108.0
25.04.2017	0.49	210.0	103.0
30.04.2017	0.37	200.0	74.0
10.10.2017	0.16	190.0	30.0
20.10.2017	0.17	160.0	27.0
31.10.2017	0.24	180.0	43.0
10.11.2017	0.25	180.0	45.0
20.11.2017	0.29	190.0	55.0
30.11.2017	0.35	170.0	60.0
10.12.2017	0.32	170.0	54.0
20.12.2017	0.36	170.0	61.0
30.12.2017	0.38	170.0	65.0
10.01.2018	0.38	170.0	65.0
20.01.2018	0.41	170.0	70.0
31.01.2018	0.42	170.0	71.0
10.02.2018	0.42	170.0	71.0
20.02.2018	0.43	180.0	77.0
28.02.2018	0.41	180.0	74.0
10.03.2018	0.41	180.0	74.0
20.03.2018	0.51	170.0	87.0
25.03.2018	0.55	180.0	99.0
31.03.2018	0.61	170.0	104.0
05.04.2018	0.6	190.0	114.0
10.04.2018	0.58	190.0	110.0
15.04.2018	0.55	190.0	105.0
20.04.2018	0.29	210.0	61.0
10.10.2018	0.02	-999.0	-999.0
31.10.2018	0.13	160.0	21.0
10.11.2018	0.13	130.0	17.0
20.11.2018	0.22	130.0	29.0
30.11.2018	0.39	120.0	47.0
10.12.2018	0.48	130.0	62.0
20.12.2018	0.47	160.0	75.0
30.12.2018	0.45	150.0	68.0
