date	SS4	S2	S1
10.01.1966	0.56	150.0	84.0
20.01.1966	0.54	160.0	86.0
31.01.1966	0.61	150.0	91.0
10.02.1966	0.61	160.0	98.0
20.02.1966	0.68	170.0	116.0
28.02.1966	0.7	170.0	119.0
10.03.1966	0.74	170.0	126.0
20.03.1966	0.71	180.0	128.0
31.03.1966	0.7	190.0	133.0
10.04.1966	0.69	190.0	131.0
20.04.1966	0.65	210.0	136.0
25.04.1966	0.63	220.0	139.0
30.04.1966	0.6	220.0	132.0
05.05.1966	0.59	220.0	130.0
10.05.1966	0.48	240.0	115.0
15.05.1966	0.38	260.0	-999.0
10.10.1966	0.04	0.0	-999.0
20.10.1966	0.05	130.0	6.0
31.10.1966	0.12	110.0	13.0
10.11.1966	0.15	110.0	16.0
20.11.1966	0.25	130.0	32.0
30.11.1966	0.36	130.0	47.0
10.12.1966	0.4	160.0	64.0
20.12.1966	0.4	160.0	64.0
31.12.1966	0.38	160.0	61.0
10.01.1967	0.47	160.0	75.0
20.01.1967	0.53	150.0	80.0
31.01.1967	0.55	150.0	82.0
10.02.1967	0.57	170.0	97.0
20.02.1967	0.58	170.0	90.0
28.02.1967	0.59	160.0	94.0
10.03.1967	0.57	180.0	103.0
20.03.1967	0.68	170.0	107.0
31.03.1967	0.61	180.0	110.0
10.04.1967	0.6	180.0	108.0
20.04.1967	0.57	180.0	103.0
25.04.1967	0.64	170.0	109.0
30.04.1967	0.66	180.0	119.0
05.05.1967	0.33	260.0	86.0
10.05.1967	0.05	290.0	14.0
10.10.1967	0.09	200.0	18.0
20.10.1967	0.12	180.0	22.0
31.10.1967	0.16	140.0	22.0
10.11.1967	0.2	120.0	24.0
20.11.1967	0.19	140.0	27.0
30.11.1967	0.24	140.0	34.0
10.12.1967	0.26	150.0	39.0
20.12.1967	0.29	150.0	44.0
31.12.1967	0.39	160.0	62.0
10.01.1968	0.46	150.0	69.0
20.01.1968	0.52	160.0	83.0
31.01.1968	0.52	180.0	94.0
10.02.1968	0.57	180.0	103.0
20.02.1968	0.59	190.0	112.0
29.02.1968	0.56	200.0	112.0
10.03.1968	0.56	190.0	106.0
20.03.1968	0.65	180.0	117.0
31.03.1968	0.62	190.0	118.0
10.04.1968	0.61	200.0	122.0
20.04.1968	0.59	210.0	124.0
25.04.1968	0.58	210.0	122.0
30.04.1968	0.56	210.0	118.0
05.05.1968	0.59	210.0	124.0
10.05.1968	0.5	260.0	130.0
15.05.1968	0.26	300.0	78.0
20.05.1968	0.06	350.0	21.0
20.10.1968	0.12	900.0	11.0
20.11.1968	0.21	120.0	25.0
20.12.1968	0.27	150.0	40.0
20.01.1969	0.65	130.0	84.0
10.02.1969	0.63	150.0	94.0
20.02.1969	0.61	160.0	98.0
28.02.1969	0.62	160.0	-999.0
10.03.1969	0.63	170.0	107.0
20.03.1969	0.6	190.0	114.0
31.03.1969	0.61	200.0	122.0
10.04.1969	0.6	200.0	120.0
20.04.1969	0.56	200.0	112.0
25.04.1969	0.54	210.0	113.0
30.04.1969	0.57	200.0	114.0
05.05.1969	0.52	210.0	109.0
10.05.1969	0.52	210.0	109.0
15.05.1969	0.35	240.0	84.0
20.05.1969	0.16	320.0	51.0
20.10.1969	0.15	120.0	18.0
20.11.1969	0.31	140.0	43.0
20.12.1969	0.4	130.0	52.0
20.11.1970	0.4	130.0	52.0
20.12.1970	0.47	130.0	61.0
20.01.1971	0.58	150.0	87.0
20.02.1971	0.67	150.0	100.0
10.03.1971	0.66	170.0	112.0
20.03.1971	0.68	170.0	116.0
31.03.1971	0.63	180.0	113.0
10.04.1971	0.61	200.0	122.0
20.04.1971	0.59	220.0	130.0
25.04.1971	0.53	220.0	117.0
30.04.1971	0.45	230.0	104.0
20.10.1971	0.22	110.0	24.0
20.11.1971	0.36	150.0	54.0
20.12.1971	0.35	150.0	52.0
20.01.1972	0.53	160.0	85.0
10.02.1972	0.6	170.0	102.0
20.02.1972	0.6	180.0	108.0
29.02.1972	0.66	170.0	112.0
10.03.1972	0.66	190.0	125.0
20.03.1972	0.62	190.0	118.0
31.03.1972	0.63	200.0	126.0
10.04.1972	0.6	220.0	132.0
20.04.1972	0.58	210.0	122.0
25.04.1972	0.58	210.0	122.0
30.04.1972	0.58	210.0	122.0
05.05.1972	0.52	210.0	109.0
10.05.1972	0.46	210.0	97.0
15.05.1972	0.08	310.0	25.0
20.11.1972	0.28	140.0	39.0
20.12.1972	0.42	150.0	63.0
20.01.1973	0.62	160.0	-999.0
10.02.1973	0.64	180.0	115.0
20.02.1973	0.66	180.0	119.0
28.02.1973	0.69	180.0	124.0
10.03.1973	0.64	190.0	122.0
20.03.1973	0.64	190.0	122.0
31.03.1973	0.62	210.0	130.0
10.04.1973	0.6	200.0	120.0
20.04.1973	0.64	190.0	122.0
25.04.1973	0.59	190.0	112.0
30.04.1973	0.55	190.0	104.0
05.05.1973	0.52	210.0	109.0
10.05.1973	0.45	240.0	108.0
15.05.1973	0.22	250.0	55.0
20.10.1973	0.06	110.0	7.0
20.11.1973	0.39	130.0	51.0
20.12.1973	0.5	190.0	95.0
20.01.1974	0.56	180.0	101.0
10.02.1974	0.59	170.0	100.0
20.02.1974	0.61	180.0	110.0
28.02.1974	0.63	180.0	113.0
10.03.1974	0.62	180.0	112.0
20.03.1974	0.65	190.0	124.0
31.03.1974	0.63	190.0	120.0
10.04.1974	0.6	180.0	108.0
20.04.1974	0.62	200.0	124.0
25.04.1974	0.61	210.0	128.0
30.04.1974	0.55	190.0	104.0
05.05.1974	0.48	220.0	106.0
10.05.1974	0.46	240.0	110.0
15.05.1974	0.42	240.0	101.0
20.05.1974	0.39	250.0	98.0
10.10.1974	-999.0	0.0	0.0
20.10.1974	-999.0	0.0	0.0
31.10.1974	0.06	0.0	-999.0
10.11.1974	0.17	100.0	17.0
20.11.1974	0.18	140.0	25.0
30.11.1974	0.22	150.0	33.0
10.12.1974	0.22	150.0	33.0
20.12.1974	0.22	150.0	33.0
31.12.1974	0.21	160.0	34.0
10.01.1975	0.22	150.0	33.0
20.01.1975	0.24	170.0	41.0
31.01.1975	0.31	170.0	53.0
10.02.1975	0.39	160.0	62.0
20.02.1975	0.4	170.0	68.0
28.02.1975	0.41	170.0	70.0
10.03.1975	0.41	160.0	66.0
20.03.1975	0.44	180.0	79.0
31.03.1975	0.41	170.0	70.0
10.04.1975	0.43	180.0	77.0
20.04.1975	0.45	170.0	76.0
25.04.1975	0.45	180.0	81.0
30.04.1975	0.43	180.0	77.0
05.05.1975	0.42	180.0	76.0
10.05.1975	0.37	200.0	74.0
15.05.1975	0.27	210.0	57.0
20.10.1975	0.04	0.0	-999.0
31.10.1975	0.21	110.0	23.0
10.11.1975	0.2	150.0	30.0
20.11.1975	0.25	180.0	45.0
30.11.1975	0.34	200.0	68.0
10.12.1975	0.4	220.0	88.0
20.12.1975	0.42	230.0	97.0
31.12.1975	0.42	240.0	101.0
10.01.1976	0.5	250.0	125.0
20.01.1976	0.5	260.0	130.0
31.01.1976	0.52	270.0	140.0
10.02.1976	0.54	250.0	135.0
20.02.1976	0.56	260.0	146.0
29.02.1976	0.69	230.0	159.0
10.03.1976	0.71	230.0	163.0
20.03.1976	0.71	230.0	163.0
31.03.1976	0.69	240.0	166.0
10.04.1976	0.67	240.0	161.0
20.04.1976	0.65	240.0	156.0
25.04.1976	0.64	240.0	154.0
30.04.1976	0.63	250.0	158.0
05.05.1976	0.64	250.0	160.0
10.05.1976	0.59	250.0	148.0
15.05.1976	0.54	270.0	146.0
20.05.1976	0.5	270.0	135.0
25.05.1976	0.33	280.0	92.0
10.10.1976	0.07	500.0	4.0
20.10.1976	0.14	800.0	11.0
31.10.1976	0.13	130.0	17.0
10.11.1976	0.18	110.0	20.0
20.11.1976	0.23	160.0	37.0
30.11.1976	0.22	170.0	37.0
10.12.1976	0.26	180.0	47.0
20.12.1976	0.26	180.0	47.0
20.01.1977	0.4	190.0	76.0
10.02.1977	0.49	170.0	83.0
20.02.1977	0.41	170.0	70.0
28.02.1977	0.51	170.0	87.0
10.03.1977	0.51	170.0	87.0
20.03.1977	0.51	180.0	92.0
31.03.1977	0.47	190.0	89.0
10.04.1977	0.44	200.0	88.0
20.04.1977	0.51	190.0	97.0
25.04.1977	0.49	190.0	93.0
30.04.1977	0.48	200.0	96.0
05.05.1977	0.42	210.0	88.0
10.05.1977	0.42	210.0	88.0
15.05.1977	0.33	220.0	73.0
20.05.1977	0.26	230.0	60.0
20.09.1977	0.06	120.0	7.0
20.10.1977	0.14	170.0	24.0
31.10.1977	0.15	180.0	27.0
10.11.1977	0.15	190.0	29.0
20.11.1977	0.14	190.0	27.0
30.11.1977	0.15	190.0	29.0
20.12.1977	0.27	180.0	49.0
20.01.1978	0.36	180.0	65.0
20.02.1978	0.39	190.0	74.0
28.02.1978	0.39	190.0	74.0
10.03.1978	0.38	190.0	72.0
20.03.1978	0.37	190.0	70.0
31.03.1978	0.37	190.0	70.0
10.04.1978	0.38	190.0	72.0
20.04.1978	0.4	190.0	76.0
25.04.1978	0.4	190.0	76.0
30.04.1978	0.39	190.0	74.0
05.05.1978	0.4	180.0	72.0
10.05.1978	0.32	210.0	67.0
15.05.1978	0.15	260.0	39.0
20.10.1978	0.07	300.0	21.0
30.11.1978	0.2	160.0	32.0
31.12.1978	0.25	220.0	55.0
20.01.1979	0.26	190.0	49.0
31.01.1979	0.35	150.0	53.0
10.02.1979	0.66	140.0	92.0
20.02.1979	0.63	150.0	95.0
28.02.1979	0.65	170.0	111.0
10.03.1979	0.61	220.0	134.0
20.03.1979	0.6	210.0	126.0
31.03.1979	0.58	190.0	110.0
10.04.1979	0.58	230.0	133.0
20.04.1979	0.57	250.0	143.0
25.04.1979	0.55	230.0	127.0
30.04.1979	0.54	230.0	124.0
05.05.1979	0.53	190.0	101.0
10.05.1979	0.48	250.0	120.0
15.05.1979	0.14	290.0	41.0
31.10.1979	0.18	70.0	13.0
11.12.1979	0.52	100.0	52.0
22.12.1979	0.58	100.0	58.0
31.12.1979	0.59	130.0	77.0
12.01.1980	0.6	140.0	84.0
22.01.1980	0.57	110.0	63.0
31.01.1980	0.64	120.0	77.0
10.02.1980	0.61	140.0	85.0
20.02.1980	0.62	150.0	93.0
29.02.1980	0.63	150.0	95.0
10.03.1980	0.64	160.0	102.0
20.03.1980	0.7	150.0	105.0
31.03.1980	0.7	170.0	119.0
10.04.1980	0.71	170.0	121.0
20.04.1980	0.66	210.0	139.0
25.04.1980	0.66	200.0	132.0
30.04.1980	0.66	210.0	139.0
05.05.1980	0.62	230.0	143.0
10.05.1980	0.48	280.0	134.0
15.05.1980	0.4	280.0	112.0
20.05.1980	0.18	330.0	59.0
20.10.1980	0.2	140.0	28.0
20.11.1980	0.29	150.0	44.0
20.12.1980	0.34	160.0	54.0
20.01.1981	0.39	160.0	62.0
10.02.1981	0.53	160.0	85.0
20.02.1981	0.55	170.0	94.0
28.02.1981	0.54	180.0	97.0
10.03.1981	0.52	190.0	-999.0
20.03.1981	0.59	210.0	124.0
31.03.1981	0.55	230.0	127.0
10.04.1981	0.55	230.0	127.0
20.04.1981	0.51	230.0	117.0
25.04.1981	0.52	250.0	130.0
30.04.1981	0.5	260.0	130.0
05.05.1981	0.49	260.0	127.0
10.05.1981	0.39	290.0	113.0
15.05.1981	0.02	320.0	6.0
20.05.1981	0.03	0.0	-999.0
20.10.1981	0.04	0.0	-999.0
20.11.1981	0.21	100.0	21.0
20.12.1981	0.22	110.0	24.0
20.01.1982	0.48	100.0	48.0
10.02.1982	0.5	130.0	65.0
20.02.1982	0.54	130.0	70.0
28.02.1982	0.69	140.0	97.0
10.03.1982	0.72	170.0	122.0
20.03.1982	0.7	180.0	126.0
31.03.1982	0.64	200.0	128.0
10.04.1982	0.71	220.0	156.0
20.04.1982	0.63	240.0	151.0
25.04.1982	0.53	240.0	127.0
30.04.1982	0.52	240.0	125.0
05.05.1982	0.53	200.0	106.0
10.05.1982	0.5	240.0	120.0
15.05.1982	0.48	250.0	120.0
20.05.1982	0.35	260.0	91.0
25.05.1982	0.01	0.0	-999.0
20.10.1982	0.1	80.0	8.0
20.11.1982	0.2	120.0	24.0
20.12.1982	0.4	140.0	56.0
20.01.1983	0.44	160.0	70.0
10.02.1983	0.47	170.0	80.0
20.02.1983	0.48	170.0	82.0
28.02.1983	0.46	180.0	83.0
10.03.1983	0.45	180.0	81.0
20.03.1983	0.47	180.0	85.0
31.03.1983	0.47	180.0	85.0
10.04.1983	0.45	190.0	86.0
20.04.1983	0.47	190.0	89.0
25.04.1983	0.47	190.0	89.0
30.04.1983	0.46	200.0	92.0
05.05.1983	0.44	210.0	92.0
10.05.1983	0.41	220.0	90.0
15.05.1983	0.22	250.0	55.0
20.10.1983	0.07	120.0	8.0
20.11.1983	0.17	110.0	19.0
20.12.1983	0.35	110.0	39.0
20.01.1984	0.55	150.0	83.0
10.02.1984	0.53	160.0	85.0
20.02.1984	0.51	170.0	87.0
29.02.1984	0.51	170.0	87.0
10.03.1984	0.53	170.0	90.0
20.03.1984	0.52	180.0	94.0
31.03.1984	0.51	180.0	92.0
10.04.1984	0.49	190.0	93.0
20.04.1984	0.46	200.0	92.0
25.04.1984	0.4	220.0	88.0
30.04.1984	0.35	230.0	81.0
05.05.1984	0.26	250.0	65.0
10.05.1984	0.1	280.0	28.0
20.10.1984	0.18	130.0	23.0
20.11.1984	0.37	160.0	59.0
20.12.1984	0.39	180.0	70.0
20.01.1985	0.5	180.0	90.0
20.02.1985	0.58	190.0	110.0
28.02.1985	0.59	200.0	118.0
10.03.1985	0.6	200.0	120.0
20.03.1985	0.61	200.0	122.0
31.03.1985	0.61	200.0	122.0
10.04.1985	0.63	210.0	132.0
20.04.1985	0.59	220.0	130.0
25.04.1985	0.59	220.0	130.0
30.04.1985	0.62	220.0	136.0
05.05.1985	0.63	220.0	139.0
10.05.1985	0.61	220.0	134.0
15.05.1985	0.56	230.0	129.0
20.05.1985	0.52	240.0	125.0
25.05.1985	0.24	280.0	67.0
20.10.1985	0.14	70.0	10.0
20.11.1985	0.26	130.0	34.0
20.12.1985	0.41	160.0	66.0
20.01.1986	0.43	160.0	69.0
20.02.1986	0.54	160.0	86.0
28.02.1986	0.54	160.0	86.0
10.03.1986	0.62	160.0	99.0
20.03.1986	0.63	160.0	101.0
31.03.1986	0.6	170.0	102.0
10.04.1986	0.58	180.0	104.0
20.04.1986	0.48	210.0	101.0
25.04.1986	0.45	220.0	99.0
30.04.1986	0.45	220.0	99.0
05.05.1986	0.41	230.0	94.0
10.05.1986	0.52	210.0	109.0
15.05.1986	0.31	250.0	78.0
09.10.1986	0.08	120.0	10.0
20.10.1986	0.17	100.0	17.0
20.11.1986	0.28	140.0	39.0
20.12.1986	0.35	150.0	53.0
20.01.1987	0.41	150.0	62.0
20.02.1987	0.44	160.0	70.0
28.02.1987	0.44	160.0	70.0
10.03.1987	0.55	150.0	83.0
20.03.1987	0.48	170.0	82.0
31.03.1987	0.5	170.0	85.0
10.04.1987	0.47	180.0	85.0
20.04.1987	0.45	190.0	86.0
25.04.1987	0.46	190.0	87.0
30.04.1987	0.45	190.0	86.0
05.05.1987	0.44	190.0	84.0
10.05.1987	0.35	210.0	74.0
15.05.1987	0.27	280.0	76.0
20.05.1987	0.14	290.0	41.0
16.10.1987	0.1	110.0	11.0
20.10.1987	0.12	110.0	13.0
20.11.1987	0.26	140.0	36.0
20.12.1987	0.34	140.0	48.0
20.01.1988	0.42	150.0	63.0
20.02.1988	0.48	160.0	77.0
29.02.1988	0.51	170.0	87.0
10.03.1988	0.51	170.0	87.0
20.03.1988	0.51	170.0	87.0
31.03.1988	0.48	180.0	86.0
10.04.1988	0.45	190.0	86.0
20.04.1988	0.51	190.0	97.0
25.04.1988	0.48	200.0	96.0
30.04.1988	0.47	200.0	94.0
05.05.1988	0.43	210.0	90.0
10.05.1988	0.38	230.0	85.0
15.05.1988	0.38	230.0	87.0
20.05.1988	0.23	280.0	64.0
20.10.1988	0.06	170.0	10.0
20.11.1988	0.16	150.0	24.0
20.12.1988	0.18	150.0	27.0
20.01.1989	0.29	170.0	49.0
20.02.1989	0.5	170.0	85.0
28.02.1989	0.52	170.0	88.0
10.03.1989	0.57	170.0	97.0
20.03.1989	0.54	180.0	97.0
31.03.1989	0.52	190.0	99.0
10.04.1989	0.64	180.0	115.0
20.04.1989	0.63	190.0	120.0
25.04.1989	0.63	190.0	120.0
30.04.1989	0.59	200.0	118.0
05.05.1989	0.56	210.0	118.0
10.05.1989	0.49	220.0	108.0
15.05.1989	0.41	230.0	94.0
20.05.1989	0.3	250.0	75.0
25.05.1989	0.03	-999.0	0.0
05.10.1989	0.04	120.0	5.0
20.10.1989	0.19	130.0	25.0
20.11.1989	0.21	150.0	32.0
20.12.1989	0.26	140.0	36.0
20.01.1990	0.33	150.0	50.0
20.02.1990	0.37	150.0	56.0
28.02.1990	0.39	150.0	59.0
10.03.1990	0.39	150.0	59.0
20.03.1990	0.38	160.0	61.0
31.03.1990	0.4	160.0	64.0
10.04.1990	0.36	180.0	65.0
20.04.1990	0.32	200.0	64.0
25.04.1990	0.24	260.0	62.0
30.04.1990	0.26	250.0	65.0
05.05.1990	0.14	250.0	35.0
20.05.1990	0.04	-999.0	-999.0
10.10.1990	0.04	-999.0	-999.0
20.10.1990	0.11	130.0	14.0
20.11.1990	0.34	140.0	48.0
20.12.1990	0.39	160.0	62.0
20.01.1991	0.42	160.0	67.0
20.02.1991	0.44	160.0	70.0
28.02.1991	0.46	160.0	74.0
10.03.1991	0.56	160.0	90.0
20.03.1991	0.54	170.0	92.0
31.03.1991	0.54	170.0	92.0
10.04.1991	0.55	170.0	94.0
20.04.1991	0.52	180.0	94.0
25.04.1991	0.52	180.0	94.0
30.04.1991	0.49	190.0	93.0
05.05.1991	0.41	220.0	90.0
10.05.1991	0.29	270.0	78.0
15.05.1991	0.14	280.0	39.0
20.05.1991	0.04	-999.0	-999.0
20.10.1991	0.16	140.0	22.0
20.11.1991	0.35	150.0	53.0
20.12.1991	0.43	150.0	65.0
20.01.1992	0.51	160.0	82.0
20.02.1992	0.59	160.0	94.0
29.02.1992	0.62	160.0	99.0
10.03.1992	0.62	160.0	99.0
20.03.1992	0.62	160.0	99.0
31.03.1992	0.59	170.0	100.0
10.04.1992	0.59	180.0	106.0
20.04.1992	0.56	190.0	106.0
25.04.1992	0.54	190.0	103.0
30.04.1992	0.41	230.0	94.0
05.05.1992	0.31	250.0	78.0
10.05.1992	0.21	270.0	57.0
15.05.1992	0.23	-999.0	-999.0
20.05.1992	0.03	-999.0	-999.0
20.10.1992	0.11	120.0	13.0
20.11.1992	0.32	120.0	38.0
20.12.1992	0.34	140.0	48.0
20.01.1993	0.45	150.0	68.0
20.02.1993	0.58	160.0	93.0
28.02.1993	0.59	160.0	94.0
10.03.1993	0.59	160.0	94.0
20.03.1993	0.58	170.0	99.0
31.03.1993	0.56	180.0	101.0
10.04.1993	0.55	180.0	99.0
20.04.1993	0.54	180.0	97.0
25.04.1993	0.59	170.0	100.0
30.04.1993	0.49	200.0	98.0
05.05.1993	0.45	210.0	95.0
10.05.1993	0.43	240.0	103.0
15.05.1993	0.39	260.0	101.0
20.05.1993	0.23	290.0	67.0
20.10.1993	0.13	60.0	8.0
20.11.1993	0.19	110.0	21.0
20.12.1993	0.28	130.0	36.0
20.01.1994	0.37	140.0	52.0
20.02.1994	0.49	150.0	74.0
28.02.1994	0.49	150.0	74.0
10.03.1994	0.46	160.0	74.0
20.03.1994	0.45	170.0	77.0
31.03.1994	0.45	170.0	77.0
10.04.1994	0.44	170.0	75.0
20.04.1994	0.43	170.0	73.0
25.04.1994	0.43	170.0	73.0
30.04.1994	0.43	170.0	73.0
05.05.1994	0.21	270.0	57.0
10.05.1994	0.07	80.0	2.0
20.10.1994	0.05	80.0	4.0
20.11.1994	0.19	100.0	19.0
20.12.1994	0.27	110.0	30.0
20.01.1995	0.37	130.0	48.0
20.02.1995	0.4	150.0	60.0
28.02.1995	0.4	150.0	60.0
10.03.1995	0.45	150.0	68.0
20.03.1995	0.46	160.0	74.0
31.03.1995	0.44	170.0	75.0
10.04.1995	0.44	170.0	75.0
20.04.1995	0.43	170.0	73.0
25.04.1995	0.41	180.0	74.0
30.04.1995	0.41	180.0	74.0
05.05.1995	0.39	190.0	74.0
10.05.1995	0.27	250.0	68.0
15.05.1995	0.07	290.0	20.0
20.10.1995	0.19	110.0	21.0
20.11.1995	0.18	130.0	23.0
20.12.1995	0.3	130.0	39.0
20.01.1996	0.35	140.0	49.0
20.02.1996	0.45	150.0	68.0
29.02.1996	0.45	150.0	68.0
10.03.1996	0.6	140.0	84.0
20.03.1996	0.56	150.0	84.0
31.03.1996	0.58	160.0	93.0
10.04.1996	0.55	170.0	94.0
20.04.1996	0.54	170.0	92.0
25.04.1996	0.51	180.0	92.0
30.04.1996	0.5	190.0	95.0
05.05.1996	0.53	190.0	101.0
10.05.1996	0.5	200.0	100.0
15.05.1996	0.32	250.0	80.0
20.05.1996	0.02	-999.0	-999.0
20.10.1996	0.05	-999.0	-999.0
20.11.1996	0.34	140.0	48.0
20.12.1996	0.43	150.0	65.0
20.01.1997	0.48	160.0	77.0
20.02.1997	0.52	170.0	88.0
10.03.1997	0.56	170.0	95.0
10.04.1997	0.62	180.0	112.0
05.05.1997	0.61	200.0	122.0
20.10.1997	0.06	100.0	6.0
20.11.1997	0.31	140.0	43.0
20.12.1997	0.34	150.0	51.0
20.01.1998	0.36	150.0	54.0
20.02.1998	0.41	150.0	62.0
20.03.1998	0.42	160.0	67.0
10.04.1998	0.47	160.0	75.0
10.05.1998	0.48	180.0	86.0
20.10.1998	0.27	110.0	30.0
20.11.1998	0.46	150.0	69.0
20.12.1998	0.49	160.0	78.0
20.01.1999	0.6	160.0	96.0
20.02.1999	0.62	170.0	105.0
20.03.1999	0.62	180.0	112.0
10.04.1999	0.65	180.0	117.0
10.05.1999	0.36	350.0	126.0
20.11.1999	0.22	120.0	26.0
20.12.1999	0.28	130.0	36.0
20.01.2000	0.4	140.0	56.0
20.02.2000	0.43	140.0	60.0
20.03.2000	0.44	170.0	75.0
10.04.2000	0.44	170.0	75.0
20.11.2000	0.12	90.0	11.0
20.12.2000	0.24	130.0	31.0
20.01.2001	0.37	130.0	48.0
20.02.2001	0.44	160.0	70.0
20.03.2001	0.45	160.0	72.0
10.04.2001	0.46	170.0	78.0
20.10.2001	0.23	130.0	30.0
20.11.2001	0.4	150.0	60.0
20.12.2001	0.47	170.0	80.0
20.01.2002	0.49	180.0	88.0
20.02.2002	0.56	180.0	101.0
20.03.2002	0.65	180.0	117.0
10.04.2002	0.57	190.0	108.0
10.05.2002	0.33	220.0	73.0
20.10.2002	0.04	-999.0	-999.0
20.11.2002	0.13	140.0	18.0
20.12.2002	0.31	130.0	40.0
20.01.2003	0.38	140.0	53.0
20.02.2003	0.43	150.0	65.0
20.03.2003	0.45	160.0	72.0
10.04.2003	0.44	160.0	70.0
20.11.2003	0.21	100.0	21.0
20.12.2003	0.28	130.0	36.0
20.01.2004	0.33	140.0	46.0
20.02.2004	0.42	140.0	59.0
20.03.2004	0.4	140.0	56.0
10.04.2004	0.4	140.0	56.0
20.04.2004	0.47	140.0	66.0
30.04.2004	0.44	160.0	70.0
10.05.2004	0.4	170.0	68.0
20.10.2004	0.13	110.0	14.0
20.11.2004	0.32	140.0	45.0
20.12.2004	0.42	140.0	59.0
20.01.2005	0.45	150.0	68.0
20.02.2005	0.49	160.0	78.0
20.03.2005	0.5	180.0	90.0
10.04.2005	0.49	180.0	88.0
20.10.2005	0.09	90.0	8.0
20.11.2005	0.19	100.0	19.0
20.12.2005	0.22	100.0	22.0
20.01.2006	0.23	110.0	25.0
20.02.2006	0.36	150.0	54.0
20.03.2006	0.46	170.0	78.0
10.04.2006	0.47	170.0	80.0
10.05.2006	0.2	200.0	40.0
20.10.2006	0.2	90.0	18.0
20.12.2006	0.44	140.0	62.0
20.01.2007	0.55	180.0	99.0
20.02.2007	0.65	180.0	117.0
20.03.2007	0.65	190.0	124.0
31.03.2007	0.66	190.0	125.0
10.04.2007	0.66	190.0	125.0
20.04.2007	0.66	190.0	125.0
30.04.2007	0.63	200.0	126.0
10.05.2007	0.39	190.0	74.0
20.10.2007	0.19	110.0	21.0
20.11.2007	0.32	120.0	38.0
20.12.2007	0.52	140.0	73.0
20.01.2008	0.53	150.0	80.0
20.02.2008	0.54	150.0	81.0
20.03.2008	0.53	160.0	85.0
31.03.2008	0.53	170.0	90.0
10.04.2008	0.51	170.0	87.0
20.04.2008	0.5	180.0	90.0
30.04.2008	0.48	190.0	91.0
10.05.2008	0.36	220.0	79.0
20.10.2008	0.12	100.0	12.0
20.11.2008	0.24	110.0	26.0
20.12.2008	0.3	120.0	36.0
20.01.2009	0.37	140.0	52.0
20.02.2009	0.43	160.0	69.0
20.03.2009	0.52	170.0	88.0
31.03.2009	0.52	170.0	88.0
10.04.2009	0.51	170.0	87.0
20.04.2009	0.47	180.0	85.0
30.04.2009	0.45	190.0	86.0
10.05.2009	0.27	200.0	-999.0
20.10.2009	0.15	110.0	17.0
20.11.2009	0.22	130.0	29.0
20.12.2009	0.38	140.0	53.0
20.01.2010	0.44	150.0	66.0
20.02.2010	0.45	160.0	72.0
20.03.2010	0.6	160.0	96.0
31.03.2010	0.6	170.0	102.0
10.04.2010	0.61	170.0	104.0
20.04.2010	0.6	180.0	108.0
30.04.2010	0.57	190.0	108.0
20.10.2010	0.1	90.0	9.0
20.11.2010	0.18	110.0	20.0
20.12.2010	0.31	120.0	37.0
20.01.2011	0.33	130.0	43.0
20.02.2011	0.39	150.0	59.0
20.03.2011	0.48	170.0	82.0
31.03.2011	0.49	170.0	83.0
10.04.2011	0.49	170.0	83.0
20.04.2011	0.45	170.0	77.0
30.04.2011	0.24	230.0	55.0
10.05.2011	0.13	240.0	31.0
20.10.2011	0.1	90.0	9.0
20.11.2011	0.32	100.0	32.0
20.12.2011	0.44	120.0	53.0
20.01.2012	0.47	140.0	66.0
20.02.2012	0.48	150.0	72.0
29.02.2012	0.48	150.0	72.0
10.03.2012	0.48	150.0	72.0
20.10.2012	0.09	80.0	7.0
20.11.2012	0.33	100.0	33.0
20.12.2012	0.37	120.0	44.0
20.01.2013	0.48	150.0	72.0
20.02.2013	0.47	160.0	75.0
28.02.2013	0.48	160.0	77.0
10.03.2013	0.51	180.0	92.0
20.03.2013	0.63	160.0	101.0
31.03.2013	0.56	190.0	106.0
10.04.2013	0.57	110.0	63.0
20.04.2013	0.49	180.0	88.0
30.04.2013	0.36	230.0	83.0
