date	SS4	S2	S1
10.01.1966	-999.0	-999.0	0.0
20.01.1966	0.55	220.0	121.0
31.01.1966	0.54	230.0	124.0
05.02.1966	-999.0	-999.0	0.0
10.02.1966	0.56	210.0	118.0
15.02.1966	-999.0	-999.0	0.0
20.02.1966	0.57	230.0	131.0
25.02.1966	-999.0	-999.0	0.0
28.02.1966	0.58	220.0	128.0
05.03.1966	-999.0	-999.0	0.0
10.03.1966	0.54	230.0	124.0
15.03.1966	0.55	210.0	116.0
20.03.1966	0.56	230.0	129.0
25.03.1966	0.51	230.0	117.0
31.03.1966	0.53	230.0	122.0
05.04.1966	0.51	240.0	122.0
10.04.1966	0.5	250.0	125.0
15.04.1966	0.52	240.0	125.0
20.04.1966	0.41	310.0	127.0
25.04.1966	0.45	310.0	140.0
30.04.1966	0.28	290.0	81.0
20.11.1966	0.21	180.0	38.0
20.12.1966	0.65	190.0	124.0
20.01.1967	0.56	250.0	140.0
05.02.1967	-999.0	-999.0	0.0
10.02.1967	-999.0	-999.0	0.0
15.02.1967	-999.0	-999.0	0.0
20.02.1967	0.61	250.0	153.0
25.02.1967	-999.0	-999.0	0.0
28.02.1967	0.59	230.0	136.0
05.03.1967	-999.0	-999.0	0.0
10.03.1967	0.52	230.0	120.0
15.03.1967	-999.0	-999.0	0.0
20.03.1967	0.55	280.0	154.0
25.03.1967	-999.0	-999.0	0.0
31.03.1967	0.45	250.0	113.0
10.04.1967	0.39	320.0	125.0
20.04.1967	0.36	240.0	86.0
25.04.1967	0.03	-999.0	-999.0
31.10.1967	0.22	90.0	20.0
20.11.1967	0.17	180.0	31.0
10.12.1967	0.51	160.0	82.0
20.12.1967	0.47	180.0	85.0
31.12.1967	-999.0	-999.0	0.0
10.01.1968	-999.0	-999.0	0.0
20.01.1968	0.56	220.0	123.0
31.01.1968	0.6	270.0	162.0
05.02.1968	-999.0	-999.0	0.0
10.02.1968	0.58	250.0	145.0
15.02.1968	-999.0	-999.0	0.0
20.02.1968	0.57	220.0	125.0
25.02.1968	-999.0	-999.0	0.0
29.02.1968	0.64	240.0	154.0
05.03.1968	0.61	240.0	146.0
10.03.1968	0.6	230.0	138.0
15.03.1968	0.56	250.0	140.0
20.03.1968	0.62	260.0	161.0
25.03.1968	0.62	230.0	143.0
31.03.1968	0.55	260.0	143.0
05.04.1968	0.55	270.0	149.0
10.04.1968	0.57	270.0	154.0
15.04.1968	0.52	270.0	140.0
20.04.1968	0.24	250.0	60.0
25.04.1968	0.2	340.0	68.0
30.04.1968	0.08	390.0	31.0
10.11.1968	-999.0	-999.0	0.0
20.11.1968	0.02	-999.0	-999.0
30.11.1968	0.14	140.0	20.0
20.12.1968	0.39	160.0	62.0
20.01.1969	0.47	210.0	-999.0
10.02.1969	0.45	190.0	86.0
20.02.1969	0.45	210.0	95.0
28.02.1969	0.46	190.0	87.0
05.03.1969	0.43	210.0	90.0
10.03.1969	0.43	210.0	90.0
15.03.1969	0.44	180.0	79.0
20.03.1969	0.45	210.0	95.0
25.03.1969	0.44	220.0	97.0
31.03.1969	0.42	220.0	92.0
05.04.1969	0.45	220.0	-999.0
10.04.1969	0.3	200.0	60.0
15.04.1969	0.26	270.0	70.0
20.04.1969	0.15	280.0	42.0
20.11.1969	0.26	130.0	34.0
20.12.1969	0.53	210.0	111.0
10.01.1970	-999.0	-999.0	0.0
20.01.1970	0.53	250.0	133.0
31.01.1970	0.57	250.0	143.0
10.02.1970	0.54	240.0	130.0
20.02.1970	0.55	250.0	138.0
28.02.1970	0.56	240.0	134.0
05.03.1970	0.57	240.0	137.0
10.03.1970	0.59	240.0	142.0
15.03.1970	0.57	240.0	137.0
20.03.1970	0.56	240.0	134.0
25.03.1970	0.55	250.0	138.0
31.03.1970	0.52	260.0	135.0
05.04.1970	0.49	290.0	142.0
10.04.1970	0.47	250.0	118.0
15.04.1970	0.35	310.0	109.0
20.04.1970	0.29	320.0	93.0
25.04.1970	0.12	330.0	40.0
30.04.1970	0.08	220.0	18.0
05.05.1970	0.49	290.0	142.0
10.05.1970	0.47	250.0	118.0
15.05.1970	0.35	310.0	109.0
20.05.1970	0.29	320.0	93.0
25.05.1970	0.12	330.0	40.0
30.05.1970	0.08	220.0	18.0
20.11.1970	0.11	110.0	12.0
20.12.1970	0.24	190.0	46.0
20.01.1971	0.36	210.0	76.0
31.01.1971	0.36	220.0	79.0
10.02.1971	0.42	190.0	80.0
20.02.1971	0.39	200.0	78.0
28.02.1971	0.4	190.0	76.0
05.03.1971	0.38	200.0	76.0
10.03.1971	0.39	-999.0	-999.0
15.03.1971	0.38	200.0	76.0
20.03.1971	0.36	220.0	79.0
25.03.1971	0.39	180.0	70.0
31.03.1971	0.28	250.0	70.0
05.04.1971	0.25	290.0	73.0
10.04.1971	0.22	290.0	64.0
15.04.1971	0.16	210.0	34.0
20.12.1971	0.18	160.0	29.0
10.01.1972	-999.0	-999.0	0.0
20.01.1972	0.26	200.0	52.0
31.01.1972	0.26	170.0	44.0
05.02.1972	-999.0	-999.0	0.0
10.02.1972	0.27	170.0	46.0
15.02.1972	-999.0	-999.0	0.0
20.02.1972	0.26	160.0	42.0
25.02.1972	-999.0	-999.0	0.0
29.02.1972	0.26	190.0	49.0
05.03.1972	0.24	170.0	41.0
10.03.1972	0.27	170.0	46.0
15.03.1972	0.26	200.0	52.0
20.03.1972	0.25	210.0	53.0
25.03.1972	0.27	190.0	51.0
31.03.1972	0.23	200.0	46.0
05.04.1972	0.23	180.0	41.0
10.04.1972	0.14	240.0	34.0
15.04.1972	0.02	-999.0	-999.0
20.10.1972	0.23	90.0	21.0
20.11.1972	0.29	170.0	49.0
20.12.1972	0.45	190.0	86.0
20.01.1973	0.46	220.0	101.0
31.01.1973	0.45	200.0	90.0
10.02.1973	0.48	190.0	91.0
20.02.1973	0.49	200.0	98.0
28.02.1973	0.48	220.0	106.0
05.03.1973	0.47	210.0	-999.0
10.03.1973	0.49	220.0	108.0
15.03.1973	0.47	210.0	-999.0
20.03.1973	0.48	210.0	101.0
25.03.1973	0.47	240.0	113.0
31.03.1973	0.44	240.0	106.0
05.04.1973	0.41	260.0	107.0
10.04.1973	0.38	230.0	87.0
15.04.1973	0.38	280.0	106.0
20.04.1973	0.3	250.0	75.0
25.04.1973	0.21	280.0	59.0
30.04.1973	0.23	320.0	74.0
20.10.1973	0.01	-999.0	-999.0
20.11.1973	0.09	200.0	18.0
20.12.1973	0.11	160.0	18.0
20.01.1975	0.5	170.0	85.0
31.01.1975	0.5	250.0	125.0
10.02.1975	0.53	220.0	117.0
20.02.1975	0.52	210.0	109.0
28.02.1975	0.55	230.0	126.0
05.03.1975	0.5	200.0	100.0
10.03.1975	0.5	230.0	115.0
15.03.1975	0.53	220.0	117.0
20.03.1975	0.57	220.0	125.0
25.03.1975	0.53	220.0	117.0
31.03.1975	0.49	260.0	127.0
05.04.1975	0.43	290.0	125.0
10.04.1975	0.45	220.0	-999.0
15.04.1975	0.37	310.0	115.0
20.04.1975	0.29	330.0	96.0
25.04.1975	0.14	270.0	38.0
20.10.1975	0.12	100.0	12.0
20.11.1975	0.04	-999.0	-999.0
20.12.1975	0.38	240.0	91.0
20.01.1976	0.42	230.0	97.0
31.01.1976	0.45	230.0	104.0
10.10.1976	0.0	-999.0	0.0
20.10.1976	0.04	-999.0	-999.0
20.11.1976	0.18	160.0	29.0
20.12.1976	0.26	190.0	49.0
20.01.1977	0.32	190.0	61.0
31.01.1977	0.36	190.0	68.0
10.02.1977	0.34	190.0	65.0
20.02.1977	0.35	190.0	67.0
28.02.1977	0.41	190.0	78.0
05.03.1977	0.37	210.0	78.0
10.03.1977	0.35	200.0	70.0
15.03.1977	0.33	200.0	66.0
20.03.1977	0.35	220.0	77.0
25.03.1977	0.39	200.0	78.0
31.03.1977	0.3	200.0	60.0
05.04.1977	0.37	240.0	89.0
10.04.1977	0.38	200.0	76.0
15.04.1977	0.28	270.0	76.0
20.04.1977	0.08	270.0	22.0
24.10.1977	0.03	-999.0	-999.0
25.11.1977	0.12	150.0	18.0
31.12.1977	0.28	180.0	50.0
20.01.1978	0.32	210.0	67.0
31.01.1978	0.3	200.0	60.0
10.02.1978	0.34	200.0	68.0
20.02.1978	0.32	210.0	67.0
28.02.1978	0.24	190.0	46.0
05.03.1978	0.34	200.0	68.0
10.03.1978	0.35	190.0	67.0
15.03.1978	0.32	210.0	67.0
20.03.1978	0.3	260.0	78.0
25.03.1978	0.23	200.0	46.0
31.03.1978	0.26	240.0	62.0
05.04.1978	0.21	280.0	59.0
10.04.1978	0.11	330.0	36.0
15.04.1978	0.1	260.0	26.0
20.04.1978	0.02	280.0	6.0
10.10.1978	0.02	-999.0	-999.0
20.11.1978	0.03	-999.0	-999.0
20.12.1978	0.15	180.0	27.0
20.01.1979	0.19	190.0	36.0
31.01.1979	0.18	200.0	36.0
10.02.1979	0.19	170.0	32.0
20.02.1979	0.22	160.0	35.0
28.02.1979	0.21	190.0	40.0
05.03.1979	0.21	210.0	44.0
10.03.1979	0.21	200.0	42.0
15.03.1979	0.19	200.0	38.0
20.03.1979	0.2	190.0	38.0
25.03.1979	0.19	180.0	34.0
31.03.1979	0.26	190.0	49.0
05.04.1979	0.22	200.0	44.0
10.04.1979	0.23	210.0	48.0
15.04.1979	0.24	200.0	48.0
20.04.1979	0.19	290.0	55.0
25.04.1979	0.17	280.0	48.0
30.04.1979	0.06	-999.0	-999.0
14.05.1979	0.41	130.0	53.0
16.10.1979	0.07	110.0	8.0
20.10.1979	0.07	130.0	9.0
08.11.1979	0.09	80.0	7.0
20.11.1979	0.32	140.0	45.0
20.12.1979	0.4	210.0	84.0
20.01.1980	0.48	220.0	106.0
31.01.1980	0.48	230.0	110.0
10.02.1980	0.5	240.0	120.0
20.02.1980	0.47	250.0	118.0
29.02.1980	0.48	240.0	115.0
05.03.1980	0.47	260.0	122.0
10.03.1980	0.45	260.0	117.0
15.03.1980	0.46	250.0	115.0
20.03.1980	0.46	270.0	124.0
25.03.1980	0.44	290.0	128.0
31.03.1980	0.41	280.0	115.0
05.04.1980	0.42	300.0	126.0
10.04.1980	0.39	290.0	113.0
15.04.1980	0.37	320.0	118.0
20.04.1980	0.36	340.0	122.0
25.04.1980	0.28	320.0	90.0
30.04.1980	0.24	300.0	72.0
05.05.1980	0.08	260.0	21.0
13.10.1980	0.04	-999.0	-999.0
20.10.1980	0.04	-999.0	-999.0
20.11.1980	0.08	130.0	10.0
20.12.1980	0.2	160.0	32.0
20.01.1981	0.36	190.0	68.0
31.01.1981	0.37	210.0	78.0
10.02.1981	0.38	210.0	80.0
20.02.1981	0.39	200.0	78.0
28.02.1981	0.41	230.0	94.0
05.03.1981	0.39	190.0	74.0
10.03.1981	0.41	230.0	94.0
15.03.1981	0.39	200.0	78.0
20.03.1981	0.38	220.0	84.0
25.03.1981	0.39	190.0	74.0
31.03.1981	0.37	190.0	70.0
05.04.1981	0.28	270.0	76.0
10.04.1981	0.22	290.0	64.0
15.04.1981	0.15	330.0	50.0
20.04.1981	0.13	270.0	35.0
05.10.1981	0.05	-999.0	-999.0
20.10.1981	0.08	130.0	10.0
20.11.1981	0.23	170.0	39.0
20.12.1981	0.27	230.0	62.0
20.01.1982	0.34	220.0	75.0
31.01.1982	0.35	240.0	84.0
10.02.1982	0.3	210.0	63.0
20.02.1982	0.33	230.0	76.0
28.02.1982	0.31	250.0	78.0
05.03.1982	0.35	230.0	81.0
10.03.1982	0.36	240.0	86.0
15.03.1982	0.33	220.0	73.0
20.03.1982	0.34	220.0	75.0
25.03.1982	0.33	220.0	73.0
31.03.1982	0.35	230.0	81.0
05.04.1982	0.25	270.0	68.0
10.04.1982	0.16	330.0	53.0
15.04.1982	0.07	170.0	12.0
21.10.1982	0.02	-999.0	-999.0
20.11.1982	0.02	-999.0	-999.0
20.12.1982	0.2	200.0	40.0
20.01.1983	0.29	170.0	49.0
31.01.1983	0.27	190.0	51.0
10.02.1983	0.26	200.0	52.0
20.02.1983	0.27	210.0	57.0
28.02.1983	0.26	210.0	55.0
05.03.1983	0.25	200.0	50.0
10.03.1983	0.26	200.0	52.0
15.03.1983	0.24	190.0	46.0
20.03.1983	0.29	200.0	58.0
25.03.1983	0.25	170.0	43.0
31.03.1983	0.23	220.0	51.0
05.04.1983	0.21	200.0	42.0
10.04.1983	0.24	220.0	53.0
15.04.1983	0.29	180.0	52.0
20.04.1983	0.2	270.0	54.0
25.04.1983	0.14	360.0	50.0
30.04.1983	0.11	180.0	20.0
05.05.1983	0.03	-999.0	-999.0
09.11.1983	0.03	-999.0	-999.0
20.11.1983	0.03	-999.0	-999.0
20.12.1983	0.14	100.0	14.0
20.01.1984	0.21	170.0	36.0
31.01.1984	0.24	160.0	38.0
10.02.1984	0.25	160.0	40.0
20.02.1984	0.25	160.0	40.0
29.02.1984	0.24	190.0	46.0
05.03.1984	0.24	180.0	43.0
10.03.1984	0.25	160.0	40.0
15.03.1984	0.26	180.0	47.0
20.03.1984	0.25	200.0	50.0
25.03.1984	0.26	220.0	57.0
31.03.1984	0.25	190.0	48.0
05.04.1984	0.25	190.0	48.0
10.04.1984	0.26	200.0	52.0
15.04.1984	0.2	260.0	52.0
20.04.1984	0.21	260.0	55.0
25.04.1984	0.05	-999.0	-999.0
30.04.1984	0.06	-999.0	-999.0
31.10.1984	0.04	-999.0	-999.0
04.11.1984	0.03	-999.0	-999.0
20.11.1984	0.15	230.0	35.0
20.12.1984	0.52	160.0	83.0
20.01.1985	0.55	230.0	127.0
31.01.1985	0.58	240.0	139.0
10.02.1985	0.6	250.0	150.0
20.02.1985	0.59	250.0	148.0
28.02.1985	0.59	250.0	148.0
05.03.1985	0.56	240.0	134.0
10.03.1985	0.56	250.0	140.0
15.03.1985	0.56	270.0	151.0
20.03.1985	0.55	270.0	149.0
25.03.1985	0.55	280.0	154.0
31.03.1985	0.5	310.0	155.0
05.04.1985	0.39	330.0	129.0
10.04.1985	0.44	330.0	145.0
15.04.1985	0.44	270.0	119.0
20.04.1985	0.3	260.0	78.0
25.04.1985	0.18	330.0	59.0
30.04.1985	0.1	300.0	30.0
16.05.1985	0.02	-999.0	-999.0
20.11.1985	0.03	-999.0	-999.0
20.12.1985	0.36	160.0	58.0
20.01.1986	0.36	220.0	79.0
31.01.1986	0.36	200.0	72.0
10.02.1986	0.36	200.0	72.0
20.02.1986	0.36	210.0	76.0
28.02.1986	0.37	200.0	74.0
05.03.1986	0.4	200.0	80.0
10.03.1986	0.39	210.0	82.0
15.03.1986	0.42	200.0	84.0
20.03.1986	0.39	220.0	86.0
25.03.1986	0.36	220.0	79.0
31.03.1986	0.34	250.0	85.0
05.04.1986	0.28	240.0	67.0
10.04.1986	0.24	260.0	62.0
15.04.1986	0.14	300.0	42.0
20.04.1986	0.09	290.0	26.0
23.10.1986	0.01	-999.0	-999.0
20.11.1986	0.09	-999.0	-999.0
20.12.1986	0.19	150.0	29.0
20.01.1987	0.31	210.0	65.0
31.01.1987	0.3	220.0	66.0
10.02.1987	0.32	220.0	70.0
20.02.1987	0.32	220.0	70.0
28.02.1987	0.3	240.0	72.0
05.03.1987	0.28	-999.0	-999.0
10.03.1987	0.27	-999.0	-999.0
15.03.1987	0.28	250.0	70.0
20.03.1987	0.3	230.0	69.0
25.03.1987	0.28	-999.0	-999.0
31.03.1987	0.27	-999.0	-999.0
05.04.1987	0.24	230.0	55.0
10.04.1987	0.23	270.0	62.0
15.04.1987	0.18	270.0	49.0
20.04.1987	0.08	230.0	18.0
20.10.1987	0.03	-999.0	-999.0
20.11.1987	0.13	130.0	17.0
20.12.1987	0.26	210.0	55.0
20.01.1988	0.33	180.0	59.0
31.01.1988	0.35	210.0	74.0
10.02.1988	0.34	190.0	65.0
20.02.1988	0.37	190.0	70.0
29.02.1988	0.36	190.0	68.0
05.03.1988	0.36	180.0	65.0
10.03.1988	0.35	200.0	70.0
15.03.1988	0.35	200.0	70.0
20.03.1988	0.38	190.0	72.0
25.03.1988	0.37	210.0	78.0
31.03.1988	0.34	210.0	71.0
05.04.1988	0.33	220.0	73.0
10.04.1988	0.19	190.0	36.0
20.04.1988	0.03	-999.0	-999.0
30.04.1988	0.03	-999.0	-999.0
13.11.1988	0.02	-999.0	-999.0
20.11.1988	0.02	-999.0	-999.0
20.12.1988	0.26	110.0	29.0
20.01.1989	0.21	170.0	36.0
31.01.1989	0.2	-999.0	-999.0
10.02.1989	0.19	170.0	32.0
20.02.1989	0.2	170.0	34.0
28.02.1989	0.19	180.0	34.0
05.03.1989	0.19	170.0	32.0
10.03.1989	0.16	170.0	27.0
15.03.1989	0.2	170.0	34.0
20.03.1989	0.19	160.0	30.0
25.03.1989	0.15	200.0	30.0
31.03.1989	0.12	210.0	25.0
05.04.1989	0.07	140.0	10.0
28.04.1989	0.07	100.0	7.0
03.10.1989	0.04	-999.0	-999.0
23.10.1989	0.03	-999.0	-999.0
02.11.1989	0.03	-999.0	-999.0
20.11.1989	0.06	150.0	9.0
20.12.1989	0.09	170.0	15.0
20.01.1990	0.2	180.0	36.0
31.01.1990	0.22	190.0	42.0
10.02.1990	0.23	180.0	41.0
20.02.1990	0.26	190.0	49.0
28.02.1990	0.23	220.0	51.0
05.03.1990	0.25	210.0	53.0
10.03.1990	0.21	210.0	44.0
15.03.1990	0.22	210.0	46.0
20.03.1990	0.2	210.0	42.0
25.03.1990	0.16	250.0	40.0
31.03.1990	0.05	-999.0	-999.0
31.10.1990	0.0	-999.0	-999.0
05.11.1990	0.01	-999.0	-999.0
20.11.1990	0.1	200.0	20.0
20.12.1990	0.17	180.0	31.0
20.01.1991	0.24	180.0	43.0
31.01.1991	0.25	200.0	50.0
10.02.1991	0.27	200.0	54.0
20.02.1991	0.27	200.0	54.0
28.02.1991	0.28	200.0	56.0
05.03.1991	0.27	200.0	54.0
10.03.1991	0.27	200.0	54.0
15.03.1991	0.27	210.0	57.0
20.03.1991	0.26	200.0	52.0
25.03.1991	0.27	200.0	54.0
31.03.1991	0.26	210.0	55.0
05.04.1991	0.21	240.0	50.0
10.04.1991	0.14	260.0	36.0
15.04.1991	0.07	-999.0	-999.0
24.04.1991	0.04	-999.0	-999.0
25.04.1991	0.16	110.0	18.0
06.05.1991	0.12	100.0	12.0
25.10.1991	0.02	-999.0	-999.0
01.11.1991	0.04	-999.0	-999.0
20.11.1991	0.12	180.0	22.0
20.12.1991	0.22	120.0	26.0
20.01.1992	0.26	200.0	52.0
31.01.1992	0.29	190.0	55.0
10.02.1992	0.28	200.0	56.0
20.02.1992	0.3	190.0	57.0
29.02.1992	0.3	190.0	57.0
05.03.1992	0.3	190.0	57.0
10.03.1992	0.29	200.0	58.0
15.03.1992	0.29	210.0	61.0
20.03.1992	0.3	210.0	63.0
25.03.1992	0.29	220.0	64.0
31.03.1992	0.23	230.0	53.0
05.04.1992	0.11	280.0	31.0
10.04.1992	0.11	270.0	30.0
15.04.1992	0.06	290.0	17.0
20.04.1992	0.05	-999.0	-999.0
03.11.1992	0.02	-999.0	-999.0
20.11.1992	0.09	110.0	10.0
20.12.1992	0.23	170.0	39.0
20.01.1993	0.27	200.0	54.0
31.01.1993	0.29	200.0	58.0
10.02.1993	0.28	190.0	53.0
20.02.1993	0.27	210.0	57.0
28.02.1993	0.26	200.0	52.0
05.03.1993	0.26	200.0	52.0
10.03.1993	0.27	200.0	54.0
15.03.1993	0.25	220.0	55.0
20.03.1993	0.17	290.0	49.0
25.03.1993	0.16	260.0	42.0
31.03.1993	0.13	270.0	35.0
05.04.1993	0.12	290.0	35.0
10.04.1993	0.1	320.0	32.0
20.04.1993	0.09	100.0	9.0
25.04.1993	0.03	-999.0	-999.0
06.05.1993	0.11	100.0	11.0
03.11.1993	0.05	-999.0	-999.0
20.11.1993	0.22	160.0	35.0
20.12.1993	0.26	200.0	52.0
20.01.1994	0.38	210.0	80.0
31.01.1994	0.35	230.0	81.0
10.02.1994	0.35	210.0	74.0
20.02.1994	0.36	220.0	79.0
28.02.1994	0.35	230.0	81.0
05.03.1994	0.35	240.0	84.0
10.03.1994	0.35	240.0	84.0
15.03.1994	0.36	220.0	79.0
20.03.1994	0.36	210.0	76.0
25.03.1994	0.35	230.0	81.0
31.03.1994	0.24	310.0	74.0
05.04.1994	0.18	260.0	47.0
10.04.1994	0.12	260.0	31.0
15.04.1994	0.09	320.0	29.0
25.04.1994	0.03	-999.0	-999.0
25.10.1994	0.03	-999.0	-999.0
05.11.1994	0.02	-999.0	-999.0
20.11.1994	0.01	-999.0	-999.0
20.12.1994	0.18	200.0	36.0
20.01.1995	0.24	210.0	50.0
31.01.1995	0.28	190.0	53.0
10.02.1995	0.26	200.0	52.0
20.02.1995	0.26	220.0	57.0
28.02.1995	0.27	210.0	57.0
05.03.1995	0.27	210.0	57.0
10.03.1995	0.27	220.0	59.0
15.03.1995	0.27	220.0	59.0
20.03.1995	0.24	250.0	60.0
25.03.1995	0.26	250.0	65.0
31.03.1995	0.22	250.0	55.0
05.04.1995	0.11	260.0	29.0
10.04.1995	0.2	260.0	52.0
15.04.1995	0.15	270.0	41.0
20.04.1995	0.05	-999.0	-999.0
30.10.1995	0.03	-999.0	-999.0
07.11.1995	0.03	-999.0	-999.0
17.11.1995	0.03	-999.0	-999.0
20.11.1995	0.03	-999.0	-999.0
20.12.1995	0.11	140.0	15.0
20.01.1996	0.38	190.0	72.0
31.01.1996	0.34	240.0	82.0
10.02.1996	0.36	220.0	79.0
20.02.1996	0.35	240.0	84.0
29.02.1996	0.36	230.0	83.0
05.03.1996	0.31	240.0	74.0
10.03.1996	0.37	240.0	89.0
15.03.1996	0.35	240.0	84.0
20.03.1996	0.36	220.0	79.0
25.03.1996	0.34	230.0	78.0
31.03.1996	0.31	260.0	81.0
05.04.1996	0.29	270.0	78.0
10.04.1996	0.28	270.0	76.0
15.04.1996	0.21	290.0	61.0
20.04.1996	0.18	290.0	52.0
22.10.1996	0.03	-999.0	-999.0
20.11.1996	0.17	150.0	26.0
20.12.1996	0.47	220.0	103.0
20.01.1997	0.43	220.0	95.0
10.02.1997	0.44	240.0	106.0
05.03.1997	0.46	250.0	115.0
05.04.1997	0.22	380.0	84.0
22.10.1997	0.0	-999.0	-999.0
10.11.1997	0.0	-999.0	-999.0
20.12.1997	0.28	180.0	50.0
20.01.1998	0.36	210.0	76.0
10.02.1998	0.35	230.0	81.0
05.03.1998	0.32	230.0	74.0
05.04.1998	0.18	270.0	49.0
20.11.1998	0.14	180.0	25.0
20.12.1998	0.38	230.0	87.0
20.01.1999	0.37	240.0	89.0
10.02.1999	0.38	270.0	103.0
05.03.1999	0.4	270.0	108.0
05.04.1999	0.35	270.0	95.0
14.10.1999	0.0	-999.0	-999.0
11.11.1999	0.0	-999.0	-999.0
20.12.1999	0.28	180.0	50.0
20.01.2000	0.35	210.0	74.0
10.02.2000	0.35	220.0	77.0
05.03.2000	0.36	220.0	79.0
05.04.2000	0.21	280.0	59.0
20.10.2000	0.04	-999.0	-999.0
20.11.2000	0.46	140.0	64.0
20.12.2000	0.52	210.0	109.0
20.01.2001	0.54	230.0	124.0
10.02.2001	0.55	240.0	132.0
05.03.2001	0.55	250.0	138.0
05.04.2001	0.45	280.0	126.0
20.12.2001	0.31	210.0	65.0
20.01.2002	0.29	230.0	67.0
10.02.2002	0.31	280.0	87.0
05.03.2002	0.25	260.0	65.0
05.04.2002	0.16	260.0	42.0
20.10.2002	0.02	-999.0	-999.0
20.11.2002	0.26	170.0	44.0
20.12.2002	0.35	200.0	70.0
20.01.2003	0.36	200.0	72.0
10.02.2003	0.38	220.0	84.0
05.03.2003	0.39	220.0	86.0
05.04.2003	0.16	290.0	46.0
08.10.2003	0.04	-999.0	-999.0
20.11.2003	0.09	160.0	14.0
20.12.2003	0.31	200.0	62.0
20.01.2004	0.33	-999.0	-999.0
10.02.2004	0.35	210.0	74.0
05.03.2004	0.38	210.0	80.0
05.04.2004	0.36	260.0	94.0
20.10.2004	0.0	-999.0	-999.0
20.11.2004	0.17	260.0	44.0
20.12.2004	0.21	180.0	38.0
20.01.2005	0.34	190.0	65.0
10.02.2005	0.34	-999.0	-999.0
05.03.2005	0.35	220.0	77.0
05.04.2005	0.12	280.0	34.0
04.05.2005	0.04	-999.0	-999.0
03.11.2005	0.0	-999.0	-999.0
20.12.2005	0.61	190.0	116.0
20.01.2006	0.57	280.0	160.0
31.01.2006	0.56	280.0	157.0
10.02.2006	0.58	290.0	168.0
20.02.2006	0.61	290.0	177.0
28.02.2006	0.57	300.0	171.0
05.03.2006	0.57	310.0	177.0
05.04.2006	0.48	330.0	158.0
05.05.2006	0.1	370.0	37.0
06.10.2006	0.0	-999.0	-999.0
09.10.2006	0.02	-999.0	-999.0
24.10.2006	0.04	-999.0	-999.0
04.11.2006	0.0	-999.0	-999.0
08.11.2006	0.03	-999.0	-999.0
20.11.2006	0.12	170.0	20.0
20.12.2006	0.32	200.0	64.0
20.01.2007	0.36	200.0	72.0
31.01.2007	0.35	210.0	74.0
10.02.2007	0.34	210.0	71.0
20.02.2007	0.36	210.0	76.0
28.02.2007	0.38	220.0	84.0
05.03.2007	0.35	220.0	77.0
10.03.2007	0.38	220.0	84.0
15.03.2007	0.37	220.0	81.0
20.03.2007	0.34	230.0	78.0
25.03.2007	0.32	270.0	86.0
31.03.2007	0.3	280.0	84.0
05.04.2007	0.22	280.0	62.0
10.04.2007	0.13	320.0	42.0
15.04.2007	0.09	330.0	30.0
25.10.2007	0.0	-999.0	-999.0
27.10.2007	0.0	-999.0	-999.0
30.10.2007	0.0	-999.0	-999.0
11.11.2007	0.0	-999.0	-999.0
20.11.2007	0.14	140.0	20.0
20.12.2007	0.25	150.0	38.0
20.01.2008	0.31	190.0	59.0
31.01.2008	0.32	200.0	64.0
10.02.2008	0.31	200.0	62.0
20.02.2008	0.3	210.0	63.0
29.02.2008	0.3	230.0	69.0
05.03.2008	0.28	220.0	62.0
10.03.2008	0.26	260.0	68.0
15.03.2008	0.27	260.0	70.0
20.03.2008	0.27	260.0	70.0
25.03.2008	0.26	270.0	70.0
31.03.2008	0.18	260.0	47.0
07.04.2008	0.04	-999.0	-999.0
24.04.2008	0.02	-999.0	-999.0
29.04.2008	0.02	-999.0	-999.0
05.05.2008	0.03	-999.0	-999.0
22.10.2008	0.02	-999.0	-999.0
01.11.2008	0.01	-999.0	-999.0
06.11.2008	0.05	-999.0	-999.0
20.11.2008	0.13	220.0	29.0
20.12.2008	0.22	230.0	51.0
20.01.2009	0.32	240.0	77.0
31.01.2009	0.34	250.0	85.0
10.02.2009	0.35	250.0	88.0
20.02.2009	0.36	250.0	90.0
28.02.2009	0.36	260.0	94.0
05.03.2009	0.34	260.0	88.0
10.03.2009	0.34	260.0	88.0
15.03.2009	0.33	270.0	89.0
20.03.2009	0.33	270.0	89.0
25.03.2009	0.33	270.0	89.0
31.03.2009	0.32	280.0	90.0
05.04.2009	0.2	300.0	60.0
10.04.2009	0.05	330.0	17.0
17.04.2009	0.03	-999.0	-999.0
22.04.2009	0.04	-999.0	-999.0
19.09.2009	0.01	-999.0	-999.0
20.10.2009	0.02	-999.0	-999.0
27.10.2009	0.0	-999.0	-999.0
20.11.2009	0.24	170.0	41.0
20.12.2009	0.39	190.0	74.0
20.01.2010	0.33	230.0	76.0
31.01.2010	0.43	230.0	99.0
10.02.2010	0.47	230.0	108.0
20.02.2010	0.45	260.0	117.0
28.02.2010	0.47	260.0	122.0
05.03.2010	0.47	270.0	127.0
10.03.2010	0.48	270.0	130.0
15.03.2010	0.47	280.0	132.0
20.03.2010	0.46	280.0	129.0
25.03.2010	0.44	280.0	123.0
31.03.2010	0.43	280.0	120.0
05.04.2010	0.42	280.0	118.0
10.04.2010	0.45	-999.0	-999.0
15.04.2010	0.41	290.0	119.0
20.04.2010	0.35	310.0	109.0
25.04.2010	0.35	320.0	112.0
30.04.2010	0.2	340.0	68.0
23.05.2010	0.01	-999.0	-999.0
23.10.2010	0.03	-999.0	-999.0
06.11.2010	0.06	80.0	5.0
20.11.2010	0.03	-999.0	-999.0
20.12.2010	0.53	150.0	80.0
20.01.2011	0.55	280.0	154.0
10.02.2011	0.53	280.0	148.0
20.02.2011	0.53	280.0	148.0
28.02.2011	0.53	280.0	148.0
05.03.2011	0.53	280.0	148.0
10.03.2011	0.53	280.0	148.0
15.03.2011	0.51	280.0	143.0
20.03.2011	0.51	280.0	143.0
25.03.2011	0.5	280.0	140.0
31.03.2011	0.42	270.0	113.0
05.04.2011	0.37	320.0	118.0
10.04.2011	0.36	310.0	112.0
15.04.2011	0.16	320.0	51.0
01.11.2011	0.06	70.0	4.0
20.11.2011	0.12	160.0	19.0
20.12.2011	0.36	170.0	61.0
20.01.2012	0.49	190.0	93.0
31.01.2012	0.48	200.0	96.0
10.02.2012	0.49	210.0	103.0
20.02.2012	0.48	220.0	106.0
29.02.2012	0.49	230.0	113.0
05.03.2012	0.48	240.0	115.0
10.03.2012	0.46	230.0	106.0
15.03.2012	0.45	230.0	104.0
20.03.2012	0.45	230.0	104.0
25.03.2012	0.43	230.0	99.0
31.03.2012	0.35	230.0	81.0
05.04.2012	0.28	200.0	56.0
10.04.2012	0.19	170.0	32.0
23.04.2012	0.1	130.0	13.0
25.04.2012	0.07	190.0	13.0
12.10.2012	0.04	-999.0	-999.0
20.10.2012	0.19	190.0	36.0
20.11.2012	0.16	190.0	30.0
20.12.2012	0.76	220.0	167.0
20.01.2013	0.6	290.0	174.0
31.01.2013	0.64	280.0	179.0
10.02.2013	0.66	300.0	198.0
20.02.2013	0.63	310.0	195.0
28.02.2013	0.66	320.0	211.0
05.03.2013	0.64	310.0	198.0
10.03.2013	0.63	300.0	189.0
15.03.2013	0.62	300.0	186.0
20.03.2013	0.62	300.0	186.0
25.03.2013	0.62	290.0	180.0
31.03.2013	0.61	290.0	177.0
05.04.2013	0.62	290.0	180.0
10.04.2013	0.6	280.0	168.0
15.04.2013	0.5	270.0	135.0
20.04.2013	0.46	260.0	120.0
25.04.2013	0.4	260.0	104.0
30.04.2013	0.11	250.0	28.0
21.10.2013	0.05	-999.0	-999.0
07.11.2013	0.01	-999.0	-999.0
20.11.2013	0.05	-999.0	-999.0
20.12.2013	0.17	160.0	27.0
20.01.2014	0.23	170.0	39.0
31.01.2014	0.24	180.0	43.0
10.02.2014	0.26	180.0	47.0
20.02.2014	0.28	190.0	53.0
28.02.2014	0.28	180.0	50.0
05.03.2014	0.27	180.0	49.0
10.03.2014	0.27	180.0	49.0
15.03.2014	0.25	160.0	40.0
20.03.2014	0.22	150.0	33.0
25.03.2014	0.2	130.0	26.0
01.04.2014	0.01	-999.0	-999.0
13.04.2014	0.02	-999.0	-999.0
26.04.2014	0.16	100.0	16.0
20.05.2014	0.03	-999.0	-999.0
27.09.2014	0.01	-999.0	-999.0
19.10.2014	0.0	-999.0	-999.0
20.10.2014	0.01	-999.0	-999.0
25.10.2014	0.0	-999.0	-999.0
01.11.2014	0.0	-999.0	-999.0
11.11.2014	0.0	-999.0	-999.0
17.11.2014	0.01	-999.0	-999.0
20.11.2014	0.01	-999.0	-999.0
20.12.2014	0.21	140.0	29.0
20.01.2015	0.23	180.0	41.0
31.01.2015	0.24	180.0	43.0
10.02.2015	0.23	190.0	44.0
20.02.2015	0.23	190.0	44.0
28.02.2015	0.23	210.0	48.0
05.03.2015	0.23	200.0	46.0
10.03.2015	0.22	200.0	44.0
15.03.2015	0.22	190.0	42.0
20.03.2015	0.19	210.0	40.0
25.03.2015	0.09	300.0	27.0
18.04.2015	0.04	-999.0	-999.0
27.10.2015	0.03	-999.0	-999.0
03.11.2015	0.08	110.0	9.0
20.11.2015	0.21	100.0	21.0
20.12.2015	0.21	180.0	38.0
20.01.2016	0.33	160.0	53.0
31.01.2016	0.34	190.0	65.0
10.02.2016	0.32	180.0	58.0
20.02.2016	0.3	190.0	57.0
29.02.2016	0.32	190.0	61.0
05.03.2016	0.31	200.0	62.0
10.03.2016	0.31	210.0	65.0
15.03.2016	0.28	260.0	73.0
20.03.2016	0.23	290.0	67.0
25.03.2016	0.16	280.0	45.0
31.03.2016	0.12	250.0	30.0
11.04.2016	0.03	-999.0	-999.0
06.10.2016	0.0	-999.0	-999.0
16.10.2016	0.01	-999.0	-999.0
20.10.2016	0.03	-999.0	-999.0
20.11.2016	0.35	120.0	42.0
20.12.2016	0.36	210.0	76.0
20.01.2017	0.41	240.0	98.0
31.01.2017	0.41	250.0	103.0
10.02.2017	0.41	260.0	107.0
20.02.2017	0.41	-999.0	-999.0
28.02.2017	0.37	290.0	107.0
05.03.2017	0.41	250.0	103.0
10.03.2017	0.41	250.0	103.0
15.03.2017	0.38	280.0	106.0
20.03.2017	0.36	280.0	101.0
25.03.2017	0.33	290.0	96.0
31.03.2017	0.3	300.0	90.0
05.04.2017	0.1	360.0	36.0
10.04.2017	0.1	380.0	38.0
16.04.2017	0.06	270.0	16.0
13.10.2017	0.01	-999.0	-999.0
27.10.2017	0.01	-999.0	-999.0
31.10.2017	0.01	-999.0	-999.0
12.11.2017	0.01	-999.0	-999.0
20.11.2017	0.07	130.0	9.0
20.12.2017	0.34	170.0	58.0
20.01.2018	0.37	210.0	78.0
31.01.2018	0.4	210.0	84.0
10.02.2018	0.39	220.0	86.0
20.02.2018	0.4	220.0	88.0
28.02.2018	0.4	220.0	88.0
05.03.2018	0.39	220.0	86.0
10.03.2018	0.42	220.0	92.0
15.03.2018	0.42	220.0	92.0
20.03.2018	0.4	230.0	92.0
25.03.2018	0.27	270.0	73.0
31.03.2018	0.15	290.0	44.0
05.04.2018	0.13	310.0	40.0
05.10.2018	0.02	-999.0	-999.0
02.11.2018	0.01	-999.0	-999.0
20.11.2018	0.11	130.0	14.0
