25206;1966; 1; 2;20;  48;0.15;  72
25206;1966; 1; 2;31;  58;0.14;  81
25206;1966; 2; 2;10;  60;    ;    
25206;1966; 2; 2;20;  62;0.17; 105
25206;1966; 2; 2;28;  69;0.17; 117
25206;1966; 3; 2;10;  73;0.17; 124
25206;1966; 3; 2;20;  71;0.17; 121
25206;1966; 3; 2;31;  69;0.19; 131
25206;1966; 4; 2;10;  68;0.18; 122
25206;1966; 4; 2;20;  62;0.20; 124
25206;1966; 4; 2;30;  58;0.20; 116
25206;1966; 5; 2; 5;  54;0.22; 119
25206;1966; 5; 2;10;  50;0.21; 105
25206;1966; 5; 2;15;  44;0.21;  92
25206;1966; 5; 2;20;  12;0.28;  34
25206;1966;10; 2;20;   8;0.13;  10
25206;1966;11; 2;20;  31;0.15;  46
25206;1966;12; 2;20;  44;0.16;  70
25206;1967; 1; 2;20;  50;0.16;  80
25206;1967; 1; 2;31;  56;0.15;  84
25206;1967; 2; 2;10;  58;    ;    
25206;1967; 2; 2;20;  56;0.17;  95
25206;1967; 2; 2;28;  59;0.18; 106
25206;1967; 3; 2;10;  61;0.18; 110
25206;1967; 3; 2;20;  63;0.17; 107
25206;1967; 3; 2;31;  72;0.18; 130
25206;1967; 4; 2;10;  69;0.17; 137
25206;1967; 4; 2;15;  67;0.19; 127
25206;1967; 4; 2;20;  68;0.18; 122
25206;1967; 4; 2;25;  63;    ;    
25206;1967; 4; 2;30;  71;0.16; 114
25206;1967; 5; 2; 5;  48;    ;    
25206;1967; 5; 2;10;  35;0.24;  84
25206;1967;10; 2;20;  19;0.15;  28
25206;1967;11; 2;20;  26;0.15;  39
25206;1967;12; 2;20;  31;0.16;  50
25206;1968; 1; 2;20;  55;    ;    
25206;1968; 1; 2;31;  56;0.16;  90
25206;1968; 2; 2;10;  59;0.17; 100
25206;1968; 2; 2;20;  60;0.18; 108
25206;1968; 2; 2;29;  58;0.17;    
25206;1968; 3; 2;10;  60;0.17; 102
25206;1968; 3; 2;20;  72;0.17; 122
25206;1968; 3; 2;31;  70;0.19; 133
25206;1968; 4; 2;10;  64;0.18; 115
25206;1968; 4; 2;15;  65;0.18; 117
25206;1968; 4; 2;20;  69;0.19; 131
25206;1968; 4; 2;25;  68;0.19; 129
25206;1968; 4; 2;30;  68;0.20; 136
25206;1968; 5; 2; 5;  66;0.20; 132
25206;1968; 5; 2;10;  65;0.21; 137
25206;1968; 5; 2;15;  56;0.25; 140
25206;1968;10; 2;10;  15;0.14;  21
25206;1968;10; 2;20;  20;0.11;  22
25206;1968;11; 2;20;  20;0.14;  28
25206;1968;12; 2;20;  25;0.13;  32
25206;1969; 1; 2;20;  53;0.13;  69
25206;1969; 1; 2;31;  57;0.13;  74
25206;1969; 2; 2;10;  58;0.14;  81
25206;1969; 2; 2;20;  63;0.15;  94
25206;1969; 2; 2;28;  63;0.16; 101
25206;1969; 3; 2;10;  61;0.17; 104
25206;1969; 3; 2;20;  60;0.17; 102
25206;1969; 3; 2;31;  60;0.18; 108
25206;1969; 4; 2;10;  58;0.19; 110
25206;1969; 4; 2;15;  58;0.19; 110
25206;1969; 4; 2;20;  54;0.20; 108
25206;1969; 4; 2;25;  60;0.19; 114
25206;1969; 4; 2;30;  63;0.21; 129
25206;1969; 5; 2; 5;  60;0.21; 126
25206;1969; 5; 2;10;  62;0.20; 124
25206;1969; 5; 2;15;  45;0.22;  92
25206;1969; 5; 2;20;  40;0.24;  96
25206;1969; 5; 2;25;   5;0.30;  15
25206;1969;10; 2;20;  14;0.13;  18
25206;1969;11; 2;20;  24;0.14;  34
25206;1969;12; 2;20;  27;0.15;  40
25206;1970; 1; 2;10;  41;0.14;  57
25206;1970; 1; 2;20;  39;0.14;  55
25206;1970; 1; 2;31;  43;0.15;  64
25206;1970; 2; 2;10;  44;0.15;  66
25206;1970; 2; 2;20;  51;0.15;  76
25206;1970; 2; 2;28;  52;0.16;  83
25206;1970; 3; 2;10;  52;0.17;  88
25206;1970; 3; 2;20;  53;0.17;  90
25206;1970; 3; 2;31;  55;0.17;  94
25206;1970; 4; 2;10;  52;0.17;  88
25206;1970; 4; 2;20;  49;0.17;  83
25206;1970; 4; 2;25;  49;0.19;  93
25206;1970; 4; 2;30;  39;0.22;  86
25206;1970; 5; 2; 5;  27;0.23;  62
25206;1970; 5; 2;10;  25;0.22;  55
25206;1970; 5; 2;15;  21;0.29;  61
25206;1970; 5; 2;20;  11;0.25;  28
25206;1970;10; 2;20;  11;0.12;  13
25206;1970;11; 2;20;  32;0.14;  45
25206;1970;12; 2;20;  40;0.14;  56
25206;1971; 1; 2;20;  47;0.15;  70
25206;1971; 1; 2;31;  48;0.15;  72
25206;1971; 2; 2;10;  49;0.16;  78
25206;1971; 2; 2;20;  49;0.15;  74
25206;1971; 2; 2;28;  53;0.16;  85
25206;1971; 3; 2;10;  53;0.17;  90
25206;1971; 3; 2;20;  54;0.16;  86
25206;1971; 3; 2;31;  55;0.16;  88
25206;1971; 4; 2;10;  55;0.18;    
25206;1971; 4; 2;20;  52;0.18;  94
25206;1971; 4; 2;25;  49;0.19;  93
25206;1971; 4; 2;30;  46;0.20;  92
25206;1971; 5; 2; 5;  37;0.20;  74
25206;1971; 5; 2;10;  25;0.21;  52
25206;1971; 9; 2;20;  17;0.15;  26
25206;1971;10; 2;20;  18;0.13;  23
25206;1971;11; 2;20;  27;0.16;  43
25206;1971;12; 2;20;  30;0.16;  48
25206;1972; 1; 2;20;  41;0.16;  66
25206;1972; 1; 2;31;  46;0.17;  78
25206;1972; 2; 2;10;  48;0.17;  82
25206;1972; 2; 2;20;  49;0.17;  83
25206;1972; 2; 2;29;  51;0.17;  87
25206;1972; 3; 2;10;  51;0.18;  92
25206;1972; 3; 2;20;  53;0.18;  95
25206;1972; 3; 2;31;  52;0.19;    
25206;1972; 4; 2;10;  51;0.20; 102
25206;1972; 4; 2;20;  49;0.17;  83
25206;1972; 4; 2;25;  47;0.18;  85
25206;1972; 4; 2;30;  43;0.20;  86
25206;1972; 5; 2; 5;  34;0.24;  82
25206;1972; 5; 2;10;  26;0.27;  70
25206;1972;10; 2;20;   4;    ;    
25206;1972;10; 2;31;  15;0.11;  16
25206;1972;11; 2;20;  21;0.13;  27
25206;1972;12; 2;20;  38;0.14;  53
25206;1973; 1; 2;20;  43;0.14;  60
25206;1973; 1; 2;31;  44;0.15;  66
25206;1973; 2; 2;10;  48;0.15;  72
25206;1973; 2; 2;20;  49;0.14;  68
25206;1973; 2; 2;28;  56;0.15;  84
25206;1973; 3; 2;10;  55;0.15;  82
25206;1973; 3; 2;20;  51;0.16;  82
25206;1973; 3; 2;31;  51;0.18;  92
25206;1973; 4; 2;10;  52;0.17;  88
25206;1973; 4; 2;20;  58;0.16;  93
25206;1973; 4; 2;25;  36;0.20;  84
25206;1973; 4; 2;30;  30;0.23;  69
25206;1973; 5; 2; 5;  28;0.27;  76
25206;1973;10; 2;20;  38;0.17;  65
25206;1973;11; 2;20;  58;0.14;  81
25206;1973;12; 2;20;  66;0.17; 112
25206;1974; 1; 2;20;  73;0.16; 117
25206;1974; 1; 2;31;  74;0.16; 119
25206;1974; 2; 2;10;  75;0.16; 120
25206;1974; 2; 2;20;  77;0.17; 131
25206;1974; 2; 2;28;  83;0.17; 141
25206;1974; 3; 2;10;  84;0.17; 143
25206;1974; 3; 2;20;  82;0.19; 156
25206;1974; 3; 2;31;  81;0.20; 162
25206;1974; 4; 2;10;  78;0.22; 172
25206;1974; 4; 2;20;  77;0.23; 177
25206;1974; 4; 2;25;  76;0.23; 175
25206;1974; 4; 2;30;  71;0.24; 170
25206;1974; 5; 2; 5;  59;0.27; 159
25206;1974; 5; 2;10;  57;0.28; 160
25206;1974; 5; 2;15;  54;0.31; 167
25206;1974; 5; 2;20;  52;0.31; 161
25206;1974; 5; 2;25;  39;0.41; 160
25206;1974;10; 2;20;  18;0.12;  22
25206;1974;11; 2;20;  23;0.12;  28
25206;1974;12; 2;20;  25;0.14;  35
25206;1975; 1; 2;20;  29;0.17;  49
25206;1975; 1; 2;31;  34;0.15;  51
25206;1975; 2; 2;10;  40;0.14;  56
25206;1975; 2; 2;20;  44;0.15;  66
25206;1975; 2; 2;28;  45;0.15;  68
25206;1975; 3; 2;10;  46;0.15;  69
25206;1975; 3; 2;20;  46;0.16;  74
25206;1975; 3; 2;31;  45;0.18;  91
25206;1975; 4; 2;10;  45;0.18;  81
25206;1975; 4; 2;20;  45;0.16;  72
25206;1975; 4; 2;25;  44;0.18;  79
25206;1975; 4; 2;30;  42;0.19;  80
25206;1975; 5; 2; 5;  40;0.19;  76
25206;1975; 5; 2;10;  30;0.21;  63
25206;1975; 5; 2;15;  32;0.21;  67
25206;1975; 5; 2;20;  23;0.26;  60
25206;1975;10; 2;20;  17;0.13;  22
25206;1975;11; 2;20;  19;0.18;  34
25206;1975;12; 2;20;  34;0.18;  61
25206;1976; 1; 2;10;  42;0.17;  71
25206;1976; 1; 2;20;  44;0.17;  75
25206;1976; 1; 2;31;  49;0.16;  78
25206;1976; 2; 2;10;  50;0.17;  85
25206;1976; 2; 2;20;  50;0.17;  85
25206;1976; 2; 2;29;  58;0.17;    
25206;1976; 3; 2;10;  58;0.16;  93
25206;1976; 3; 2;20;  59;0.17; 100
25206;1976; 3; 2;31;  60;0.17; 102
25206;1976; 4; 2;10;  62;0.17; 105
25206;1976; 4; 2;20;  53;0.16;  85
25206;1976; 4; 2;25;  53;0.16;  85
25206;1976; 4; 2;30;  52;0.16;  83
25206;1976; 5; 2; 5;  54;0.17;  92
25206;1976; 5; 2;10;  50;0.17;  86
25206;1976; 5; 2;15;  38;0.22;  84
25206;1976; 5; 2;20;  30;0.24;  72
25206;1976; 5; 2;25;  22;0.25;  35
25206;1976; 5; 2;31;   8;0.28;  21
25206;1976;11; 2;20;  27;0.14;  38
25206;1976;12; 2;20;  31;0.15;  46
25206;1977; 1; 2;20;  44;0.10;  44
25206;1977; 1; 2;31;  48;0.15;  72
25206;1977; 2; 2;10;  55;0.16;  88
25206;1977; 2; 2;20;  56;0.17;  95
25206;1977; 2; 2;28;  57;0.17;  97
25206;1977; 3; 2;10;  57;0.17;  97
25206;1977; 3; 2;31;  55;0.18;    
25206;1977; 4; 2;10;  55;0.16;  88
25206;1977; 4; 2;20;  52;0.19;    
25206;1977; 4; 2;25;  52;0.19;    
25206;1977; 4; 2;30;  51;0.17;  87
25206;1977; 5; 2; 5;  44;0.18;  79
25206;1977; 5; 2;10;  39;0.21;  82
25206;1977; 5; 2;15;  35;0.22;  77
25206;1977; 5; 2;20;  28;0.24;  67
25206;1977; 5; 2;25;   2;    ;    
25206;1977; 9; 2;20;  19;0.15;  29
25206;1977;10; 2;20;  36;0.19;  68
25206;1977;11; 2;20;  36;0.18;  65
25206;1977;12; 2;20;  42;0.17;  71
25206;1978; 1; 2;20;  54;0.16;  86
25206;1978; 1; 2;31;  56;0.17;  95
25206;1978; 2; 2;10;  63;0.18; 113
25206;1978; 2; 2;20;  64;0.19; 122
25206;1978; 2; 2;28;  63;0.19; 120
25206;1978; 3; 2;10;  63;0.19; 120
25206;1978; 3; 2;20;  61;0.20; 122
25206;1978; 3; 2;31;  60;0.20; 120
25206;1978; 4; 2;10;  57;0.20; 114
25206;1978; 4; 2;20;  60;0.21; 126
25206;1978; 4; 2;25;  61;0.21; 128
25206;1978; 4; 2;30;  58;0.21; 122
25206;1978; 5; 2; 5;  65;0.19; 124
25206;1978; 5; 2;10;  60;0.20; 120
25206;1978; 5; 2;15;  50;0.20; 100
25206;1978; 5; 2;20;  33;0.34; 112
25206;1978; 9; 2;30;   2;0.00;   0
25206;1978;11; 2;20;  15;0.11;  17
25206;1978;12; 2;20;  30;0.13;  39
25206;1979; 1; 2;20;  43;0.15;  65
25206;1979; 1; 2;31;  46;0.16;  74
25206;1979; 2; 2;10;  48;0.16;  77
25206;1979; 2; 2;20;  52;0.17;  88
25206;1979; 2; 2;28;  52;0.17;  88
25206;1979; 3; 2;10;  52;0.17;  88
25206;1979; 3; 2;20;  50;0.17;  85
25206;1979; 3; 2;31;  52;0.17;  88
25206;1979; 4; 2;10;  51;0.18;  92
25206;1979; 4; 2;20;  50;0.19;  95
25206;1979; 4; 2;25;  51;0.19;  97
25206;1979; 4; 2;30;  52;0.19;    
25206;1979; 5; 2; 5;  44;0.21;  92
25206;1979; 5; 2;10;  29;0.22;  64
25206;1979; 9; 2;30;   2;    ;    
25206;1979;10; 2;20;  14;0.03;   4
25206;1979;12; 2;20;  34;0.13;  44
25206;1980; 1; 2;20;  36;0.16;  58
25206;1980; 1; 2;31;  43;0.15;  65
25206;1980; 2; 2;10;  43;0.14;  60
25206;1980; 2; 2;20;  50;0.17;  85
25206;1980; 2; 2;29;  52;0.16;  83
25206;1980; 3; 2;10;  55;0.15;  83
25206;1980; 3; 2;20;  56;0.16;  90
25206;1980; 3; 2;31;  56;0.16;  90
25206;1980; 4; 2;10;  54;0.17;  92
25206;1980; 4; 2;20;  52;0.16;  83
25206;1980; 4; 2;25;  52;0.19;    
25206;1980; 4; 2;30;  50;0.17;  85
25206;1980; 5; 2; 5;  48;0.16;  77
25206;1980; 5; 2;10;  43;0.18;  77
25206;1980; 5; 2;15;  34;0.21;  71
25206;1980; 5; 2;20;  17;0.40;  68
25206;1980;10; 2; 8;   3;    ;    
25206;1980;10; 2;20;   6;    ;    
25206;1980;11; 2;20;  14;0.11;  15
25206;1980;12; 2;20;  19;0.14;  27
25206;1981; 1; 2;20;  26;0.12;  31
25206;1981; 1; 2;31;  32;0.14;  45
25206;1981; 2; 2;10;  41;0.13;  53
25206;1981; 2; 2;20;  37;0.16;  59
25206;1981; 2; 2;28;  38;0.14;  53
25206;1981; 3; 2;10;  41;0.16;  66
25206;1981; 3; 2;20;  43;0.13;  56
25206;1981; 3; 2;31;  44;0.15;  66
25206;1981; 4; 2;10;  43;0.16;  69
25206;1981; 4; 2;20;  42;0.16;  67
25206;1981; 4; 2;25;  42;0.18;  76
25206;1981; 4; 2;30;  38;0.18;  68
25206;1981; 5; 2; 5;  41;0.17;  70
25206;1981; 5; 2;10;  20;0.22;  44
25206;1981;10; 2;20;  12;0.10;  12
25206;1981;10; 2;31;  14;0.12;  17
25206;1981;11; 2;20;  25;0.14;  35
25206;1981;12; 2;20;  26;0.15;  39
25206;1982; 1; 2;20;  38;0.15;  57
25206;1982; 1; 2;31;  42;0.14;  59
25206;1982; 2; 2;10;  48;0.13;  62
25206;1982; 2; 2;20;  49;0.14;  69
25206;1982; 2; 2;28;  51;0.14;  71
25206;1982; 3; 2;10;  58;0.16;  93
25206;1982; 3; 2;20;  58;0.17;    
25206;1982; 3; 2;31;  58;0.17;    
25206;1982; 4; 2;10;  60;0.18; 108
25206;1982; 4; 2;20;  52;0.18;  94
25206;1982; 4; 2;25;  44;0.21;  92
25206;1982; 4; 2;30;  42;0.21;  88
25206;1982; 5; 2; 5;  41;0.21;  86
25206;1982; 5; 2;10;  49;0.20;  98
25206;1982; 5; 2;15;  36;0.22;  79
25206;1982; 5; 2;20;  22;0.21;  46
25206;1982; 9; 2;27;   2;    ;    
25206;1982;10; 2;20;   5;    ;    
25206;1982;10; 2;31;  16;0.10;  16
25206;1982;11; 2;20;  18;0.14;  25
25206;1982;12; 2;20;  41;0.18;  74
25206;1983; 1; 2;20;  46;0.16;  74
25206;1983; 1; 2;31;  46;0.16;  74
25206;1983; 2; 2;10;  47;0.17;  80
25206;1983; 2; 2;20;  48;0.17;  82
25206;1983; 2; 2;28;  49;0.17;  83
25206;1983; 3; 2;10;  48;0.17;  82
25206;1983; 3; 2;20;  48;0.19;  91
25206;1983; 3; 2;31;  48;0.19;  91
25206;1983; 4; 2;10;  47;0.20;  94
25206;1983; 4; 2;20;  54;0.20; 108
25206;1983; 4; 2;25;  53;0.20; 106
25206;1983; 4; 2;30;  50;0.21; 105
25206;1983; 5; 2; 5;  49;0.21; 103
25206;1983; 5; 2;10;  30;0.25;  75
25206;1983;10; 2;10;  11;0.13;  14
25206;1983;10; 2;20;  10;0.12;  12
25206;1983;11; 2;20;  13;0.12;  16
25206;1983;12; 2;20;  24;0.12;  29
25206;1984; 1; 2;20;  38;0.14;  53
25206;1984; 1; 2;31;  39;0.15;  59
25206;1984; 2; 2;10;  39;0.13;  51
25206;1984; 2; 2;20;  38;0.13;  49
25206;1984; 2; 2;29;  37;0.15;  56
25206;1984; 3; 2;10;  41;0.15;  62
25206;1984; 3; 2;20;  42;0.16;  67
25206;1984; 3; 2;31;  40;0.15;  60
25206;1984; 4; 2;10;  37;0.17;  63
25206;1984; 4; 2;20;  37;0.16;  59
25206;1984; 4; 2;25;  22;0.12;  26
25206;1984; 9; 2;20;   4;    ;    
25206;1984;10; 2;20;  33;0.16;  53
25206;1984;11; 2;20;  54;0.16;  86
25206;1984;12; 2;20;  54;0.19; 103
25206;1985; 1; 2;20;  63;0.19; 120
25206;1985; 1; 2;31;  69;0.20; 138
25206;1985; 2; 2;10;  75;0.19; 143
25206;1985; 2; 2;20;  81;0.18; 146
25206;1985; 2; 2;28;  80;0.20; 160
25206;1985; 3; 2;10;  82;    ;    
25206;1985; 3; 2;20;  81;    ;    
25206;1985; 3; 2;31;  79;    ;    
25206;1985; 4; 2;10;  77;    ;    
25206;1985; 4; 2;20;  75;    ;    
25206;1985; 4; 2;25;  73;    ;    
25206;1985; 4; 2;30;  74;    ;    
25206;1985; 5; 2; 5;  73;    ;    
25206;1985; 5; 2;10;  71;0.21; 149
25206;1985; 5; 2;15;  62;    ;    
25206;1985; 5; 2;20;  61;0.23; 140
25206;1985; 5; 2;25;  34;0.25;  85
25206;1985;10; 2; 5;  11;0.08;   9
25206;1985;10; 2;20;  15;0.13;  20
25206;1985;11; 2;20;  22;0.16;  35
25206;1985;12; 2;20;  50;0.13;  65
25206;1986; 1; 2;20;  55;0.16;  88
25206;1986; 1; 2;31;  56;0.16;  90
25206;1986; 2; 2;10;  54;0.16;  86
25206;1986; 2; 2;20;  65;0.16; 104
25206;1986; 2; 2;28;  62;0.17; 105
25206;1986; 3; 2;10;  60;0.18; 108
25206;1986; 3; 2;20;  59;0.18; 106
25206;1986; 3; 2;31;  61;0.18; 110
25206;1986; 4; 2;10;  59;0.18; 106
25206;1986; 4; 2;20;  53;0.17;  90
25206;1986; 4; 2;25;  51;0.17;  87
25206;1986; 4; 2;30;  47;0.19;  89
25206;1986; 5; 2; 5;  38;0.22;  84
25206;1986; 5; 2;10;  39;0.21;  82
25206;1986; 5; 2;15;  15;0.29;  44
25206;1986;10; 2; 4;   4;    ;    
25206;1986;10; 2;20;  10;0.13;  13
25206;1986;11; 2;20;  28;0.15;  42
25206;1986;12; 2;20;  31;0.15;  47
25206;1987; 1; 2;20;  36;0.15;  54
25206;1987; 1; 2;31;  40;0.16;  64
25206;1987; 2; 2;10;  41;0.16;  66
25206;1987; 2; 2;20;  41;0.16;  66
25206;1987; 2; 2;28;  42;0.16;  67
25206;1987; 3; 2;10;  50;0.16;  80
25206;1987; 3; 2;20;  50;0.16;  80
25206;1987; 3; 2;31;  51;0.16;  82
25206;1987; 4; 2;10;  51;0.16;  82
25206;1987; 4; 2;20;  51;0.16;  82
25206;1987; 4; 2;25;  55;0.14;  77
25206;1987; 4; 2;30;  55;0.14;  77
25206;1987; 5; 2; 5;  45;    ;    
25206;1987; 5; 2;10;  40;0.19;  76
25206;1987; 5; 2;15;  29;0.19;  55
25206;1987; 5; 2;20;  20;0.20;  40
25206;1987; 5; 2;25;  17;0.22;  37
25206;1987; 9; 2;30;   3;    ;    
25206;1987;10; 2;20;  28;0.16;  45
25206;1987;11; 2;20;  31;0.15;  47
25206;1987;12; 2;20;  41;0.15;  62
25206;1988; 1; 2;20;  50;0.17;  85
25206;1988; 1; 2;31;  56;0.16;  90
25206;1988; 2; 2;10;  67;0.16; 107
25206;1988; 2; 2;20;  69;0.16; 110
25206;1988; 2; 2;29;  69;0.16; 110
25206;1988; 3; 2;10;  68;0.16; 109
25206;1988; 3; 2;20;  68;0.16; 109
25206;1988; 3; 2;31;  68;0.16; 109
25206;1988; 4; 2;10;  67;0.16; 107
25206;1988; 4; 2;20;  62;0.21; 130
25206;1988; 4; 2;25;  62;0.21; 130
25206;1988; 4; 2;30;  59;0.22; 130
25206;1988; 5; 2; 5;  40;0.25; 100
25206;1988; 5; 2;10;  38;0.23;  87
25206;1988; 5; 2;15;  21;0.25;  53
25206;1988; 5; 2;20;  18;0.25;  45
25206;1988;10; 2;11;   2;    ;    
25206;1988;10; 2;20;   3;    ;    
25206;1988;11; 2;20;  12;0.10;  12
25206;1988;12; 2;20;  18;0.10;  18
25206;1989; 1; 2;20;  25;0.12;  30
25206;1989; 1; 2;31;  25;0.11;  28
25206;1989; 2; 2;10;  30;0.13;  39
25206;1989; 2; 2;20;  60;0.13;  78
25206;1989; 2; 2;28;  61;0.13;  79
25206;1989; 3; 2;10;  53;    ;    
25206;1989; 3; 2;20;  49;0.17;  83
25206;1989; 3; 2;31;  45;0.18;  81
25206;1989; 4; 2;10;  46;0.19;  87
25206;1989; 4; 2;20;  46;0.19;  87
25206;1989; 4; 2;25;  44;0.20;  88
25206;1989; 4; 2;30;  42;0.21;  88
25206;1989; 5; 2; 5;  40;0.21;  84
25206;1989; 5; 2;10;  30;0.25;  75
25206;1989; 5; 2;15;  19;0.24;  46
25206;1989; 5; 2;20;  11;0.28;  31
25206;1989; 9; 2;27;   0;    ;    
25206;1989;10; 2;20;  20;0.13;  26
25206;1989;11; 2;20;  21;0.15;  32
25206;1989;12; 2;20;  31;0.14;  43
25206;1990; 1; 2;20;  37;0.14;  52
25206;1990; 1; 2;31;  37;0.15;  56
25206;1990; 2; 2;10;  42;0.14;  59
25206;1990; 2; 2;20;  44;0.16;  70
25206;1990; 2; 2;28;  44;0.17;  75
25206;1990; 3; 2;10;  40;0.19;  76
25206;1990; 3; 2;20;  42;0.18;  76
25206;1990; 3; 2;31;  44;0.17;  75
25206;1990; 4; 2;10;  41;0.17;  70
25206;1990; 4; 2;20;  36;0.19;  68
25206;1990; 4; 2;25;  35;0.21;  74
25206;1990; 4; 2;30;  33;0.22;  73
25206;1990; 5; 2; 5;  13;0.27;  35
25206;1990;10; 2;20;   7;0.15;  11
25206;1990;11; 2;20;  27;0.12;  32
25206;1990;12; 2;20;  32;0.15;  48
25206;1991; 1; 2;20;  36;    ;    
25206;1991; 1; 2;31;  36;0.17;  61
25206;1991; 2; 2;10;  37;0.18;  67
25206;1991; 2; 2;20;  40;0.18;  72
25206;1991; 2; 2;28;  39;0.18;  70
25206;1991; 3; 2;10;  40;0.18;  72
25206;1991; 3; 2;20;  50;0.18;  90
25206;1991; 3; 2;31;  52;0.18;  94
25206;1991; 4; 2;10;  50;0.18;  90
25206;1991; 4; 2;20;  49;0.19;  93
25206;1991; 4; 2;25;  48;0.19;  91
25206;1991; 4; 2;30;  41;0.22;  90
25206;1991; 5; 2; 5;   5;0.46;  23
25206;1991;10; 2;20;  14;0.18;  25
25206;1991;11; 2;20;  24;0.18;  43
25206;1991;12; 2;20;  46;0.15;  69
25206;1992; 1; 2;20;  48;0.15;  72
25206;1992; 1; 2;31;  48;0.15;  72
25206;1992; 2; 2;10;  49;0.16;  78
25206;1992; 2; 2;20;  49;0.16;  78
25206;1992; 2; 2;29;  50;0.17;  85
25206;1992; 3; 2;10;  50;0.17;  85
25206;1992; 3; 2;20;  51;0.17;  87
25206;1992; 3; 2;31;  52;0.18;  94
25206;1992; 4; 2;10;  64;0.17; 109
25206;1992; 4; 2;20;  62;0.22; 136
25206;1992; 4; 2;25;  59;0.22; 130
25206;1992; 4; 2;30;  58;0.24; 139
25206;1992; 5; 2; 5;  54;0.24; 130
25206;1992; 5; 2;10;  49;0.28; 137
25206;1992; 5; 2;15;  18;0.29;  41
25206;1992;10; 2;20;   9;0.11;  10
25206;1992;11; 2;20;  25;0.10;  25
25206;1992;12; 2;20;  30;0.13;  39
25206;1993; 1; 2;20;  39;0.15;  59
25206;1993; 1; 2;31;  38;0.16;  61
25206;1993; 2; 2;10;  48;0.13;  62
25206;1993; 2; 2;20;  60;0.14;  84
25206;1993; 2; 2;28;  62;0.15;  93
25206;1993; 3; 2;10;  60;0.15;  90
25206;1993; 3; 2;20;  61;0.15;  92
25206;1993; 3; 2;31;  61;0.15;  92
25206;1993; 4; 2;10;  51;0.18;  92
25206;1993; 4; 2;20;  39;0.22;  86
25206;1993; 4; 2;25;  41;0.21;  86
25206;1993; 4; 2;30;  45;0.21;  95
25206;1993; 5; 2; 5;  30;0.27;  81
25206;1993; 5; 2;10;  25;0.33;  83
25206;1993;10; 2;20;  11;0.10;  11
25206;1993;11; 2;20;  29;0.14;  41
25206;1993;12; 2;20;  30;0.13;  39
25206;1994; 1; 2;20;  37;0.14;  52
25206;1994; 1; 2;31;  40;0.15;  60
25206;1994; 2; 2;10;  41;0.15;  62
25206;1994; 2; 2;20;  46;0.15;  69
25206;1994; 2; 2;28;  50;0.15;  75
25206;1994; 3; 2;10;  50;0.16;  80
25206;1994; 3; 2;20;  49;0.16;  78
25206;1994; 3; 2;31;  49;0.16;  78
25206;1994; 4; 2;10;  45;0.17;  77
25206;1994; 4; 2;20;  44;0.17;  75
25206;1994; 4; 2;25;  41;0.18;  74
25206;1994; 4; 2;30;  41;0.18;  74
25206;1994; 5; 2; 5;  31;0.24;  74
25206;1994; 5; 2;10;  21;0.29;  61
25206;1994;10; 2;20;   4;    ;    
25206;1994;11; 2;20;  21;0.14;  29
25206;1994;12; 2;20;  35;0.15;  53
25206;1995; 1; 2;20;  42;0.15;  63
25206;1995; 1; 2;31;  45;0.15;  68
25206;1995; 2; 2;10;  46;0.16;  74
25206;1995; 2; 2;20;  50;0.16;  80
25206;1995; 2; 2;28;  50;0.16;  80
25206;1995; 3; 2;10;  50;0.16;  80
25206;1995; 3; 2;20;  53;0.16;  85
25206;1995; 3; 2;31;  50;0.17;  85
25206;1995; 4; 2;10;  50;0.17;  85
25206;1995; 4; 2;20;  49;0.18;  88
25206;1995; 4; 2;25;  47;0.20;  94
25206;1995; 4; 2;30;  45;0.21;  95
25206;1995; 5; 2; 5;  41;0.24;  98
25206;1995; 5; 2;10;  34;0.30; 102
25206;1995; 5; 2;15;  26;0.34;  88
25206;1995;10; 2;20;   3;    ;    
25206;1995;11; 2;20;   8;0.13;  10
25206;1995;12; 2;20;  18;0.15;  27
25206;1996; 1; 2;20;  31;0.15;  47
25206;1996; 1; 2;31;  34;0.16;  54
25206;1996; 2; 2;10;  38;0.16;  61
25206;1996; 2; 2;20;  39;0.16;  62
25206;1996; 2; 2;29;  40;0.16;  64
25206;1996; 3; 2;10;  42;0.16;  67
25206;1996; 3; 2;20;  46;0.17;  78
25206;1996; 3; 2;31;  50;0.17;  85
25206;1996; 4; 2;10;  58;0.17;  99
25206;1996; 4; 2;20;  62;0.18; 112
25206;1996; 4; 2;25;  60;0.18; 108
25206;1996; 4; 2;30;  54;0.20; 108
25206;1996; 5; 2; 5;  50;0.21; 105
25206;1996; 5; 2;10;  45;0.23; 104
25206;1996; 5; 2;15;  36;0.28; 101
25206;1996;10; 2;20;   7;0.13;   9
25206;1996;11; 2;20;  44;0.13;  57
25206;1996;12; 2;20;  46;0.14;  64
25206;1997; 1; 2;20;  52;0.15;  78
25206;1997; 1; 3;31;  53;0.15;  80
25206;1997; 2; 2;10;  55;0.15;  83
25206;1997; 2; 3;20;  57;0.16;  91
25206;1997; 2; 3;28;  59;0.16;  94
25206;1997; 3; 2;10;  61;0.16;  98
25206;1997; 3; 3;20;  64;0.17; 109
25206;1997; 3; 3;31;  65;0.17; 111
25206;1997; 4; 2;10;  66;0.17; 112
25206;1997; 4; 3;20;  62;0.19; 118
25206;1997; 4; 3;25;  59;0.20; 118
25206;1997; 4; 3;30;  58;0.20; 116
25206;1997; 5; 2; 5;  56;0.20; 112
25206;1997; 5; 3;10;  55;0.21; 116
25206;1997; 5; 3;15;  51;0.22; 112
25206;1997; 5; 3;20;  50;0.22; 110
25206;1997; 5; 3;25;  45;0.23; 104
25206;1997; 9; 2;20;   5;    ;    
25206;1997;10; 2;20;  10;0.13;  13
25206;1997;11; 2;20;  25;0.14;  35
25206;1997;12; 2;20;  31;0.15;  47
25206;1998; 1; 2;20;  32;0.19;  61
25206;1998; 1; 3;31;  34;0.19;  65
25206;1998; 2; 2;10;  35;0.19;  67
25206;1998; 2; 3;20;  35;0.19;  67
25206;1998; 2; 3;28;  36;0.19;  68
25206;1998; 3; 2;10;  40;0.19;  76
25206;1998; 3; 3;20;  40;0.19;  76
25206;1998; 3; 3;31;  41;0.19;  78
25206;1998; 4; 2;10;  46;0.19;  87
25206;1998; 4; 3;20;  46;0.19;  87
25206;1998; 4; 3;25;  48;0.19;  91
25206;1998; 4; 3;30;  48;0.19;  91
25206;1998; 5; 2; 5;  47;0.20;  94
25206;1998; 5; 3;10;  38;0.22;  84
25206;1998; 5; 3;15;  37;0.22;  81
25206;1998; 5; 3;20;  34;0.23;  78
25206;1998;10; 2;20;  25;0.13;  33
25206;1998;11; 2;20;  61;0.18; 110
25206;1998;12; 2;20;  58;0.20; 116
25206;1999; 1; 2;20;  66;0.19; 125
25206;1999; 1; 3;31;  61;0.21; 128
25206;1999; 2; 2;10;  66;0.20; 132
25206;1999; 2; 3;20;  67;0.20; 134
25206;1999; 2; 3;28;  67;0.20; 134
25206;1999; 3; 2;10;  68;0.20; 136
25206;1999; 3; 3;20;  68;0.20; 136
25206;1999; 3; 3;31;  70;0.20; 140
25206;1999; 4; 2;10;  69;0.20; 138
25206;1999; 4; 3;20;  67;0.21; 141
25206;1999; 4; 3;25;  66;0.22; 145
25206;1999; 4; 3;30;  66;0.22; 145
25206;1999; 5; 2; 5;  44;0.24; 106
25206;1999; 5; 3;10;  32;0.25;  80
25206;1999;10; 2;20;  11;0.12;  13
25206;1999;11; 2;20;  15;0.14;  21
25206;1999;12; 2;20;  29;0.14;  41
25206;2000; 1; 2;20;  40;0.15;  60
25206;2000; 1; 3;31;  40;0.15;  60
25206;2000; 2; 2;10;  41;0.16;  66
25206;2000; 2; 3;20;  43;0.16;  69
25206;2000; 2; 3;29;  44;0.16;  70
25206;2000; 3; 2;10;  49;0.16;  78
25206;2000; 3; 3;20;  55;0.17;  94
25206;2000; 3; 3;31;  60;0.18; 108
25206;2000; 4; 2;10;  62;0.19; 118
25206;2000; 4; 3;20;  43;0.22;  95
25206;2000; 4; 3;25;  40;0.22;  88
25206;2000; 4; 3;30;  35;0.23;  81
25206;2000; 5; 2; 5;  35;0.23;  81
25206;2000; 5; 3;10;  26;0.24;  62
25206;2000;10; 2;20;   4;    ;    
25206;2000;11; 2;20;  20;0.12;  24
25206;2000;12; 2;20;  35;0.15;  53
25206;2001; 1; 2;20;  38;0.15;  57
25206;2001; 2; 2;10;  48;0.17;  82
25206;2001; 2; 3;20;  55;0.17;  94
25206;2001; 2; 3;28;  55;0.17;  94
25206;2001; 3; 2;10;  55;0.18;  99
25206;2001; 3; 3;20;  57;0.20; 114
25206;2001; 3; 3;31;  59;0.23; 136
25206;2001; 4; 2;10;  55;0.24; 132
25206;2001; 4; 3;20;  54;0.25; 135
25206;2001; 4; 3;25;  54;0.25; 135
25206;2001; 4; 3;30;  51;0.25; 128
25206;2001; 5; 2; 5;  41;0.28; 115
25206;2001; 5; 3;10;   6;0.35;  21
25206;2001; 9; 2;20;  30;0.19;  57
25206;2001;10; 2;20;  42;0.18;  76
25206;2001;11; 2;20;  55;0.21; 116
25206;2001;12; 2;20;  61;0.21; 128
25206;2002; 1; 2;20;  62;0.21; 130
25206;2002; 1; 3;31;  65;0.21; 137
25206;2002; 2; 2;10;  67;0.20; 134
25206;2002; 2; 3;20;  69;0.21; 145
25206;2002; 2; 3;28;  69;0.21; 145
25206;2002; 3; 2;10;  75;0.20; 150
25206;2002; 3; 3;20;  80;0.20; 160
25206;2002; 3; 3;31;  82;0.20; 164
25206;2002; 4; 2;10;  78;0.23; 179
25206;2002; 4; 3;20;  82;0.23; 189
25206;2002; 4; 3;25;  80;0.23; 184
25206;2002; 5; 2; 5;  72;0.28; 202
25206;2002; 5; 3;10;  68;0.27; 184
25206;2002; 5; 3;15;  62;0.27; 167
25206;2002; 5; 3;20;  58;0.25; 145
25206;2002;10; 2;20;  10;0.15;  15
25206;2002;11; 2;20;  22;0.13;  29
25206;2002;12; 2;20;  38;0.13;  49
25206;2003; 1; 2;20;  38;0.13;  49
25206;2003; 1; 3;31;  53;0.13;  69
25206;2003; 2; 2;10;  53;0.14;  74
25206;2003; 2; 3;20;  53;0.15;  80
25206;2003; 2; 3;28;  52;0.15;  78
25206;2003; 3; 2;10;  61;0.14;  85
25206;2003; 3; 3;20;  61;0.15;  92
25206;2003; 3; 3;31;  60;0.16;  96
25206;2003; 4; 2;10;  57;0.17;  97
25206;2003; 4; 3;20;  53;0.18;  95
25206;2003; 4; 3;25;  53;0.20; 106
25206;2003; 4; 3;30;  55;0.20; 110
25206;2003; 5; 2; 5;  45;0.21;  95
25206;2003; 5; 3;10;  28;0.24;  67
25206;2003; 5; 3;15;  22;0.27;  59
25206;2003;10; 2;20;   5;0.13;   7
25206;2003;11; 2;20;  26;0.14;  36
25206;2003;12; 2;20;  31;0.15;  47
25206;2004; 1; 2;20;  39;0.16;  62
25206;2004; 1; 3;31;  40;0.16;  64
25206;2004; 2; 2;10;  41;0.17;  70
25206;2004; 2; 3;20;  42;0.18;  76
25206;2004; 2; 3;29;  42;0.19;  80
25206;2004; 3; 2;10;  48;0.19;  91
25206;2004; 3; 3;20;  46;0.20;  92
25206;2004; 3; 3;31;  47;0.20;  94
25206;2004; 4; 2;10;  47;0.20;  94
25206;2004; 4; 3;20;  53;0.21; 111
25206;2004; 4; 3;25;  48;0.22; 106
25206;2004; 4; 3;30;  47;0.22; 103
25206;2004; 5; 2; 5;  41;0.22;  90
25206;2004; 5; 3;10;  40;0.23;  92
25206;2004; 5; 3;15;  34;0.24;  82
25206;2004;10; 2;20;  23;0.13;  30
25206;2004;11; 2;20;  24;0.13;  31
25206;2004;12; 2;20;  38;0.14;  53
25206;2005; 1; 2;20;  41;0.14;  57
25206;2005; 1; 3;31;  43;0.14;  60
25206;2005; 2; 2;10;  42;0.14;  59
25206;2005; 2; 3;20;  43;0.16;  69
25206;2005; 2; 3;28;  43;0.18;  77
25206;2005; 3; 2;10;  43;0.19;  82
25206;2005; 3; 3;20;  45;0.19;  86
25206;2005; 3; 3;31;  44;0.19;  84
25206;2005; 4; 2;10;  43;0.21;  90
25206;2005; 4; 3;20;  42;0.21;  88
25206;2005; 4; 3;25;  31;0.22;  68
25206;2005; 4; 3;30;  24;0.23;  55
25206;2005; 5; 2; 5;   6;0.26;  16
25206;2005; 5; 3;10;   5;0.26;  13
25206;2005;10; 2;20;  14;0.13;  18
25206;2005;11; 2;20;  18;0.13;  23
25206;2005;12; 2;20;  24;0.15;  36
25206;2006; 1; 2;20;  28;0.15;  42
25206;2006; 1; 3;31;  30;0.15;  45
25206;2006; 2; 2;10;  35;0.14;  49
25206;2006; 2; 3;20;  40;0.15;  60
25206;2006; 2; 3;28;  40;0.15;  60
25206;2006; 3; 2;10;  41;0.18;  74
25206;2006; 3; 3;20;  44;0.16;  70
25206;2006; 3; 3;31;  51;0.15;  77
25206;2006; 4; 2;10;  49;0.17;  83
25206;2006; 4; 3;20;  46;0.17;  78
25206;2006; 4; 3;25;  46;0.20;  92
25206;2006; 4; 3;30;  46;0.22; 101
25206;2006; 5; 2; 5;  30;0.21;  63
25206;2006; 5; 3;10;  22;0.23;  51
25206;2006; 5; 3;15;  23;0.19;  44
25206;2006; 5; 3;20;  14;0.26;  36
25206;2006;10; 2;20;  44;0.11;  48
25206;2006;11; 2;20;  54;0.15;  81
25206;2006;12; 2;20;  67;0.22; 147
25206;2007; 1; 2;20;  72;0.24; 173
25206;2007; 1; 2;31;  70;0.23; 161
25206;2007; 2; 2;10;  78;0.21; 164
25206;2007; 2; 2;20;  84;0.22; 185
25206;2007; 2; 2;28;  88;0.18; 158
25206;2007; 3; 2;10;  87;0.23; 200
25206;2007; 3; 2;20;  83;0.24; 199
25206;2007; 3; 2;31;  80;0.24; 192
25206;2007; 4; 2;10;  82;0.22; 180
25206;2007; 4; 2;20;  80;0.22; 176
25206;2007; 4; 2;25;  78;0.22; 172
25206;2007; 4; 2;30;  69;0.21; 145
25206;2007; 5; 2; 5;  64;0.24; 154
25206;2007; 5; 2;10;  59;0.25; 148
25206;2007; 5; 2;15;  24;0.28;  67
25206;2007;10; 2;20;  11;0.15;  17
25206;2007;11; 2;20;  30;0.12;  36
25206;2007;12; 2;20;  57;0.13;  74
25206;2008; 1; 2;20;  57;0.15;  86
25206;2008; 1; 2;31;  53;0.16;  85
25206;2008; 2; 2;10;  57;0.17;  97
25206;2008; 2; 2;20;  61;0.17; 104
25206;2008; 2; 2;29;  57;0.19; 108
25206;2008; 3; 2;10;  62;0.18; 112
25206;2008; 3; 2;20;  60;0.20; 120
25206;2008; 3; 2;31;  65;0.20; 130
25206;2008; 4; 2;10;  61;0.22; 134
25206;2008; 4; 2;20;  61;0.22; 134
25206;2008; 4; 2;25;  60;0.23; 138
25206;2008; 4; 2;30;  58;0.24; 139
25206;2008; 5; 2; 5;  31;0.30;  93
25206;2008; 5; 2;10;  29;0.30;  87
25206;2008; 5; 2;15;   7;0.23;  16
25206;2008;10; 2;20;   8;0.09;   7
25206;2008;11; 2;20;  18;0.10;  18
25206;2008;12; 2;20;  29;0.10;  29
25206;2009; 1; 2;20;  33;0.16;  53
25206;2009; 1; 2;31;  34;0.15;  51
25206;2009; 2; 2; 9;  34;0.16;  54
25206;2009; 2; 2;10;  34;0.16;  54
25206;2009; 2; 2;20;  35;0.16;  56
25206;2009; 3; 2;10;  39;0.16;  62
25206;2009; 3; 2;20;  40;0.16;  64
25206;2009; 3; 2;31;  39;0.17;  66
25206;2009; 4; 2;10;  45;0.17;  77
25206;2009; 4; 2;20;  36;0.22;  79
25206;2009; 4; 2;25;  35;0.23;  81
25206;2009; 4; 2;30;  37;0.23;  85
25206;2009; 5; 2; 5;  30;0.24;  72
25206;2009; 5; 2;10;   7;0.24;  17
25206;2009; 5; 2;15;   1;    ;    
25206;2009;10; 2;20;  11;0.11;  12
25206;2009;11; 2;20;  28;0.15;  42
25206;2009;12; 2;20;  38;0.15;  57
25206;2010; 1; 2;20;  43;0.18;  77
25206;2010; 1; 2;31;  51;0.18;  92
25206;2010; 2; 2;10;  51;0.18;  92
25206;2010; 2; 2;20;  52;0.18;  94
25206;2010; 2; 2;28;  58;0.17;  99
25206;2010; 3; 2;10;  59;0.17; 100
25206;2010; 3; 2;20;  60;0.18; 108
25206;2010; 3; 2;31;  61;0.19; 116
25206;2010; 4; 2;10;  61;0.19; 116
25206;2010; 4; 2;20;  59;0.21; 124
25206;2010; 4; 2;25;  58;0.22; 128
25206;2010; 4; 2;30;  58;0.23; 133
25206;2010; 5; 2; 5;  47;0.25; 118
25206;2010; 5; 2;10;   8;0.28;  22
25206;2010;10; 2;20;  10;0.14;  14
25206;2010;11; 2;20;  19;0.16;  30
25206;2010;12; 2;20;  39;0.15;  59
25206;2011; 1; 2;20;  40;0.13;  52
25206;2011; 1; 2;31;  47;0.13;  61
25206;2011; 2; 2;10;  50;0.14;  70
25206;2011; 2; 2;20;  50;0.14;  70
25206;2011; 2; 2;28;  51;0.15;  77
25206;2011; 3; 2;10;  52;0.17;  88
25206;2011; 3; 2;20;  51;0.17;  87
25206;2011; 3; 2;31;  59;0.17; 100
25206;2011; 4; 2;10;  59;0.19; 112
25206;2011; 4; 2;20;  31;0.20;  62
25206;2011; 4; 2;25;  27;0.19;  51
25206;2011; 4; 2;30;  31;0.20;  62
25206;2011;10; 2;20;   4;    ;    
25206;2011;11; 2;20;  20;0.14;  28
25206;2011;12; 2;20;  28;0.17;  48
25206;2012; 1; 2;20;  35;0.17;  60
25206;2012; 1; 2;31;  36;0.17;  61
25206;2012; 2; 2;10;  36;0.18;  65
25206;2012; 2; 2;20;  36;0.18;  65
25206;2012; 2; 2;29;  36;0.18;  65
25206;2012; 3; 2;10;  36;0.19;  68
25206;2012; 3; 2;20;  38;0.19;  72
25206;2012; 3; 2;31;  46;0.17;  78
25206;2012; 4; 2;10;  47;0.17;  80
25206;2012; 4; 2;20;  20;0.21;  42
25206;2012; 4; 2;25;  18;0.22;  40
25206;2012; 4; 2;30;  18;0.20;  36
25206;2012; 5; 2; 5;  17;0.18;  31
25206;2012; 5; 2;10;   4;    ;    
25206;2012; 5; 2;15;   4;    ;    
25206;2012;10; 2;20;   6;0.08;   5
25206;2012;11; 2;20;  20;0.10;  20
25206;2012;12; 2;20;  29;0.15;  44
25206;2013; 1; 2;20;  37;0.15;  56
25206;2013; 1; 2;31;  39;0.16;  62
25206;2013; 2; 2;10;  41;0.17;  70
25206;2013; 2; 2;20;  42;0.18;  76
25206;2013; 2; 2;28;  43;0.18;  77
25206;2013; 3; 2;10;  47;0.18;  85
25206;2013; 3; 2;20;  60;0.17; 102
25206;2013; 3; 2;31;  58;0.18; 104
25206;2013; 4; 2;10;  57;0.17;  97
25206;2013; 4; 2;20;  45;0.20;  90
25206;2013; 4; 2;25;  45;0.20;  90
25206;2013; 4; 2;30;  32;0.22;  70
25206;2013; 5; 2; 5;  17;0.28;  48
25206;2014;10; 2;20;   4;    ;    
25206;2014;11; 2;20;  43;0.11;  47
25206;2014;12; 2;20;  43;0.17;  73
25206;2015; 1; 2;20;  52;0.14;  73
25206;2015; 1; 2;31;  54;0.14;  76
25206;2015; 2; 2;10;  55;0.15;  83
25206;2015; 2; 2;20;  56;0.15;  84
25206;2015; 2; 2;28;  63;0.15;  95
25206;2015; 3; 2;10;  63;0.15;  95
25206;2015; 3; 2;20;  63;0.15;  95
25206;2015; 3; 2;31;  61;0.16;  98
25206;2015; 4; 2;10;  65;0.18; 117
25206;2015; 4; 2;20;  61;0.19; 116
25206;2015; 4; 2;25;  57;0.20; 114
25206;2015; 4; 2;30;  41;0.23;  94
25206;2015; 5; 2; 5;  21;0.25;  53
25206;2015; 5; 2;10;   7;0.25;  18
25206;2015;10; 2;20;  12;0.12;  14
25206;2015;11; 2;20;  30;0.11;  33
25206;2015;12; 2;20;  36;0.14;  50
25206;2016; 1; 2;20;  49;0.15;  74
25206;2016; 1; 2;31;  51;0.15;  77
25206;2016; 2; 2;10;  51;0.15;  77
25206;2016; 2; 2;20;  53;0.15;  80
25206;2016; 2; 2;29;  57;0.15;  86
25206;2016; 3; 2;10;  57;0.15;  86
25206;2016; 3; 2;20;  56;0.15;  84
25206;2016; 3; 2;31;  58;0.16;  93
25206;2016; 4; 2;10;  53;0.18;  95
25206;2016; 4; 2;20;  45;0.18;  81
25206;2016; 4; 2;25;  41;0.19;  78
25206;2016; 4; 2;30;  37;0.20;  74
25206;2016; 5; 2; 5;   3;    ;    
25206;2016;10; 2;20;  48;0.18;  86
25206;2016;11; 2; 1;  67;0.19; 127
25206;2016;11; 2;10;  68;0.19; 129
25206;2016;11; 2;20;  71;0.19; 135
25206;2016;12; 2;20;  78;0.21; 164
25206;2017; 1; 2;20;  92;0.20; 184
25206;2017; 1; 2;31;  97;0.21; 204
25206;2017; 2; 2;10; 102;0.21; 214
25206;2017; 2; 2;20; 103;0.21; 216
25206;2017; 2; 2;28; 105;0.21; 221
25206;2017; 3; 2;10; 111;0.21; 233
25206;2017; 3; 2;20; 109;0.21; 229
25206;2017; 3; 2;31;  90;0.21; 189
25206;2017; 4; 2;10;  88;0.22; 194
25206;2017; 4; 2;20;  88;0.22; 194
25206;2017; 4; 2;25;  58;0.24; 139
25206;2017; 4; 2;30;  33;0.30;  99
25206;2017; 5; 2; 5;  12;0.32;  38
25206;2017; 5; 2;10;   9;0.34;  31
25206;2017;10; 2;20;  30;0.14;  42
25206;2017;11; 2;20;  65;0.16; 104
25206;2017;12; 2;20;  79;0.17; 134
25206;2018; 1; 2;20;  90;0.19; 171
25206;2018; 1; 2;31;  96;0.19; 182
25206;2018; 2; 2;10;  99;0.19; 188
25206;2018; 2; 2;20; 105;0.19; 200
25206;2018; 2; 2;28; 110;0.19; 209
25206;2018; 3; 2;10; 104;0.20; 208
25206;2018; 3; 2;20; 103;0.21; 216
25206;2018; 3; 2;31; 101;0.22; 222
25206;2018; 4; 2;10;  87;0.23; 200
25206;2018; 4; 2;20;  70;0.23; 161
25206;2018; 4; 2;25;  50;0.25; 125
25206;2018; 4; 2;30;  38;0.25;  95
25206;2018; 5; 2; 5;  23;0.26;  60
25206;2018; 5; 2;10;  15;0.28;  42
25206;2018; 5; 2;15;   2;    ;    
25206;2018;10; 2;20;   8;0.15;  12
