30229;1966;10; 1;31;   8;0.14;  11
30229;1966;10; 2;31;  17;0.13;  22
30229;1966;11; 1;10;   9;0.14;  13
30229;1966;11; 2;10;  20;0.14;  28
30229;1966;11; 1;20;  15;0.15;  23
30229;1966;11; 2;20;  26;0.12;  31
30229;1966;11; 1;30;  18;0.18;  32
30229;1966;11; 2;30;  31;0.15;  47
30229;1966;12; 1;10;  27;0.16;  43
30229;1966;12; 2;10;  44;0.16;  70
30229;1966;12; 1;20;  26;0.19;  49
30229;1966;12; 2;20;  39;0.16;  62
30229;1966;12; 1;31;  29;0.20;  58
30229;1966;12; 2;31;  41;0.18;  74
30229;1967; 1; 1;10;  32;0.19;  61
30229;1967; 1; 2;10;  47;0.18;  85
30229;1967; 1; 1;20;  27;0.20;  54
30229;1967; 1; 2;20;  47;0.19;  89
30229;1967; 1; 1;31;  27;0.21;  57
30229;1967; 1; 2;31;  49;0.19;  93
30229;1967; 2; 1;10;  31;0.20;  62
30229;1967; 2; 2;10;  50;0.18;  90
30229;1967; 2; 1;20;  34;0.20;  68
30229;1967; 2; 2;20;  53;0.18;  95
30229;1967; 2; 1;28;  34;0.20;  68
30229;1967; 2; 2;28;  53;0.17;  90
30229;1967; 3; 2; 5;    ;    ;   0
30229;1967; 3; 1;10;  34;0.21;  71
30229;1967; 3; 2;10;  55;0.19; 105
30229;1967; 3; 1;15;  34;0.20;  68
30229;1967; 3; 2;15;  58;0.19; 110
30229;1967; 3; 1;20;  41;0.20;  82
30229;1967; 3; 2;20;  59;0.20; 118
30229;1967; 3; 1;25;  40;0.19;  76
30229;1967; 3; 2;25;  59;0.19; 112
30229;1967; 3; 1;31;  35;0.21;  74
30229;1967; 3; 2;31;  58;0.19; 110
30229;1967; 4; 1; 5;  40;0.20;  80
30229;1967; 4; 2; 5;  61;0.19; 116
30229;1967; 4; 1;10;  36;0.21;  76
30229;1967; 4; 2;10;  60;0.19; 114
30229;1967; 4; 1;15;  31;0.24;  74
30229;1967; 4; 2;15;  55;0.20; 110
30229;1967; 4; 2;20;  35;0.30; 105
30229;1967; 4; 1;25;   0;    ;   0
30229;1967; 4; 2;25;  24;0.31;  74
30229;1967; 4; 2;30;  13;    ;    
30229;1967; 5; 2; 5;   1;    ;    
30229;1967;10; 1;31;   1;    ;    
30229;1967;11; 1;10;   3;    ;    
30229;1967;11; 1;20;   9;0.23;  21
30229;1967;11; 2;20;  13;0.21;  27
30229;1967;11; 1;30;  14;0.20;  28
30229;1967;12; 1;10;  18;0.20;  36
30229;1967;12; 1;20;  17;0.20;  34
30229;1967;12; 2;20;  24;0.19;  46
30229;1967;12; 1;31;  25;0.17;  43
30229;1968; 1; 1;10;  22;0.19;  42
30229;1968; 1; 2;10;    ;    ;   0
30229;1968; 1; 1;20;  25;0.16;  40
30229;1968; 1; 2;20;  33;0.14;  46
30229;1968; 1; 1;31;  25;0.17;  43
30229;1968; 1; 2;31;  31;0.19;  59
30229;1968; 2; 1;10;  25;0.17;  43
30229;1968; 2; 2;10;  33;    ;    
30229;1968; 2; 1;20;  28;0.18;  50
30229;1968; 2; 2;20;  35;0.19;  67
30229;1968; 2; 1;29;  27;0.19;  51
30229;1968; 2; 2;29;  35;0.18;  63
30229;1968; 3; 2; 5;    ;    ;   0
30229;1968; 3; 1;10;  24;0.20;  48
30229;1968; 3; 2;10;  35;0.19;  67
30229;1968; 3; 1;15;  23;    ;    
30229;1968; 3; 2;15;    ;    ;   0
30229;1968; 3; 1;20;  18;0.22;  40
30229;1968; 3; 2;20;  35;0.19;  67
30229;1968; 3; 1;25;  13;0.26;  34
30229;1968; 3; 2;25;  31;0.19;  59
30229;1968; 3; 1;31;   2;    ;    
30229;1968; 3; 2;31;  30;0.19;  57
30229;1968; 4; 2; 5;  33;0.19;  63
30229;1968; 4; 1;10;  17;0.28;  48
30229;1968; 4; 2;10;  56;0.18; 101
30229;1968; 4; 1;15;   2;    ;    
30229;1968; 4; 2;15;  46;0.19;  87
30229;1968; 4; 2;20;  32;0.19;  61
30229;1968; 4; 2;25;  22;0.22;  48
30229;1968; 4; 2;30;    ;    ;   0
30229;1968;11; 1;10;   6;0.18;  11
30229;1968;11; 1;20;   8;0.21;  17
30229;1968;11; 2;20;  12;0.16;  19
30229;1968;11; 1;30;  11;0.19;  21
30229;1968;12; 1;10;  12;0.17;  20
30229;1968;12; 1;20;  15;0.16;  24
30229;1968;12; 2;20;  20;0.14;  28
30229;1968;12; 1;31;  18;0.14;  25
30229;1969; 1; 1;10;  21;0.18;  38
30229;1969; 1; 2;10;    ;    ;   0
30229;1969; 1; 1;20;  22;0.19;  42
30229;1969; 1; 2;20;  30;0.18;  54
30229;1969; 1; 1;31;  24;0.18;  43
30229;1969; 1; 2;31;  31;0.17;  53
30229;1969; 2; 1;10;  30;0.18;  54
30229;1969; 2; 2;10;  38;0.17;  65
30229;1969; 2; 1;20;  31;0.18;  56
30229;1969; 2; 2;20;  41;0.17;  70
30229;1969; 2; 1;28;  32;0.18;  58
30229;1969; 2; 2;28;  38;0.16;  61
30229;1969; 3; 2; 5;    ;    ;   0
30229;1969; 3; 1;10;  26;0.19;  49
30229;1969; 3; 2;10;  41;0.17;  70
30229;1969; 3; 1;15;  26;0.19;  49
30229;1969; 3; 2;15;  41;0.18;  74
30229;1969; 3; 1;20;  27;0.20;  54
30229;1969; 3; 2;20;  41;0.18;  74
30229;1969; 3; 1;25;  25;0.21;  53
30229;1969; 3; 2;25;  40;0.18;  72
30229;1969; 3; 1;31;  24;    ;    
30229;1969; 3; 2;31;  41;0.19;  78
30229;1969; 4; 1; 5;  23;    ;    
30229;1969; 4; 2; 5;  41;0.19;  78
30229;1969; 4; 1;10;  12;0.30;  36
30229;1969; 4; 2;10;  36;0.20;  72
30229;1969; 4; 1;15;   8;0.30;  24
30229;1969; 4; 2;15;  35;0.20;  70
30229;1969; 4; 2;20;  30;0.22;  66
30229;1969; 4; 1;25;   1;    ;    
30229;1969; 4; 2;25;  30;0.22;  66
30229;1969; 4; 2;30;  24;    ;    
30229;1969; 5; 2; 5;  26;    ;    
30229;1969; 5; 2;10;  20;    ;    
30229;1969; 5; 2;15;  15;    ;    
30229;1969; 5; 2;20;    ;    ;   0
30229;1969; 5; 2;25;    ;    ;   0
30229;1969; 5; 2;31;    ;    ;   0
30229;1970;10; 1;31;   7;    ;    
30229;1970;11; 1;10;  10;0.90;   9
30229;1970;11; 1;20;  10;0.16;  16
30229;1970;12; 1;20;  23;0.20;  46
30229;1971; 1; 1;20;  26;0.20;  52
30229;1971; 2; 1;20;  36;0.20;  72
30229;1971; 3; 1;10;  37;0.20;  74
30229;1971; 3; 1;20;  44;0.19;  84
30229;1971; 3; 1;31;  43;0.20;  86
30229;1971; 4; 1; 5;  35;0.26;  91
30229;1971; 4; 1;15;   4;    ;    
30229;1974; 2; 1;10;  40;0.20;  80
30229;1974; 2; 2;10;  45;0.20;  90
30229;1974; 2; 1;20;  44;0.20;  88
30229;1974; 2; 1;28;  47;0.20;  94
30229;1974; 3; 1; 5;    ;    ;   0
30229;1974; 3; 2; 5;    ;    ;   0
30229;1974; 3; 1;10;  47;0.20;  94
30229;1974; 3; 2;10;  52;0.20; 104
30229;1974; 3; 1;15;  47;0.20;  94
30229;1974; 3; 2;15;  50;0.19;  95
30229;1974; 3; 1;20;  46;0.20;  92
30229;1974; 3; 2;20;  49;0.19;  93
30229;1974; 3; 1;25;  46;0.20;  92
30229;1974; 3; 2;25;  50;0.19;  95
30229;1974; 3; 1;31;  46;0.20;  92
30229;1974; 3; 2;31;  49;0.20;  98
30229;1974; 4; 1; 5;  44;0.21;  92
30229;1974; 4; 2; 5;  48;0.20;  96
30229;1974; 4; 1;10;  44;0.21;  92
30229;1974; 4; 1;15;  39;0.23;  90
30229;1974; 4; 1;20;  42;0.25; 105
30229;1974; 4; 1;25;  27;0.29;  78
30229;1974; 4; 1;30;   3;0.31;   9
30229;1974;10; 1;10;    ;    ;   0
30229;1974;10; 2;10;    ;    ;   0
30229;1974;10; 1;20;  16;0.14;  22
30229;1974;10; 2;20;   6;0.11;   7
30229;1974;10; 1;31;    ;    ;   0
30229;1974;10; 2;31;    ;    ;   0
30229;1974;11; 1;10;  10;0.19;  19
30229;1974;11; 2;10;    ;    ;   0
30229;1974;11; 1;20;  14;0.20;  28
30229;1974;11; 2;20;  18;0.17;  31
30229;1974;11; 1;30;  15;0.19;  28
30229;1974;11; 2;30;    ;    ;   0
30229;1974;12; 1;10;  25;0.20;  50
30229;1974;12; 2;10;    ;    ;   0
30229;1974;12; 1;20;  34;0.20;  68
30229;1974;12; 2;20;  37;0.19;  70
30229;1974;12; 1;31;  40;0.20;  80
30229;1974;12; 2;31;    ;    ;   0
30229;1975; 1; 1;10;  41;    ;    
30229;1975; 1; 2;10;    ;    ;   0
30229;1975; 1; 2;20;  45;    ;    
30229;1975; 1; 2;30;  46;    ;    
30229;1975; 2; 1;10;  50;    ;    
30229;1975; 2; 2;10;  51;    ;    
30229;1975; 2; 2;20;  52;    ;    
30229;1975; 2; 2;28;  55;    ;    
30229;1975; 3; 1; 5;    ;    ;   0
30229;1975; 3; 2; 5;    ;    ;   0
30229;1975; 3; 2;10;  52;    ;    
30229;1975; 3; 2;15;  53;    ;    
30229;1975; 3; 2;20;  54;    ;    
30229;1975; 3; 2;25;  53;    ;    
30229;1975; 3; 2;30;  47;    ;    
30229;1975; 4; 1; 5;  39;0.27; 105
30229;1975; 4; 2; 5;  40;0.25; 100
30229;1975; 4; 1;10;  31;0.30;  92
30229;1975; 4; 1;15;  28;0.32;  90
30229;1975; 4; 1;20;  15;0.34;  51
30229;1975; 4; 1;25;    ;    ;   0
30229;1975; 4; 1;30;    ;    ;   0
30229;1975;10; 1;10;    ;    ;   0
30229;1975;10; 2;10;    ;    ;   0
30229;1975;10; 1;20;    ;    ;   0
30229;1975;10; 1;30;    ;    ;   0
30229;1975;11; 1;10;   3;    ;    
30229;1975;11; 2;10;    ;    ;   0
30229;1975;11; 2;20;   5;0.14;   7
30229;1975;11; 2;30;  13;0.15;  20
30229;1975;12; 1;10;  17;0.20;  34
30229;1975;12; 2;10;    ;    ;   0
30229;1975;12; 2;20;  19;0.19;  36
30229;1975;12; 2;30;  23;0.20;  46
30229;1976; 1; 1;10;  24;0.20;  48
30229;1976; 1; 1;20;  26;0.20;  52
30229;1976; 1; 2;20;  28;0.20;  56
30229;1976; 1; 1;31;  29;0.20;  58
30229;1976; 1; 2;31;  32;0.20;  64
30229;1976; 2; 1;10;  31;0.20;  62
30229;1976; 2; 2;10;  33;0.19;  63
30229;1976; 2; 1;20;  34;0.20;  68
30229;1976; 2; 2;20;  35;0.20;  70
30229;1976; 2; 1;29;  35;0.20;  70
30229;1976; 2; 2;29;  39;0.19;  74
30229;1976; 3; 1;10;  37;0.20;  74
30229;1976; 3; 2;10;  40;0.20;  80
30229;1976; 3; 1;15;  37;0.20;  74
30229;1976; 3; 2;15;  40;0.20;  80
30229;1976; 3; 1;20;  39;0.20;  78
30229;1976; 3; 2;20;  40;0.20;  80
30229;1976; 3; 1;25;  39;0.20;  78
30229;1976; 3; 2;25;  40;0.20;  80
30229;1976; 3; 1;31;  38;0.20;  76
30229;1976; 3; 2;31;  40;0.20;  80
30229;1976; 4; 1; 5;  37;0.20;  74
30229;1976; 4; 2; 5;  38;0.20;  76
30229;1976; 4; 1;10;  25;0.24;  60
30229;1976; 4; 2;10;  29;0.22;  64
30229;1976; 4; 1;15;  12;0.32;  38
30229;1976; 4; 2;15;  24;0.28;  67
30229;1976; 4; 1;20;   8;0.37;  30
30229;1976; 4; 2;20;  18;0.32;  58
30229;1976; 4; 1;25;   1;    ;    
30229;1976; 4; 2;25;  12;0.34;  41
30229;1976;10; 1;20;   4;0.14;   6
30229;1976;10; 2;20;   5;0.13;   6
30229;1976;10; 1;31;  11;0.15;  16
30229;1976;11; 1;10;  16;0.17;  27
30229;1976;11; 1;20;  20;0.18;  38
30229;1976;11; 2;20;  18;0.18;  32
30229;1976;11; 1;30;  24;0.19;  45
30229;1976;12; 1;10;  38;0.19;  72
30229;1976;12; 1;20;  37;0.20;  74
30229;1976;12; 2;20;  39;0.20;  78
30229;1976;12; 1;31;  40;0.20;  80
30229;1977; 1; 1;10;  45;0.20;  90
30229;1977; 1; 1;20;  46;0.20;  92
30229;1977; 1; 2;20;  48;0.20;  96
30229;1977; 1; 1;31;  47;0.20;  94
30229;1977; 1; 2;31;  49;0.20;  98
30229;1977; 2; 1;10;  49;0.20;  98
30229;1977; 2; 2;10;  50;0.20; 100
30229;1977; 2; 1;20;  49;0.02;  10
30229;1977; 2; 2;20;  52;0.02;  10
30229;1977; 2; 1;28;  50;0.20; 100
30229;1977; 2; 2;28;  51;0.20; 102
30229;1977; 3; 1;10;  52;0.20; 104
30229;1977; 3; 2;10;  55;0.20; 110
30229;1977; 3; 1;15;  52;0.20; 104
30229;1977; 3; 2;15;  56;0.20; 112
30229;1977; 3; 1;20;  53;0.20; 106
30229;1977; 3; 2;20;  57;0.20; 114
30229;1977; 3; 1;25;  53;0.20; 106
30229;1977; 3; 2;25;  56;0.20; 112
30229;1977; 3; 1;31;  48;0.22; 106
30229;1977; 3; 2;31;  55;0.21; 116
30229;1977; 4; 1; 5;  48;0.21; 101
30229;1977; 4; 2; 5;  55;0.21; 116
30229;1977; 4; 1;10;  48;0.22; 106
30229;1977; 4; 2;10;  54;0.21; 113
30229;1977; 4; 1;15;  48;0.22; 106
30229;1977; 4; 2;15;  55;0.21; 116
30229;1977; 4; 1;20;  21;0.27;  57
30229;1977; 4; 2;20;  36;0.24;  86
30229;1977; 4; 2;25;  16;0.27;  43
30229;1977;10; 1;20;   2;    ;    
30229;1977;10; 2;20;   3;    ;    
30229;1977;10; 1;31;   9;0.20;  18
30229;1977;11; 1;10;  16;0.20;  32
30229;1977;11; 1;20;  32;0.15;  48
30229;1977;11; 2;20;  30;0.14;  42
30229;1977;11; 1;30;  34;0.19;  65
30229;1977;12; 1;10;  35;0.20;  70
30229;1977;12; 1;20;  36;0.19;  68
30229;1977;12; 2;20;  33;0.19;  63
30229;1977;12; 1;31;  38;0.20;  76
30229;1978; 1; 1;10;  44;0.20;  88
30229;1978; 1; 1;20;  47;0.20;  94
30229;1978; 1; 2;20;  50;0.20; 100
30229;1978; 1; 1;31;  49;0.20;  98
30229;1978; 1; 2;31;  53;0.20; 106
30229;1978; 2; 1;10;  51;0.20; 102
30229;1978; 2; 2;10;  52;0.20; 104
30229;1978; 2; 1;20;  55;0.20; 110
30229;1978; 2; 2;20;  53;0.20; 106
30229;1978; 2; 1;28;  53;0.20; 106
30229;1978; 2; 2;28;  55;0.20; 110
30229;1978; 3; 1;10;  52;0.20; 104
30229;1978; 3; 2;10;  56;0.20; 112
30229;1978; 3; 1;15;  52;0.20; 104
30229;1978; 3; 2;15;  55;0.20; 110
30229;1978; 3; 1;20;  52;0.21; 109
30229;1978; 3; 2;20;  53;0.20; 106
30229;1978; 3; 1;25;  51;0.21; 107
30229;1978; 3; 2;25;  55;0.20; 110
30229;1978; 3; 1;31;  53;0.21; 111
30229;1978; 3; 2;31;  56;0.20; 112
30229;1978; 4; 1; 5;  49;0.24; 118
30229;1978; 4; 2; 5;  54;0.21; 113
30229;1978; 4; 1;10;  36;0.34; 122
30229;1978; 4; 2;10;  46;0.27; 124
30229;1978; 4; 1;15;  30;0.33;    
30229;1978; 4; 2;15;  43;0.27; 116
30229;1978; 4; 1;20;  30;0.35; 105
30229;1978; 4; 2;20;  37;0.29; 107
30229;1978; 4; 1;25;   4;0.35;  14
30229;1978; 4; 2;25;  26;0.25;  65
30229;1978;10; 1;10;   2;    ;    
30229;1978;10; 2;20;   3;    ;    
30229;1978;10; 1;31;   2;    ;    
30229;1978;11; 1;10;   1;    ;    
30229;1978;11; 1;20;   8;0.13;  10
30229;1978;11; 2;20;   9;0.12;  11
30229;1978;11; 1;30;  10;0.13;  13
30229;1978;12; 1;10;  19;0.15;  29
30229;1978;12; 1;20;  20;0.16;  32
30229;1978;12; 2;20;  19;0.16;  30
30229;1978;12; 1;31;  21;0.18;  38
30229;1979; 1; 1;10;  25;0.15;  38
30229;1979; 1; 1;20;  27;0.19;  51
30229;1979; 1; 2;20;  31;0.19;  59
30229;1979; 1; 1;31;  32;0.20;  64
30229;1979; 1; 2;31;  36;0.19;  68
30229;1979; 2; 1;10;  35;0.20;  70
30229;1979; 2; 2;10;  41;0.19;  78
30229;1979; 2; 1;20;  38;0.20;  76
30229;1979; 2; 2;20;  39;0.19;  74
30229;1979; 2; 1;28;  36;0.20;  72
30229;1979; 2; 2;28;  41;0.19;  78
30229;1979; 3; 1;10;  38;0.20;  76
30229;1979; 3; 2;10;  42;0.20;  84
30229;1979; 3; 1;15;  39;0.20;  78
30229;1979; 3; 2;15;  42;0.20;  84
30229;1979; 3; 1;20;  40;0.20;  80
30229;1979; 3; 2;20;  43;0.19;  82
30229;1979; 3; 1;25;  40;0.20;  80
30229;1979; 3; 2;25;  43;0.20;  86
30229;1979; 3; 1;31;  41;0.19;  78
30229;1979; 3; 2;31;  45;0.19;  86
30229;1979; 4; 1; 5;  41;0.20;  82
30229;1979; 4; 2; 5;  43;0.19;  82
30229;1979; 4; 1;10;  39;0.21;  82
30229;1979; 4; 2;10;  41;0.19;  78
30229;1979; 4; 1;15;  38;0.21;  80
30229;1979; 4; 2;15;  38;0.20;  76
30229;1979; 4; 1;20;  32;0.24;  77
30229;1979; 4; 2;20;  32;0.26;  83
30229;1979; 4; 1;25;  24;0.30;  72
30229;1979; 4; 2;25;  34;0.26;  88
30229;1979; 4; 2;30;  18;0.28;  50
30229;1979; 5; 2; 5;   5;0.32;  16
30229;1979;10; 1;20;   3;0.00;   0
30229;1979;10; 2;20;   7;0.14;  10
30229;1979;10; 1;31;   5;    ;    
30229;1979;11; 1;10;  12;0.14;  17
30229;1979;11; 1;20;  18;0.16;  29
30229;1979;11; 2;20;  26;0.16;  42
30229;1979;11; 1;30;  23;0.18;  41
30229;1979;12; 1;10;  26;0.17;  44
30229;1979;12; 1;20;  30;0.18;  54
30229;1979;12; 2;20;  39;0.17;  66
30229;1979;12; 1;31;  34;0.18;  61
30229;1980; 1; 1;10;  35;0.19;  67
30229;1980; 1; 1;20;  36;0.19;  68
30229;1980; 1; 2;20;  43;0.19;  82
30229;1980; 1; 1;31;  40;0.19;  76
30229;1980; 1; 2;31;  48;0.19;  91
30229;1980; 2; 1;10;  42;0.19;  80
30229;1980; 2; 2;10;  48;0.18;  86
30229;1980; 2; 1;20;  44;0.19;  84
30229;1980; 2; 2;20;  48;0.18;  86
30229;1980; 2; 1;29;  44;0.20;  88
30229;1980; 2; 2;29;  52;0.18;  94
30229;1980; 3; 1;10;  45;0.19;  86
30229;1980; 3; 2;10;  53;0.18;  95
30229;1980; 3; 1;20;  46;0.20;  92
30229;1980; 3; 2;20;  53;0.19; 101
30229;1980; 3; 1;25;  45;0.20;  90
30229;1980; 3; 2;25;  53;0.19; 101
30229;1980; 3; 1;31;  45;0.20;  90
30229;1980; 3; 2;31;  54;0.19; 103
30229;1980; 4; 1; 5;  45;0.21;  95
30229;1980; 4; 2; 5;  53;0.20; 106
30229;1980; 4; 1;10;  45;0.21;  95
30229;1980; 4; 2;10;  53;0.20; 106
30229;1980; 4; 1;15;  42;0.22;  92
30229;1980; 4; 2;15;  51;0.21; 107
30229;1980; 4; 1;20;  35;0.29; 102
30229;1980; 4; 2;20;  47;0.23; 108
30229;1980; 4; 1;25;  24;0.27;  65
30229;1980; 4; 2;25;  39;0.23;  90
30229;1980; 4; 1;30;  12;0.34;  41
30229;1980; 4; 2;30;  29;0.29;  84
30229;1980; 5; 2; 5;  14;0.30;  42
30229;1980;10; 1;20;   4;    ;    
30229;1980;10; 2;20;   9;0.14;  13
30229;1980;10; 1;31;   3;    ;    
30229;1980;11; 1;10;   9;0.14;  13
30229;1980;11; 1;20;  15;0.17;  26
30229;1980;11; 2;20;  19;0.15;  29
30229;1980;11; 1;30;  21;0.16;  34
30229;1980;12; 1;10;  27;0.17;  46
30229;1980;12; 1;20;  34;0.17;  58
30229;1980;12; 2;20;  34;0.14;  48
30229;1980;12; 1;31;  40;0.17;  68
30229;1981; 1; 1;10;  49;0.18;  88
30229;1981; 1; 1;20;  46;0.18;  83
30229;1981; 1; 2;20;  42;0.17;  71
30229;1981; 1; 1;31;  46;0.18;  83
30229;1981; 1; 2;31;  44;0.17;  75
30229;1981; 2; 1;10;  47;0.18;  85
30229;1981; 2; 2;10;  46;0.17;  78
30229;1981; 2; 1;20;  48;0.18;  86
30229;1981; 2; 2;20;  46;0.17;  78
30229;1981; 2; 1;28;  49;0.18;  88
30229;1981; 2; 2;28;  48;0.17;  82
30229;1981; 3; 1;10;  53;0.18;  95
30229;1981; 3; 2;10;  52;0.17;  88
30229;1981; 3; 1;15;  53;0.18;  95
30229;1981; 3; 2;15;  50;0.17;  85
30229;1981; 3; 1;20;  52;0.18;  94
30229;1981; 3; 2;20;  48;0.17;  82
30229;1981; 3; 1;25;  51;0.18;  92
30229;1981; 3; 2;25;  49;0.17;  83
30229;1981; 3; 1;31;  50;0.18;  90
30229;1981; 3; 2;31;  48;0.17;  82
30229;1981; 4; 1; 5;  40;0.23;  92
30229;1981; 4; 2; 5;  37;0.23;  85
30229;1981; 4; 1;10;  36;0.28; 101
30229;1981; 4; 2;10;  36;0.23;  83
30229;1981; 4; 1;15;  21;0.29;  61
30229;1981; 4; 2;15;  24;0.26;  62
30229;1981; 4; 2;20;   6;0.38;  23
30229;1981;10; 1;20;   5;0.14;   7
30229;1981;10; 2;20;   9;0.13;  12
30229;1981;10; 1;31;   5;0.15;   8
30229;1981;11; 1;10;  13;0.14;  18
30229;1981;11; 1;20;  22;0.16;  35
30229;1981;11; 2;20;  22;0.15;  33
30229;1981;11; 1;30;  23;0.16;  37
30229;1981;12; 1;10;  27;0.17;  46
30229;1981;12; 1;20;  29;0.17;  49
30229;1981;12; 2;20;  28;0.16;  45
30229;1981;12; 1;31;  31;0.18;  56
30229;1982; 1; 1;10;  34;0.18;  61
30229;1982; 1; 1;20;  36;0.18;  65
30229;1982; 1; 2;20;  37;0.17;  63
30229;1982; 1; 1;31;  37;0.18;  67
30229;1982; 1; 2;31;  37;0.17;  63
30229;1982; 2; 1;10;  39;0.18;  70
30229;1982; 2; 2;10;  39;0.17;  66
30229;1982; 2; 1;20;  39;0.18;  70
30229;1982; 2; 2;20;  39;0.17;  66
30229;1982; 2; 1;28;  40;0.19;  76
30229;1982; 2; 2;28;  39;0.17;  66
30229;1982; 3; 1;10;  43;0.19;  82
30229;1982; 3; 2;10;  42;0.18;  76
30229;1982; 3; 1;15;  43;0.19;  82
30229;1982; 3; 2;15;  42;0.18;  76
30229;1982; 3; 1;20;  43;0.19;  82
30229;1982; 3; 2;20;  43;0.17;  73
30229;1982; 3; 1;25;  43;0.19;  82
30229;1982; 3; 2;25;  43;0.18;  77
30229;1982; 3; 1;31;  39;0.20;  78
30229;1982; 3; 2;31;  38;0.19;  72
30229;1982; 4; 1; 5;  29;0.23;  67
30229;1982; 4; 2; 5;  26;0.24;  62
30229;1982; 4; 1;10;  17;0.28;  48
30229;1982; 4; 2;10;  19;0.26;  49
30229;1982; 4; 1;15;  11;0.30;  33
30229;1982; 4; 2;15;  15;0.26;  39
30229;1982;10; 1;10;   3;    ;    
30229;1982;10; 1;20;   7;0.25;  18
30229;1982;10; 2;20;  12;0.24;  29
30229;1982;10; 1;31;   5;0.28;  14
30229;1982;11; 1;10;  11;0.27;  30
30229;1982;11; 1;20;  22;0.21;  46
30229;1982;11; 2;20;  29;0.21;  61
30229;1982;11; 1;30;  27;0.19;  51
30229;1982;12; 1;10;  34;0.18;  61
30229;1982;12; 1;20;  38;0.20;  76
30229;1982;12; 2;20;  39;0.19;  74
30229;1982;12; 1;31;  47;0.20;  94
30229;1983; 1; 1;10;  50;0.20; 100
30229;1983; 1; 1;20;  55;0.20; 110
30229;1983; 1; 2;20;  56;0.20; 112
30229;1983; 1; 1;31;  56;0.20; 112
30229;1983; 1; 2;31;  56;0.20; 112
30229;1983; 2; 1;10;  60;0.20; 120
30229;1983; 2; 2;10;  59;0.20; 118
30229;1983; 2; 1;20;  58;0.20; 116
30229;1983; 2; 2;20;  57;0.20; 114
30229;1983; 2; 1;28;  60;0.20; 120
30229;1983; 2; 2;28;  56;0.21; 118
30229;1983; 3; 1;10;  59;0.20; 118
30229;1983; 3; 2;10;  55;0.20; 110
30229;1983; 3; 1;15;  59;0.20; 118
30229;1983; 3; 2;15;  54;0.20; 108
30229;1983; 3; 1;20;  59;0.21; 124
30229;1983; 3; 2;20;  56;0.21; 118
30229;1983; 3; 1;25;  60;0.21; 126
30229;1983; 3; 2;25;  58;0.21; 122
30229;1983; 3; 1;31;  59;0.21; 124
30229;1983; 3; 2;31;  57;0.21; 120
30229;1983; 4; 1; 5;  57;0.24; 137
30229;1983; 4; 2; 5;  59;0.21; 124
30229;1983; 4; 1;10;  57;0.24; 137
30229;1983; 4; 2;10;  54;0.22; 119
30229;1983; 4; 1;15;  58;0.24; 139
30229;1983; 4; 2;15;  57;0.22; 125
30229;1983; 4; 1;20;  51;0.32; 163
30229;1983; 4; 2;20;  54;0.26; 140
30229;1983; 4; 1;25;  44;0.31; 136
30229;1983; 4; 2;25;  46;0.30; 138
30229;1983; 4; 1;30;  42;0.32; 134
30229;1983; 4; 2;30;  44;0.31; 136
30229;1983; 5; 1; 5;  10;0.32;  32
30229;1983; 5; 2; 5;  20;0.37;  74
30229;1983; 5; 2;10;   3;    ;    
30229;1983;10; 1;10;   2;    ;    
30229;1983;10; 1;20;   1;    ;    
30229;1983;10; 2;20;   1;    ;    
30229;1983;11; 1;10;   2;    ;    
30229;1983;11; 1;20;   2;0.16;   3
30229;1983;11; 2;20;   6;0.13;   8
30229;1983;11; 1;30;  11;0.17;  19
30229;1983;12; 1;10;  20;0.16;  32
30229;1983;12; 1;20;  25;0.14;  35
30229;1983;12; 2;20;  20;0.13;  26
30229;1983;12; 1;31;  29;0.16;  46
30229;1984; 1; 1;10;  30;0.16;  48
30229;1984; 1; 1;20;  33;0.19;  63
30229;1984; 1; 2;20;  31;0.17;  53
30229;1984; 1; 1;31;  34;0.18;  61
30229;1984; 1; 2;31;  32;0.16;  51
30229;1984; 2; 1;10;  38;0.17;  65
30229;1984; 2; 2;10;  35;0.15;  53
30229;1984; 2; 1;20;  39;0.18;  70
30229;1984; 2; 2;20;  36;0.16;  58
30229;1984; 2; 1;29;  41;0.19;  78
30229;1984; 2; 2;29;  41;0.18;  74
30229;1984; 3; 1;10;  43;0.19;  82
30229;1984; 3; 2;10;  42;0.18;  76
30229;1984; 3; 1;15;  46;0.19;  87
30229;1984; 3; 2;15;  44;0.19;  84
30229;1984; 3; 1;20;  46;0.19;  87
30229;1984; 3; 2;20;  46;0.18;  83
30229;1984; 3; 1;25;  46;0.18;  83
30229;1984; 3; 2;25;  46;0.18;  83
30229;1984; 3; 1;31;  46;0.19;  87
30229;1984; 3; 2;31;  44;0.18;  79
30229;1984; 4; 1; 5;  45;0.20;  90
30229;1984; 4; 2; 5;  41;0.18;  74
30229;1984; 4; 1;10;  42;0.21;  88
30229;1984; 4; 2;10;  39;0.20;  78
30229;1984; 4; 1;15;  33;0.23;  76
30229;1984; 4; 2;15;  35;0.22;  77
30229;1984; 4; 1;20;  31;0.26;  81
30229;1984; 4; 2;20;  32;0.24;  77
30229;1984; 4; 1;25;  19;0.28;  53
30229;1984; 4; 2;25;  28;0.23;  64
30229;1984; 4; 1;30;   9;0.31;  28
30229;1984; 4; 2;30;  24;0.22;  53
30229;1984; 5; 2; 5;   1;    ;    
30229;1984;10; 1;20;  11;0.12;  13
30229;1984;10; 2;20;  12;0.12;  14
30229;1984;10; 1;31;  18;0.15;  27
30229;1984;11; 1;10;  24;0.15;  36
30229;1984;11; 1;20;  26;0.16;  42
30229;1984;11; 2;20;  25;0.16;  40
30229;1984;11; 1;30;  30;0.16;  48
30229;1984;12; 1;10;  30;0.22;  66
30229;1984;12; 1;20;  33;0.22;  73
30229;1984;12; 2;20;  37;0.17;  63
30229;1984;12; 1;31;  42;0.19;  80
30229;1985; 1; 1;10;  43;0.19;  82
30229;1985; 1; 1;20;  46;0.19;  87
30229;1985; 1; 2;20;  44;0.17;  75
30229;1985; 1; 1;31;  55;0.17;  94
30229;1985; 1; 2;31;  50;0.16;  80
30229;1985; 2; 1;10;  57;0.19; 108
30229;1985; 2; 2;10;  55;0.17;  94
30229;1985; 2; 1;20;  54;0.19; 103
30229;1985; 2; 2;20;  52;0.18;  94
30229;1985; 2; 1;28;  56;0.19; 106
30229;1985; 2; 2;28;  52;0.19;  99
30229;1985; 3; 1;10;  54;0.20; 108
30229;1985; 3; 2;10;  54;0.20; 108
30229;1985; 3; 1;15;  54;0.19; 103
30229;1985; 3; 2;15;  54;0.19; 103
30229;1985; 3; 1;20;  56;0.20; 112
30229;1985; 3; 2;20;  57;0.19; 108
30229;1985; 3; 1;25;  53;0.20; 106
30229;1985; 3; 2;25;  56;0.19; 106
30229;1985; 3; 1;31;  51;0.21; 107
30229;1985; 3; 2;31;  55;0.20; 110
30229;1985; 4; 1; 5;  53;0.21; 111
30229;1985; 4; 2; 5;  52;0.20; 104
30229;1985; 4; 1;10;  50;0.22; 110
30229;1985; 4; 2;10;  48;0.21; 101
30229;1985; 4; 1;15;  43;0.24; 103
30229;1985; 4; 2;15;  46;0.22; 101
30229;1985; 4; 1;20;  17;0.26;  44
30229;1985; 4; 2;20;  43;0.24; 103
30229;1985; 4; 1;25;   2;    ;   0
30229;1985; 4; 2;25;  14;0.23;  32
30229;1985; 4; 1;30;   0;    ;    
30229;1985; 4; 2;30;   4;0.24;  10
30229;1985; 5; 2; 5;   1;0.01;   0
30229;1985;10; 1;20;   3;    ;    
30229;1985;10; 2;20;   4;    ;    
30229;1985;10; 1;31;   4;0.20;   8
30229;1985;11; 1;10;  13;0.16;  21
30229;1985;11; 1;20;  18;0.17;  31
30229;1985;11; 2;20;  16;0.15;  24
30229;1985;11; 1;30;  22;0.17;  37
30229;1985;12; 1;10;  24;0.17;  41
30229;1985;12; 1;20;  32;0.19;  61
30229;1985;12; 2;20;  25;0.19;  48
30229;1985;12; 1;31;  33;0.19;  63
30229;1986; 1; 1;10;  34;0.18;  61
30229;1986; 1; 1;20;  37;0.18;  67
30229;1986; 1; 2;20;  34;0.18;  61
30229;1986; 1; 1;31;  38;0.18;  68
30229;1986; 1; 2;31;  36;0.19;  68
30229;1986; 2; 1;10;  41;0.18;  74
30229;1986; 2; 2;10;  38;0.16;  61
30229;1986; 2; 1;20;  41;0.19;  78
30229;1986; 2; 2;20;  35;0.18;  63
30229;1986; 2; 1;28;  40;0.20;  80
30229;1986; 2; 2;28;  34;0.19;  65
30229;1986; 3; 1;10;  38;0.21;  80
30229;1986; 3; 2;10;  35;0.19;  67
30229;1986; 3; 1;15;  40;0.21;  84
30229;1986; 3; 2;15;  35;0.19;  67
30229;1986; 3; 1;20;  38;0.19;  72
30229;1986; 3; 2;20;  34;0.18;  61
30229;1986; 3; 1;25;  40;0.20;  80
30229;1986; 3; 2;25;  38;0.18;  68
30229;1986; 3; 1;31;  44;0.20;  88
30229;1986; 3; 2;31;  40;0.19;  76
30229;1986; 4; 1; 5;  43;0.20;  86
30229;1986; 4; 2; 5;  40;0.20;  80
30229;1986; 4; 1;10;  40;0.20;  80
30229;1986; 4; 2;10;  39;0.19;  74
30229;1986; 4; 1;15;  35;0.22;  77
30229;1986; 4; 2;15;  34;0.20;  68
30229;1986; 4; 1;20;  34;0.26;  88
30229;1986; 4; 2;20;  34;0.21;  71
30229;1986; 4; 1;25;   9;0.27;  24
30229;1986; 4; 2;25;  16;0.26;  42
30229;1986; 4; 1;30;   0;    ;    
30229;1986; 4; 2;30;   1;0.28;   3
30229;1986;10; 1;20;   1;    ;    
30229;1986;10; 2;20;   2;    ;    
30229;1986;10; 1;31;   4;0.17;   7
30229;1986;11; 1;10;  22;0.17;  37
30229;1986;11; 1;20;  27;0.12;  32
30229;1986;11; 2;20;  22;0.13;  29
30229;1986;11; 1;30;  31;0.15;  47
30229;1986;12; 1;10;  31;0.19;  59
30229;1986;12; 1;20;  31;0.18;  56
30229;1986;12; 2;20;  28;0.17;  48
30229;1986;12; 1;31;  32;0.18;  58
30229;1987; 1; 1;10;  31;0.18;  56
30229;1987; 1; 1;20;  35;0.19;  67
30229;1987; 1; 2;20;  32;0.18;  58
30229;1987; 1; 1;31;  38;0.19;  72
30229;1987; 1; 2;31;  38;0.18;  68
30229;1987; 2; 1;10;  40;0.19;  76
30229;1987; 2; 2;10;  41;0.19;  78
30229;1987; 2; 1;20;  40;0.19;  76
30229;1987; 2; 2;20;  41;0.18;  74
30229;1987; 2; 1;28;  46;0.19;  87
30229;1987; 2; 2;28;  47;0.16;  75
30229;1987; 3; 1;10;  46;0.19;  87
30229;1987; 3; 2;10;  47;0.17;  80
30229;1987; 3; 1;15;  43;0.20;  86
30229;1987; 3; 2;15;  42;0.20;  84
30229;1987; 3; 1;20;  42;0.20;  84
30229;1987; 3; 2;20;  44;0.19;  84
30229;1987; 3; 1;25;  45;0.20;  90
30229;1987; 3; 2;25;  42;0.20;  84
30229;1987; 3; 1;31;  44;0.21;  92
30229;1987; 3; 2;31;  44;0.19;  84
30229;1987; 4; 1; 5;  41;0.20;  82
30229;1987; 4; 2; 5;  43;0.20;  86
30229;1987; 4; 1;10;  40;0.23;  92
30229;1987; 4; 2;10;  39;0.21;  82
30229;1987; 4; 1;15;  28;0.25;  70
30229;1987; 4; 2;15;  33;0.24;  79
30229;1987; 4; 1;20;  26;0.27;  70
30229;1987; 4; 2;20;  32;0.23;  74
30229;1987; 4; 1;25;  17;0.29;  49
30229;1987; 4; 2;25;  24;0.27;  65
30229;1987; 4; 1;30;   9;0.29;  26
30229;1987; 4; 2;30;  21;0.28;  59
30229;1987; 5; 2; 5;   3;0.29;   9
30229;1987;10; 1;20;   1;    ;    
30229;1987;10; 2;20;   2;    ;    
30229;1987;10; 1;31;  15;0.16;  24
30229;1987;11; 1;10;  16;0.17;  27
30229;1987;11; 1;20;  20;0.19;  38
30229;1987;11; 2;20;  20;0.15;  30
30229;1987;11; 1;30;  22;0.19;  42
30229;1987;12; 1;10;  29;0.20;  58
30229;1987;12; 1;20;  39;0.20;  78
30229;1987;12; 2;20;  37;0.18;  67
30229;1987;12; 1;31;  40;0.20;  80
30229;1988; 1; 1;10;  42;0.20;  84
30229;1988; 1; 1;20;  45;0.20;  90
30229;1988; 1; 2;20;  41;0.19;  78
30229;1988; 1; 1;31;  46;0.21;  97
30229;1988; 1; 2;31;  43;0.20;  86
30229;1988; 2; 1;10;  47;0.21;  99
30229;1988; 2; 2;10;  45;0.20;  90
30229;1988; 2; 1;20;  47;0.21;  99
30229;1988; 2; 2;20;  46;0.21;  97
30229;1988; 2; 1;29;  51;0.21; 107
30229;1988; 2; 2;29;  46;0.21;  97
30229;1988; 3; 1;10;  51;0.21; 107
30229;1988; 3; 2;10;  47;0.20;  94
30229;1988; 3; 1;15;  51;0.21; 107
30229;1988; 3; 2;15;  47;0.20;  94
30229;1988; 3; 1;20;  51;0.21; 107
30229;1988; 3; 2;20;  47;0.20;  94
30229;1988; 3; 1;25;  49;0.21; 103
30229;1988; 3; 2;25;  46;0.20;  92
30229;1988; 3; 1;31;  51;0.22; 112
30229;1988; 3; 2;31;  48;0.21; 101
30229;1988; 4; 1; 5;  50;0.22; 110
30229;1988; 4; 2; 5;  46;0.22; 101
30229;1988; 4; 1;10;  35;0.22;  77
30229;1988; 4; 2;10;  41;0.21;  86
30229;1988; 4; 1;15;   6;0.23;  14
30229;1988; 4; 2;15;  35;0.22;  77
30229;1988; 4; 1;20;   1;    ;    
30229;1988; 4; 2;20;  15;0.23;  35
30229;1988; 4; 2;25;   3;0.23;   7
30229;1988; 4; 2;30;   1;    ;    
30229;1988;11; 1;10;   3;    ;    
30229;1988;11; 1;20;  19;0.16;  30
30229;1988;11; 2;20;  12;0.15;  18
30229;1988;11; 1;30;  19;0.16;  30
30229;1988;12; 1;10;  26;0.13;  34
30229;1988;12; 1;20;  32;0.15;  48
30229;1988;12; 2;20;  25;0.15;  38
30229;1988;12; 1;31;  32;0.16;  51
30229;1989; 1; 1;10;  31;0.18;  56
30229;1989; 1; 1;20;  32;0.18;  58
30229;1989; 1; 2;20;  30;0.16;  48
30229;1989; 1; 1;31;  37;0.18;  67
30229;1989; 1; 2;31;  33;0.16;  53
30229;1989; 2; 1;10;  37;0.18;  67
30229;1989; 2; 2;10;  33;0.16;  53
30229;1989; 2; 1;20;  40;0.18;  72
30229;1989; 2; 2;20;  36;0.16;  58
30229;1989; 2; 1;28;  40;0.19;  76
30229;1989; 2; 2;28;  36;0.17;  61
30229;1989; 3; 1;10;  42;0.20;  84
30229;1989; 3; 2;10;  38;0.20;  76
30229;1989; 3; 1;15;  44;0.20;  88
30229;1989; 3; 2;15;  40;0.19;  76
30229;1989; 3; 1;20;  45;0.20;  90
30229;1989; 3; 2;20;  41;0.19;  78
30229;1989; 3; 1;25;  42;0.20;  84
30229;1989; 3; 2;25;  40;0.18;  72
30229;1989; 3; 1;31;  41;0.21;  86
30229;1989; 3; 2;31;  38;0.19;  72
30229;1989; 4; 1; 5;  36;0.22;  79
30229;1989; 4; 2; 5;  33;0.20;  66
30229;1989; 4; 1;10;  27;0.24;  65
30229;1989; 4; 2;10;  27;0.22;  59
30229;1989; 4; 1;15;  21;0.22;  46
30229;1989; 4; 2;15;  24;0.22;  53
30229;1989; 4; 1;20;  21;0.22;  46
30229;1989; 4; 2;20;  22;0.22;  48
30229;1989; 4; 1;25;  13;0.23;  30
30229;1989; 4; 2;25;  18;0.22;  40
30229;1989; 4; 1;30;   3;0.23;   7
30229;1989; 4; 2;30;  11;0.23;  25
30229;1989; 5; 2; 5;   3;0.30;   9
30229;1989;10; 1;20;   1;    ;    
30229;1989;10; 2;20;   1;    ;    
30229;1989;10; 1;31;   2;    ;    
30229;1989;11; 1;10;   7;0.13;   9
30229;1989;11; 1;20;  12;0.16;  19
30229;1989;11; 2;20;  16;0.13;  21
30229;1989;11; 1;30;  14;0.16;  22
30229;1989;12; 1;10;  15;0.18;  27
30229;1989;12; 1;20;  18;0.17;  31
30229;1989;12; 2;20;  17;0.17;  29
30229;1989;12; 1;31;  21;0.18;  38
30229;1990; 1; 1;10;  23;0.18;  41
30229;1990; 1; 1;20;  27;0.18;  49
30229;1990; 1; 2;20;  26;0.17;  44
30229;1990; 1; 1;31;  32;0.18;  58
30229;1990; 1; 2;31;  30;0.19;  57
30229;1990; 2; 1;10;  35;0.18;  63
30229;1990; 2; 2;10;  31;0.18;  56
30229;1990; 2; 1;20;  40;0.17;  68
30229;1990; 2; 2;20;  34;0.16;  54
30229;1990; 2; 1;28;  43;0.18;  77
30229;1990; 2; 2;28;  36;0.16;  58
30229;1990; 3; 1;10;  36;0.19;  68
30229;1990; 3; 2;10;  31;0.17;  53
30229;1990; 3; 1;15;  35;0.19;  67
30229;1990; 3; 2;15;  31;0.18;  56
30229;1990; 3; 1;20;  32;0.19;  61
30229;1990; 3; 2;20;  29;0.17;  49
30229;1990; 3; 1;25;  29;0.19;  55
30229;1990; 3; 2;25;  26;0.18;  47
30229;1990; 3; 1;31;  10;0.20;  20
30229;1990; 3; 2;31;  23;0.19;  44
30229;1990; 4; 2; 5;   7;0.27;  19
30229;1990; 4; 2;20;   2;0.23;   5
30229;1990;10; 1;31;   4;0.16;   6
30229;1990;11; 1;10;  13;0.16;  21
30229;1990;11; 1;20;  14;0.16;  22
30229;1990;11; 2;20;  11;0.16;  18
30229;1990;11; 1;30;  17;0.17;  29
30229;1990;12; 1;10;  19;0.17;  32
30229;1990;12; 1;20;  20;0.18;  36
30229;1990;12; 2;20;  19;0.17;  32
30229;1990;12; 1;31;  21;0.19;  40
30229;1991; 1; 1;10;  21;0.19;  40
30229;1991; 1; 1;20;  30;0.19;  57
30229;1991; 1; 2;20;  29;0.19;  55
30229;1991; 1; 1;31;  29;0.19;  55
30229;1991; 1; 2;31;  28;0.19;  53
30229;1991; 2; 1;10;  33;0.19;  63
30229;1991; 2; 2;10;  32;0.19;  61
30229;1991; 2; 1;20;  34;0.19;  65
30229;1991; 2; 2;20;  33;0.19;  63
30229;1991; 2; 1;28;  36;0.19;  68
30229;1991; 2; 2;28;  35;0.19;  67
30229;1991; 3; 1;10;  38;0.19;  72
30229;1991; 3; 2;10;  38;0.19;  72
30229;1991; 3; 1;15;  38;0.19;  72
30229;1991; 3; 2;15;  38;0.19;  72
30229;1991; 3; 1;20;  38;0.19;  72
30229;1991; 3; 2;20;  39;0.19;  74
30229;1991; 3; 1;25;  38;0.19;  72
30229;1991; 3; 2;25;  39;0.19;  74
30229;1991; 3; 1;31;  37;0.20;  74
30229;1991; 3; 2;31;  38;0.20;  76
30229;1991; 4; 1; 5;  29;0.21;  61
30229;1991; 4; 2; 5;  35;0.22;  77
30229;1991; 4; 1;10;  21;0.22;  46
30229;1991; 4; 2;10;  29;0.23;  67
30229;1991; 4; 1;15;  18;0.22;  40
30229;1991; 4; 2;15;  25;0.22;  55
30229;1991; 4; 1;20;   9;0.23;  21
30229;1991; 4; 2;20;  21;0.22;  46
30229;1991; 4; 1;25;   3;0.24;   7
30229;1991; 4; 2;25;  18;0.25;  45
30229;1991; 4; 2;30;   5;    ;    
30229;1991;10; 1;31;  10;0.16;  16
30229;1991;11; 1;10;  14;0.17;  24
30229;1991;11; 1;20;  20;0.17;  34
30229;1991;11; 2;20;  17;0.16;  27
30229;1991;11; 1;30;  21;0.17;  36
30229;1991;12; 1;10;  21;0.18;  38
30229;1991;12; 1;20;  22;0.18;  40
30229;1991;12; 2;20;  21;0.17;  36
30229;1991;12; 1;31;  24;0.18;  43
30229;1992; 1; 1;10;  28;0.19;  53
30229;1992; 1; 1;20;  32;0.19;  61
30229;1992; 1; 2;20;  32;0.19;  61
30229;1992; 1; 1;31;  35;0.19;  67
30229;1992; 1; 2;31;  34;0.19;  65
30229;1992; 2; 1;10;  38;0.20;  76
30229;1992; 2; 2;10;  35;0.20;  70
30229;1992; 2; 1;20;  40;0.20;  80
30229;1992; 2; 2;20;  37;0.20;  74
30229;1992; 2; 1;29;  42;0.20;  84
30229;1992; 2; 2;29;  37;0.20;  74
30229;1992; 3; 1;10;  42;0.21;  88
30229;1992; 3; 2;10;  38;0.20;  76
30229;1992; 3; 1;15;  41;0.21;  86
30229;1992; 3; 2;15;  38;0.21;  80
30229;1992; 3; 1;20;  40;0.21;  84
30229;1992; 3; 2;20;  38;0.21;  80
30229;1992; 3; 1;25;  38;0.21;  80
30229;1992; 3; 2;25;  38;0.21;  80
30229;1992; 3; 1;31;  39;0.20;  78
30229;1992; 3; 2;31;  40;0.20;  80
30229;1992; 4; 1; 5;  36;0.21;  76
30229;1992; 4; 2; 5;  38;0.21;  80
30229;1992; 4; 1;10;  35;0.21;  74
30229;1992; 4; 2;10;  37;0.21;  78
30229;1992; 4; 1;15;  30;0.22;  66
30229;1992; 4; 2;15;  34;0.21;  71
30229;1992; 4; 1;20;  18;0.22;  40
30229;1992; 4; 2;20;  29;0.21;  61
30229;1992; 4; 1;25;  16;0.22;  35
30229;1992; 4; 2;25;  27;0.21;  57
30229;1992; 4; 1;30;   7;0.22;  15
30229;1992; 4; 2;30;  21;0.22;  46
30229;1992; 5; 1; 5;   2;0.23;   5
30229;1992; 5; 2; 5;  19;0.22;  42
30229;1992; 5; 2;10;  10;0.22;  22
30229;1992;11; 1;10;  12;0.10;  12
30229;1992;11; 1;20;  13;0.10;  13
30229;1992;11; 2;20;  12;0.08;  10
30229;1992;11; 1;30;  22;0.10;  22
30229;1992;12; 1;10;  26;0.11;  29
30229;1992;12; 1;20;  24;0.13;  31
30229;1992;12; 2;20;  22;0.11;  24
30229;1992;12; 1;31;  28;0.15;  42
30229;1993; 1; 1;10;  29;0.15;  44
30229;1993; 1; 1;20;  33;0.15;  50
30229;1993; 1; 2;20;  25;0.13;  33
30229;1993; 1; 1;31;  36;0.17;  61
30229;1993; 1; 2;31;  27;0.15;  41
30229;1993; 2; 1;10;  34;0.21;  71
30229;1993; 2; 2;10;  31;0.18;  56
30229;1993; 2; 1;20;  36;0.20;  72
30229;1993; 2; 2;20;  33;0.20;  66
30229;1993; 2; 1;28;  37;0.20;  74
30229;1993; 2; 2;28;  34;0.20;  68
30229;1993; 3; 1;10;  36;0.20;  72
30229;1993; 3; 2;10;  31;0.17;  53
30229;1993; 3; 1;15;  36;0.19;  68
30229;1993; 3; 2;15;  31;0.20;  62
30229;1993; 3; 1;20;  35;0.16;  56
30229;1993; 3; 2;20;  29;0.15;  44
30229;1993; 3; 1;25;  34;0.19;  65
30229;1993; 3; 2;25;  28;0.19;  53
30229;1993; 3; 1;31;  29;0.23;  67
30229;1993; 3; 2;31;  22;0.20;  44
30229;1993; 4; 1; 5;  27;0.22;  59
30229;1993; 4; 2; 5;  22;0.20;  44
30229;1993; 4; 1;10;  18;0.28;  50
30229;1993; 4; 2;10;  20;0.22;  44
30229;1993; 4; 2;15;   7;0.26;  18
30229;1994; 1; 1;20;  40;0.18;  72
30229;1994; 1; 2;20;  41;0.19;  78
30229;1994; 1; 1;31;  40;0.19;  76
30229;1994; 1; 2;31;  41;0.18;  74
30229;1994; 2; 1;10;  43;0.19;  82
30229;1994; 2; 2;10;  42;0.19;  80
30229;1994; 2; 1;20;  43;0.19;  82
30229;1994; 2; 2;20;  42;0.19;  80
30229;1994; 2; 1;28;  44;0.19;  84
30229;1994; 2; 2;28;  41;0.19;  78
30229;1994; 3; 1;10;  40;0.19;  76
30229;1994; 3; 2;10;  39;0.19;  74
30229;1994; 3; 1;15;  40;0.19;  76
30229;1994; 3; 2;15;  38;0.19;  72
30229;1994; 3; 1;20;  40;0.20;  80
30229;1994; 3; 2;20;  37;0.20;  74
30229;1994; 3; 1;25;  39;0.20;  78
30229;1994; 3; 2;25;  36;0.20;  72
30229;1994; 3; 1;31;  25;0.22;  55
30229;1994; 3; 2;31;  23;0.22;  51
30229;1994; 4; 1; 5;  22;0.23;  51
30229;1994; 4; 2; 5;  20;0.23;  46
30229;1994; 4; 1;10;  21;0.21;  44
30229;1994; 4; 2;10;  18;0.21;  38
30229;1994; 4; 1;15;  21;0.21;  44
30229;1994; 4; 2;15;  20;0.20;  40
30229;1994; 4; 1;20;  14;0.23;  32
30229;1994; 4; 2;20;  13;0.23;  30
30229;1994; 4; 1;25;   6;0.23;  14
30229;1994; 4; 2;25;   5;0.24;  12
30229;1994; 4; 1;30;   2;0.24;   5
30229;1994; 4; 2;30;   2;0.24;   5
30229;1994;10; 1;31;   7;0.10;   7
30229;1994;11; 1;10;  17;0.16;  27
30229;1994;11; 1;20;  16;0.17;  27
30229;1994;11; 2;20;  14;0.16;  22
30229;1994;11; 1;30;  20;0.17;  34
30229;1994;12; 1;10;  21;0.17;  36
30229;1994;12; 1;20;  20;0.17;  34
30229;1994;12; 2;20;  21;0.16;  34
30229;1994;12; 1;31;  25;0.19;  48
30229;1995; 1; 1;10;  27;0.18;  49
30229;1995; 1; 1;20;  35;0.19;  67
30229;1995; 1; 2;20;  28;0.18;  50
30229;1995; 1; 1;31;  37;0.19;  70
30229;1995; 1; 2;31;  29;0.19;  55
30229;1995; 2; 1;10;  39;0.19;  74
30229;1995; 2; 2;10;  33;0.19;  63
30229;1995; 2; 1;20;  39;0.19;  74
30229;1995; 2; 2;20;  33;0.19;  63
30229;1995; 2; 1;28;  43;0.20;  86
30229;1995; 2; 2;28;  36;0.20;  72
30229;1995; 3; 1;10;  37;0.21;  78
30229;1995; 3; 2;10;  36;0.20;  72
30229;1995; 3; 1;15;  44;0.20;  88
30229;1995; 3; 2;15;  39;0.20;  78
30229;1995; 3; 1;20;  54;0.21; 113
30229;1995; 3; 2;20;  45;0.21;  95
30229;1995; 3; 1;25;  55;0.21; 116
30229;1995; 3; 2;25;  45;0.21;  95
30229;1995; 3; 1;31;  52;0.22; 114
30229;1995; 3; 2;31;  45;0.22;  99
30229;1995; 4; 1; 5;  46;0.21;  97
30229;1995; 4; 2; 5;  40;0.21;  84
30229;1995; 4; 1;10;  41;0.21;  86
30229;1995; 4; 2;10;  38;0.21;  80
30229;1995; 4; 1;15;  35;0.22;  77
30229;1995; 4; 2;15;  34;0.22;  75
30229;1995; 4; 1;20;  24;0.23;  55
30229;1995; 4; 2;20;  26;0.22;  57
30229;1995; 4; 1;25;  19;0.23;  44
30229;1995; 4; 2;25;  21;0.23;  48
30229;1995; 4; 1;30;  15;0.23;  35
30229;1995; 4; 2;30;  18;0.24;  43
30229;1995;10; 1;31;   4;0.15;   6
30229;1995;11; 1;10;   8;0.15;  12
30229;1995;11; 1;20;  19;0.15;  29
30229;1995;11; 2;20;  16;0.15;  24
30229;1995;11; 1;30;  22;0.16;  35
30229;1995;12; 1;10;  22;0.16;  35
30229;1995;12; 1;20;  25;0.17;  43
30229;1995;12; 2;20;  18;0.16;  29
30229;1995;12; 1;31;  23;0.18;  41
30229;1996; 1; 1;10;  26;0.19;  49
30229;1996; 1; 1;20;  27;0.19;  51
30229;1996; 1; 2;20;  21;0.18;  38
30229;1996; 1; 1;31;  37;0.20;  74
30229;1996; 1; 2;31;  32;0.19;  61
30229;1996; 2; 1;10;  40;0.20;  80
30229;1996; 2; 2;10;  34;0.20;  68
30229;1996; 2; 1;20;  42;0.21;  88
30229;1996; 2; 2;20;  35;0.21;  74
30229;1996; 2; 1;29;  44;0.21;  92
30229;1996; 2; 2;29;  37;0.21;  78
30229;1996; 3; 1;10;  36;0.22;  79
30229;1996; 3; 2;10;  35;0.21;  74
30229;1996; 3; 1;15;  34;0.22;  75
30229;1996; 3; 2;15;  36;0.21;  76
30229;1996; 3; 1;20;  35;0.22;  77
30229;1996; 3; 2;20;  38;0.21;  80
30229;1996; 3; 1;25;  34;0.22;  75
30229;1996; 3; 2;25;  37;0.21;  78
30229;1996; 3; 1;31;  30;0.22;  66
30229;1996; 3; 2;31;  35;0.21;  74
30229;1996; 4; 1; 5;  27;0.22;  59
30229;1996; 4; 2; 5;  34;0.21;  71
30229;1996; 4; 1;10;  27;0.22;  59
30229;1996; 4; 2;10;  34;0.21;  71
30229;1996; 4; 1;15;  26;0.22;  57
30229;1996; 4; 2;15;  33;0.22;  73
30229;1996; 4; 1;20;  23;0.23;  53
30229;1996; 4; 2;20;  31;0.22;  68
30229;1996; 4; 1;25;  16;0.23;  37
30229;1996; 4; 2;25;  27;0.23;  62
30229;1996; 4; 1;30;   7;0.23;  16
30229;1996; 4; 2;30;  21;0.23;  48
30229;1996; 5; 2; 5;  11;0.23;  25
30229;1996; 5; 2;10;   2;0.24;   5
30229;1996;10; 1;31;   6;0.16;  10
30229;1996;11; 1;10;  12;0.16;  19
30229;1996;11; 1;20;  20;0.17;  34
30229;1996;11; 2;20;  17;0.16;  27
30229;1996;11; 1;30;  25;0.17;  43
30229;1996;12; 1;10;  31;0.18;  56
30229;1996;12; 1;20;  36;0.19;  68
30229;1996;12; 1;31;  40;0.19;  76
30229;1997; 1; 1;10;  42;0.19;  80
30229;1997; 1; 3;20;  44;0.19;  84
30229;1997; 1; 3;31;  48;0.20;  96
30229;1997; 2; 1;10;  47;    ;    
30229;1997; 2; 3;20;  45;    ;    
30229;1997; 2; 3;28;  44;0.21;  92
30229;1997; 3; 1;10;  46;0.21;  97
30229;1997; 3; 2;15;  51;0.21; 107
30229;1997; 3; 3;15;  46;0.21;  97
30229;1997; 3; 3;20;  50;0.21; 105
30229;1997; 3; 3;25;  50;0.22; 110
30229;1997; 3; 3;31;  50;0.22; 110
30229;1997; 4; 1; 5;  35;0.22;  77
30229;1997; 4; 2; 5;  47;0.22; 103
30229;1997; 4; 3;10;  30;0.23;  69
30229;1997; 4; 3;15;  25;0.23;  58
30229;1997; 4; 3;20;   6;    ;    
30229;1997;10; 1;20;   4;    ;    
30229;1997;10; 2;20;   3;    ;    
30229;1997;10; 3;31;   4;    ;    
30229;1997;11; 1;10;   5;    ;    
30229;1997;11; 2;20;   5;    ;    
30229;1997;11; 3;20;   7;    ;    
30229;1997;11; 3;30;  11;    ;    
30229;1997;12; 1;10;  19;0.19;  36
30229;1997;12; 3;20;  21;0.20;  42
30229;1997;12; 3;31;  23;0.20;  46
30229;1998; 1; 1;10;  24;0.20;  48
30229;1998; 1; 3;20;  30;0.21;  63
30229;1998; 1; 3;31;  32;0.21;  67
30229;1998; 2; 1;10;  33;0.21;  69
30229;1998; 2; 3;20;  35;0.21;  74
30229;1998; 2; 3;28;  34;0.21;  71
30229;1998; 3; 1;10;  32;0.22;  70
30229;1998; 3; 2;15;  34;0.21;  71
30229;1998; 3; 3;15;  32;0.22;  70
30229;1998; 3; 3;20;  35;0.21;  74
30229;1998; 3; 3;25;  34;0.22;  75
30229;1998; 3; 3;31;  33;0.22;  73
30229;1998; 4; 1; 5;  22;0.22;  48
30229;1998; 4; 2; 5;  28;0.22;  62
30229;1998; 4; 3;10;  16;0.23;  37
30229;1998; 4; 3;15;   9;0.23;  21
30229;1998; 4; 3;20;   3;0.23;   7
30229;1998; 4; 3;25;  25;0.23;  58
30229;1998;10; 1;31;   2;    ;    
30229;1998;11; 1;10;  16;0.16;  26
30229;1998;11; 3;20;  13;0.16;  21
30229;1998;11; 3;30;  14;0.16;  22
30229;1998;12; 1;10;  16;0.17;  27
30229;1998;12; 3;20;  26;0.17;  44
30229;1998;12; 3;31;  28;0.18;  50
30229;1999; 1; 1;10;  30;0.18;  54
30229;1999; 1; 3;20;  31;0.18;  56
30229;1999; 1; 3;31;  34;0.18;  61
30229;1999; 2; 1;10;  36;0.18;  65
30229;1999; 2; 3;20;  43;0.19;  82
30229;1999; 2; 3;28;  43;0.19;  82
30229;1999; 3; 1;10;  43;0.19;  82
30229;1999; 3; 3;15;  42;    ;    
30229;1999; 3; 3;20;  41;0.20;  82
30229;1999; 3; 3;25;  32;0.21;  67
30229;1999; 3; 3;31;  31;0.21;  65
30229;1999; 4; 1; 5;  28;0.21;  59
30229;1999; 4; 3;10;  17;0.22;  37
30229;1999; 4; 3;15;   7;0.23;  16
30229;1999; 4; 3;20;   5;0.23;  12
30229;1999; 4; 3;25;   2;    ;    
30229;1999;10; 1;31;   3;    ;    
30229;1999;11; 1;20;   6;    ;    
30229;1999;11; 3;30;  11;    ;    
30229;1999;12; 1;10;  16;    ;    
30229;1999;12; 3;20;  21;    ;    
30229;1999;12; 3;30;  25;0.19;  48
30229;2000; 1; 1;10;  25;0.19;  48
30229;2000; 1; 3;20;  30;0.19;  57
30229;2000; 1; 3;31;  30;0.19;  57
30229;2000; 2; 1;10;  31;0.20;  62
30229;2000; 2; 3;20;  35;0.20;  70
30229;2000; 2; 3;29;  38;0.21;  80
30229;2000; 3; 1;10;  36;0.21;  76
30229;2000; 3; 3;15;  36;0.21;  76
30229;2000; 3; 3;20;  35;0.21;  74
30229;2000; 3; 3;25;  34;0.21;  71
30229;2000; 3; 3;31;  32;    ;    
30229;2000; 4; 1; 5;  30;0.22;  66
30229;2000; 4; 3;10;  23;0.22;  51
30229;2000; 4; 3;15;  19;0.22;  42
30229;2000; 4; 3;20;   2;    ;    
30229;2000;10; 1;20;   3;    ;    
30229;2000;10; 3;31;   3;    ;    
30229;2000;11; 1;10;   3;    ;    
30229;2000;11; 3;20;   4;    ;    
30229;2000;11; 3;30;  15;0.16;  24
30229;2000;12; 1;10;  14;0.18;  25
30229;2000;12; 3;20;  17;0.19;  32
30229;2000;12; 3;30;  18;0.19;  34
30229;2001; 1; 1;10;  18;0.19;  34
30229;2001; 1; 3;20;  19;0.19;  36
30229;2001; 1; 3;31;  21;0.19;  40
30229;2001; 2; 1;10;  22;0.19;  42
30229;2001; 2; 3;20;  22;0.20;  44
30229;2001; 2; 3;28;  24;0.20;  48
30229;2001; 3; 1;10;  26;0.21;  55
30229;2001; 3; 3;15;  24;0.22;  53
30229;2001; 3; 3;20;  24;0.22;  53
30229;2001; 3; 3;25;  23;0.22;  51
30229;2001; 3; 3;31;  20;0.22;  44
30229;2001; 4; 1; 5;  19;0.22;  42
30229;2001; 4; 3;10;  19;0.22;  42
30229;2001; 4; 3;15;  15;0.23;  35
30229;2001; 4; 3;20;  13;0.23;  30
30229;2001; 4; 3;25;   6;0.23;  14
30229;2001;10; 1;31;   2;    ;    
30229;2001;11; 1;10;   2;    ;    
30229;2001;11; 3;30;   4;    ;    
30229;2001;12; 1;10;   9;    ;    
30229;2001;12; 3;20;   9;    ;    
30229;2001;12; 3;30;  13;    ;    
30229;2002; 1; 1;10;  23;0.19;  44
30229;2002; 1; 3;20;  18;    ;    
30229;2002; 1; 3;31;  30;0.20;  60
30229;2002; 2; 1;10;  30;0.20;  60
30229;2002; 2; 3;20;  31;0.21;  65
30229;2002; 2; 3;28;  29;0.21;  61
30229;2002; 3; 1;10;  27;0.22;  59
30229;2002; 3; 3;15;  22;0.22;  48
30229;2002; 3; 3;20;  23;0.22;  51
30229;2002; 3; 3;25;  24;0.22;  53
30229;2002; 3; 3;31;  22;0.23;  51
30229;2002; 4; 1; 5;  19;0.23;  44
30229;2002; 4; 3;10;  16;0.23;  37
30229;2002; 4; 3;15;  10;0.23;  23
30229;2002; 4; 3;20;   7;0.23;  16
30229;2002;10; 1;20;   2;    ;    
30229;2002;10; 3;31;   5;    ;    
30229;2002;11; 1;10;  13;0.17;  22
30229;2002;11; 3;20;  15;0.17;  26
30229;2002;11; 3;30;  18;0.18;  32
30229;2002;12; 1;10;  21;0.19;  40
30229;2002;12; 3;20;  23;0.19;  44
30229;2002;12; 3;31;  25;0.19;  48
30229;2003; 1; 1;10;  27;0.19;  51
30229;2003; 1; 3;20;  32;0.20;  64
30229;2003; 1; 3;31;  32;0.20;  64
30229;2003; 2; 1;10;  34;0.20;  68
30229;2003; 2; 3;20;  37;0.20;  74
30229;2003; 2; 3;28;  35;0.20;  70
30229;2003; 3; 1;10;  33;0.21;  69
30229;2003; 3; 3;15;  33;0.21;  69
30229;2003; 3; 3;20;  31;0.22;  68
30229;2003; 3; 3;25;  29;0.22;  64
30229;2003; 3; 3;31;  28;0.22;  62
30229;2003; 4; 1; 5;  25;0.23;  58
30229;2003; 4; 3;10;  15;0.23;  35
30229;2003;10; 1;10;   2;    ;    
30229;2003;10; 3;31;   3;    ;    
30229;2003;11; 1;10;  15;0.16;  24
30229;2003;11; 3;20;  16;0.17;  27
30229;2003;11; 3;30;  17;0.17;  29
30229;2003;12; 1;10;  16;0.18;  29
30229;2003;12; 3;20;  17;0.18;  31
30229;2003;12; 3;30;  19;0.18;  34
30229;2004; 1; 1;10;  26;0.19;  49
30229;2004; 1; 3;20;  31;0.19;  59
30229;2004; 1; 3;31;  33;0.20;  66
30229;2004; 2; 1;10;  36;0.20;  72
30229;2004; 2; 3;20;  42;0.20;  84
30229;2004; 2; 3;29;  46;0.20;  92
30229;2004; 3; 1;10;  44;0.21;  92
30229;2004; 3; 3;15;  39;0.21;  82
30229;2004; 3; 3;20;  37;0.21;  78
30229;2004; 3; 3;25;  37;0.22;  81
30229;2004; 3; 3;31;  37;0.22;  81
30229;2004; 4; 1; 5;  35;0.22;  77
30229;2004; 4; 3;10;  24;0.23;  55
30229;2004; 4; 3;15;  19;0.23;  44
30229;2004; 4; 3;20;  22;0.23;  51
30229;2004; 4; 3;25;   5;0.24;  12
30229;2004; 4; 3;30;   1;    ;    
30229;2004;11; 1;20;   5;0.16;   8
30229;2004;11; 3;30;  13;0.16;  21
30229;2004;12; 1;10;  14;0.17;  24
30229;2004;12; 3;20;  17;0.17;  29
30229;2004;12; 3;30;  19;0.17;  32
30229;2005; 1; 1;10;  20;0.18;  36
30229;2005; 1; 3;20;  23;0.18;  41
30229;2005; 1; 3;31;  25;0.18;  45
30229;2005; 2; 1;10;  28;0.19;  53
30229;2005; 2; 3;20;  30;0.19;  57
30229;2005; 2; 3;28;  30;0.19;  57
30229;2005; 3; 1;10;  31;0.19;  59
30229;2005; 3; 3;15;  34;0.19;  65
30229;2005; 3; 3;20;  33;0.20;  66
30229;2005; 3; 3;25;  31;0.20;  62
30229;2005; 3; 3;31;  29;0.21;  61
30229;2005; 4; 1; 5;  25;0.21;  53
30229;2005; 4; 3;10;  22;0.21;  46
30229;2005; 4; 3;15;  19;0.21;  40
30229;2005; 4; 3;20;   6;0.22;  13
30229;2005;10; 1;20;   1;    ;    
30229;2005;11; 1;10;  10;0.17;  17
30229;2005;11; 3;20;  11;0.17;  19
30229;2005;11; 3;30;  18;0.17;  31
30229;2005;12; 1;10;  20;0.18;  36
30229;2005;12; 3;20;  23;0.18;  41
30229;2005;12; 3;30;  36;0.18;  65
30229;2006; 1; 1;10;  36;0.19;  68
30229;2006; 1; 3;20;  39;0.19;  74
30229;2006; 1; 3;31;  40;0.19;  76
30229;2006; 2; 1;10;  41;0.19;  78
30229;2006; 2; 1;20;  47;0.20;  94
30229;2006; 2; 1;28;  43;0.21;  90
30229;2006; 3; 1;10;  40;0.21;  84
30229;2006; 3; 1;15;  40;0.21;  84
30229;2006; 3; 1;20;  43;0.21;  90
30229;2006; 3; 1;25;  42;0.21;  88
30229;2006; 3; 1;31;  41;0.21;  86
30229;2006; 4; 1; 5;  40;0.21;  84
30229;2006; 4; 3;10;  39;0.22;  86
30229;2006; 4; 3;15;  38;0.22;  84
30229;2006; 4; 3;20;  35;0.22;  77
30229;2006; 4; 3;25;  30;0.22;  66
30229;2006; 4; 3;30;  12;0.23;  28
30229;2006;10; 1;10;  14;0.16;  22
30229;2006;10; 1;20;  10;0.17;  17
30229;2006;10; 1;31;   7;0.17;  12
30229;2006;11; 1;10;  22;0.17;  37
30229;2006;11; 1;20;  27;0.18;  49
30229;2006;11; 1;30;  32;0.18;  58
30229;2006;12; 1;10;  36;0.18;  65
30229;2006;12; 1;20;  42;0.18;  76
30229;2006;12; 1;30;  46;0.18;  83
30229;2007; 1; 1;10;  48;0.19;  91
30229;2007; 1; 1;20;  56;0.19; 106
30229;2007; 1; 1;31;  59;0.19; 112
30229;2007; 2; 1;10;  57;0.20; 114
30229;2007; 2; 1;20;  59;0.20; 118
30229;2007; 2; 1;28;  60;0.20; 120
30229;2007; 3; 1;10;  60;0.20; 120
30229;2007; 3; 1;15;  59;0.20; 118
30229;2007; 3; 1;20;  57;0.20; 114
30229;2007; 3; 1;25;  59;0.21; 124
30229;2007; 3; 1;31;  60;0.21; 126
30229;2007; 4; 1; 5;  55;0.21; 116
30229;2007; 4; 1;10;  41;0.22;  90
30229;2007; 4; 1;15;  31;0.22;  68
30229;2007; 4; 1;20;  22;0.22;  48
30229;2007;10; 1;10;  10;0.15;  15
30229;2007;11; 1;20;  11;0.15;  17
30229;2007;11; 1;30;  14;0.17;  24
30229;2007;12; 1;10;  21;0.17;  36
30229;2007;12; 1;20;  27;0.17;  46
30229;2007;12; 1;31;  33;0.17;  56
30229;2008; 1; 1;10;  36;0.18;  65
30229;2008; 1; 1;20;  37;0.18;  67
30229;2008; 1; 1;31;  39;0.18;  70
30229;2008; 2; 1;10;  40;0.19;  76
30229;2008; 2; 1;20;  42;0.19;  80
30229;2008; 2; 1;29;  42;0.20;  84
30229;2008; 3; 1;10;  40;0.21;  84
30229;2008; 3; 1;15;  38;0.21;  80
30229;2008; 3; 1;20;  36;0.21;  76
30229;2008; 3; 1;25;  33;0.22;  73
30229;2008; 3; 1;31;  29;0.22;  64
30229;2008; 4; 1; 5;  24;0.22;  53
30229;2008; 4; 1;10;  18;0.22;  40
30229;2008; 4; 1;15;  14;0.22;  31
30229;2008; 4; 1;20;   8;0.22;  18
30229;2008; 4; 1;25;   3;    ;    
30229;2008;11; 1;10;   4;    ;    
30229;2008;11; 1;20;  21;0.10;  21
30229;2008;11; 1;30;  25;0.14;  35
30229;2008;12; 1;10;  32;0.16;  51
30229;2008;12; 1;20;  35;0.17;  60
30229;2008;12; 1;31;  39;0.18;  70
30229;2009; 1; 1;16;  41;0.18;  74
30229;2009; 1; 1;27;  43;0.18;  77
30229;2009; 2; 1;10;  49;0.19;  93
30229;2009; 2; 1;20;  50;0.19;  95
30229;2009; 2; 1;28;  51;0.19;  97
30229;2009; 3; 1;10;  53;0.20; 106
30229;2009; 3; 1;15;  52;0.20; 104
30229;2009; 3; 1;20;  52;0.20; 104
30229;2009; 3; 1;25;  50;0.21; 105
30229;2009; 3; 1;31;  46;0.21;  97
30229;2009; 4; 1; 5;  34;0.37; 122
30229;2009; 4; 1;10;   8;0.37;  26
30229;2009;10; 1;20;  11;0.10;  11
30229;2009;10; 1;31;  11;0.15;  17
30229;2009;11; 1;10;  20;0.14;  28
30229;2009;11; 1;20;  20;0.16;  32
30229;2009;12; 1; 2;  24;0.15;  36
30229;2009;12; 1;20;  34;0.18;  61
30229;2010; 1; 1;10;  35;0.19;  67
30229;2010; 1; 1;23;  37;0.19;  70
30229;2010; 2; 1; 2;  38;0.19;  72
30229;2010; 2; 1;11;  36;0.20;  72
30229;2010; 2; 1;20;  36;0.20;  72
30229;2010; 2; 1;28;  36;0.21;  76
30229;2010; 3; 1;10;  39;0.21;  82
30229;2010; 3; 1;15;  38;0.21;  80
30229;2010; 3; 1;20;  36;0.22;  79
30229;2010; 3; 1;25;  39;0.22;  86
30229;2010; 3; 1;31;  35;0.24;  84
30229;2010; 4; 1; 5;  33;0.24;  79
30229;2010; 4; 1;10;  33;0.24;  79
30229;2010; 4; 1;15;  33;0.24;  79
30229;2010; 4; 1;20;  24;0.28;  67
30229;2010;10; 1;31;  19;0.13;  25
30229;2010;11; 1;10;  16;0.17;  27
30229;2010;11; 1;20;  15;0.22;  33
30229;2010;12; 1;20;  26;0.18;  47
30229;2011; 1; 1;31;  30;0.20;  60
30229;2011; 2; 1;12;  32;0.18;  58
30229;2011; 2; 1;20;  30;0.21;  63
30229;2011; 2; 1;28;  28;0.22;  62
30229;2011; 3; 1;10;  32;0.23;  74
30229;2011; 3; 1;15;  29;0.24;  70
30229;2011; 3; 1;20;  27;0.24;  65
30229;2011; 3; 1;25;  25;0.25;  63
30229;2011; 3; 1;31;  19;0.29;  55
30229;2011; 4; 1; 5;   7;0.34;  24
30229;2011; 4; 1;10;   4;    ;    
30229;2011;10; 1;31;   1;    ;    
30229;2011;11; 1;10;   2;    ;    
30229;2011;11; 1;20;   4;    ;    
30229;2011;11; 1;30;  12;0.12;  14
30229;2011;12; 1;10;  23;0.10;  23
30229;2011;12; 1;20;  19;0.12;  23
30229;2011;12; 1;30;  20;0.12;  24
30229;2012; 1; 1;10;  28;0.13;  36
30229;2012; 1; 1;20;  31;0.13;  40
30229;2012; 2; 1; 1;  36;0.16;  58
30229;2012; 2; 1;10;  37;0.17;  63
30229;2012; 2; 1;20;  38;0.17;  65
30229;2012; 2; 1;29;  38;0.18;  68
30229;2012; 3; 1;10;  39;0.19;  74
30229;2012; 3; 1;15;  39;0.20;  78
30229;2012; 3; 1;20;  39;0.22;  86
30229;2012; 3; 1;25;  35;0.23;  81
30229;2012; 3; 1;31;  30;0.26;  78
30229;2012; 4; 1; 5;  29;0.27;  78
30229;2012; 4; 1;10;  22;0.29;  64
30229;2012; 4; 1;15;   7;0.34;  24
30229;2012;10; 1;20;   1;    ;    
30229;2012;10; 1;31;   9;0.09;   8
30229;2012;11; 1;10;  12;0.09;  11
30229;2012;11; 1;20;  16;0.11;  18
30229;2013; 2; 1;28;  33;0.18;  59
30229;2013; 3; 1;12;  34;0.19;  65
30229;2013; 3; 1;15;  33;0.20;  66
30229;2013; 3; 1;20;  36;0.20;  72
30229;2013; 3; 1;25;  33;0.22;  73
30229;2013; 3; 1;31;  34;0.23;  78
30229;2013; 4; 1; 5;  31;0.25;  78
30229;2013; 4; 1;10;  28;0.27;  76
30229;2013; 4; 1;15;  22;0.28;  62
30229;2013; 4; 1;20;   8;0.29;  23
30229;2013;11; 1;10;  22;    ;    
30229;2013;11; 1;20;  25;0.12;  30
30229;2013;11; 1;30;  23;0.16;  37
30229;2013;12; 1;10;  22;0.18;  40
30229;2013;12; 1;20;  26;0.16;  42
30229;2013;12; 1;30;  29;0.18;  52
30229;2014; 1; 1;20;  37;0.19;  70
30229;2014; 2; 1;20;  32;0.22;  70
30229;2014; 2; 1;28;  32;0.22;  70
30229;2014; 3; 1;10;  31;0.25;  78
30229;2014; 3; 1;15;  42;0.20;  84
30229;2014; 3; 1;20;  29;0.24;  70
30229;2014; 3; 1;31;  20;0.29;  58
30229;2014;10; 1;20;   1;    ;    
30229;2014;10; 1;31;   7;0.14;  10
30229;2014;11; 1;10;   9;0.18;  16
30229;2014;11; 1;20;  10;0.19;  19
30229;2014;12; 1;10;  13;0.15;  20
30229;2014;12; 1;20;  26;0.14;  36
30229;2014;12; 1;30;  34;0.12;  41
30229;2015; 1; 1;10;  33;0.16;  53
30229;2015; 1; 1;20;  35;0.16;  56
30229;2015; 1; 1;31;  31;0.19;  59
30229;2015; 2; 1;10;  30;0.20;  60
30229;2015; 2; 1;20;  32;0.19;  61
30229;2015; 2; 1;28;  30;0.21;  63
30229;2015; 3; 1;10;  33;    ;    
30229;2015; 3; 1;15;  31;    ;    
30229;2015; 3; 1;21;  30;    ;    
30229;2015; 3; 1;25;  24;    ;    
30229;2015; 3; 1;31;  13;    ;    
30229;2015; 4; 1; 5;  12;    ;    
30229;2015; 4; 1;10;  11;    ;    
30229;2015; 4; 1;15;   4;    ;    
30229;2015;10; 1;20;   6;0.08;   5
30229;2015;10; 1;31;   3;    ;    
30229;2015;11; 1;10;   2;    ;    
30229;2015;11; 1;20;   8;0.07;   6
30229;2015;11; 1;30;  12;0.09;  11
30229;2015;12; 1;10;  20;    ;    
30229;2015;12; 1;20;  18;    ;    
30229;2015;12; 1;30;  26;    ;    
30229;2016; 1; 1;10;  27;    ;    
30229;2016; 1; 1;31;  30;0.19;  57
30229;2016; 2; 1;10;  38;0.16;  61
30229;2016; 2; 1;20;  37;0.19;  70
30229;2016; 2; 1;29;  38;0.19;  72
30229;2016; 3; 1;10;  37;0.20;  74
30229;2016; 3; 1;15;  38;0.21;  80
30229;2016; 3; 1;20;  36;0.23;  83
30229;2016; 3; 1;25;  29;0.25;  73
30229;2016; 3; 1;31;  24;    ;    
30229;2016; 4; 1; 5;  13;    ;    
30229;2016; 4; 1;10;   5;    ;    
30229;2016;10; 1;20;   1;    ;    
30229;2016;10; 1;31;   9;0.05;   5
30229;2016;11; 1;10;  17;0.08;  14
30229;2016;11; 1;20;  18;0.09;  16
30229;2016;11; 1;30;  26;0.11;  29
30229;2016;12; 1;10;  33;0.12;  40
30229;2016;12; 1;20;  35;0.15;  53
30229;2016;12; 1;30;  38;0.17;  65
30229;2017; 1; 1;20;  39;0.18;  70
30229;2017; 1; 1;31;  38;0.19;  72
30229;2017; 2; 1;10;  42;0.19;  80
30229;2017; 2; 1;20;  41;0.20;  82
30229;2017; 2; 1;28;  41;0.20;  82
30229;2017; 3; 1;10;  45;0.21;  95
30229;2017; 3; 1;15;  40;0.23;  92
30229;2017; 3; 1;20;  37;0.24;  89
30229;2017; 3; 1;25;  36;    ;    
30229;2017; 3; 1;31;  22;0.28;  62
30229;2017;10; 1;31;   2;    ;    
30229;2017;11; 1;10;   3;    ;    
30229;2017;11; 1;20;  15;0.10;  15
30229;2017;11; 1;30;  20;0.13;  26
30229;2017;12; 1;20;  38;0.15;  57
30229;2017;12; 1;31;  41;0.16;  66
30229;2018; 1; 1;10;  41;0.17;  70
30229;2018; 1; 1;20;  42;0.18;  76
30229;2018; 1; 1;31;  46;0.18;  83
30229;2018; 2; 1;10;  46;0.23; 106
30229;2018; 2; 1;20;  47;0.23; 108
30229;2018; 2; 1;28;  54;0.23; 124
30229;2018; 3; 1;10;  54;0.23; 124
30229;2018; 3; 1;15;  54;0.23; 124
30229;2018; 3; 1;20;  52;0.24; 125
30229;2018; 3; 1;25;  39;0.29; 113
30229;2018; 3; 1;31;  36;0.29; 104
30229;2018; 4; 1; 5;  34;0.29;  99
30229;2018; 4; 1;10;  30;0.31;  93
30229;2018; 4; 1;15;  13;0.33;  43
