30739;1966; 1; 1;10;   3;    ;    
30739;1966; 1; 1;20;   5;0.19;  10
30739;1966; 1; 1;31;   3;    ;    
30739;1966; 2; 1;10;   4;    ;    
30739;1966; 2; 1;15;   6;0.16;  10
30739;1966; 2; 1;20;   4;    ;    
30739;1966; 2; 1;25;   5;0.17;   9
30739;1966; 2; 1;28;   3;    ;    
30739;1966;11; 1;10;   1;    ;    
30739;1966;11; 1;20;   3;    ;    
30739;1966;11; 1;30;   2;    ;    
30739;1966;12; 1;10;   2;    ;    
30739;1966;12; 1;20;   2;    ;    
30739;1966;12; 1;31;   1;    ;    
30739;1967; 1; 1;10;   2;    ;    
30739;1967; 1; 1;20;   4;    ;    
30739;1967; 1; 1;31;   2;    ;    
30739;1967; 2; 1;10;   4;    ;    
30739;1967; 2; 1;20;   3;    ;    
30739;1967; 2; 1;25;   3;    ;    
30739;1967; 2; 1;28;   1;    ;    
30739;1967;10; 1;31;  22;0.16;  35
30739;1967;11; 1;10;  14;0.22;  31
30739;1967;11; 1;20;  14;0.23;  32
30739;1967;11; 1;30;  15;0.16;  24
30739;1967;12; 1;10;  16;0.20;  32
30739;1967;12; 1;20;  14;0.20;  28
30739;1967;12; 1;31;  16;0.20;  32
30739;1968; 1; 1;10;  17;0.19;  32
30739;1968; 1; 1;20;  17;0.20;  34
30739;1968; 1; 1;31;  17;0.20;  34
30739;1968; 2; 1;10;  19;0.20;  38
30739;1968; 2; 1;20;  16;0.23;  37
30739;1968; 2; 1;25;  15;0.23;  35
30739;1968; 2; 1;29;  19;0.24;  46
30739;1968; 3; 1; 5;  20;0.26;  52
30739;1968; 3; 1;10;  20;0.23;  46
30739;1968; 3; 1;15;  19;0.24;  46
30739;1968; 3; 1;20;  18;0.21;  38
30739;1968; 3; 1;25;  17;0.20;  34
30739;1968; 3; 1;31;   6;0.26;  16
30739;1968; 4; 1;10;   7;0.28;  20
30739;1968;11; 1;10;   2;    ;    
30739;1968;11; 1;20;   1;    ;    
30739;1968;11; 1;30;   5;0.12;   6
30739;1968;12; 1;10;   5;0.16;   8
30739;1968;12; 1;20;   4;    ;    
30739;1968;12; 1;31;   3;    ;    
30739;1969; 1; 1;10;   5;0.13;   7
30739;1969; 1; 1;20;   6;0.15;   9
30739;1969; 1; 1;31;   4;    ;    
30739;1969; 2; 1;10;   7;0.16;  11
30739;1969; 2; 1;20;   6;0.16;  10
30739;1969; 2; 1;28;   3;    ;    
30739;1969; 3; 1; 5;   3;    ;    
30739;1969; 3; 1;10;   2;    ;    
30739;1969; 3; 1;20;   1;    ;    
30739;1969; 4; 1;10;   7;0.13;   9
30739;1969;10; 1;31;   3;    ;    
30739;1969;11; 1;10;   2;    ;    
30739;1969;11; 1;20;   1;    ;    
30739;1969;11; 1;30;   5;0.10;   5
30739;1969;12; 1;10;   3;    ;    
30739;1969;12; 1;20;   3;    ;    
30739;1969;12; 1;31;   3;    ;    
30739;1970; 1; 1;10;   2;    ;    
30739;1970; 1; 1;20;   2;    ;    
30739;1970; 1; 1;31;   2;    ;    
30739;1970; 2; 1;10;   2;    ;    
30739;1970; 2; 1;20;   3;    ;    
30739;1970; 2; 1;28;   3;    ;    
30739;1970; 3; 1; 5;   1;    ;    
30739;1970; 4; 1; 5;    ;    ;   0
30739;1970; 4; 1;10;   2;    ;    
30739;1970; 4; 1;15;    ;    ;   0
30739;1970; 4; 1;20;    ;    ;   0
30739;1970; 4; 1;25;   2;    ;    
30739;1970; 4; 1;30;    ;    ;   0
30739;1970; 5; 1; 5;    ;    ;   0
30739;1970; 5; 1;10;   2;    ;    
30739;1970; 5; 1;15;    ;    ;   0
30739;1970; 5; 1;20;    ;    ;   0
30739;1970; 5; 1;25;   2;    ;    
30739;1970; 5; 1;30;    ;    ;   0
30739;1970;10; 1;10;   8;0.12;  10
30739;1970;10; 1;20;   6;0.20;  12
30739;1970;11; 1;20;   3;    ;    
30739;1970;11; 1;30;   1;    ;    
30739;1970;12; 1;10;   1;    ;    
30739;1970;12; 1;20;   2;    ;    
30739;1970;12; 1;31;  32;0.15;  48
30739;1971; 1; 1;10;   3;    ;    
30739;1971; 1; 1;20;   2;    ;    
30739;1971; 1; 1;31;   2;    ;    
30739;1971; 2; 1;10;   4;    ;    
30739;1971; 2; 1;20;   4;    ;    
30739;1971; 2; 1;25;   4;    ;    
30739;1971; 2; 1;28;   4;    ;    
30739;1971; 3; 1; 5;   3;    ;    
30739;1971; 3; 1;10;   2;    ;    
30739;1971;11; 1;30;   4;    ;    
30739;1971;12; 1;10;   4;    ;    
30739;1971;12; 1;20;   5;0.11;   6
30739;1971;12; 1;31;   5;    ;    
30739;1972; 1; 1;10;   5;    ;    
30739;1972; 1; 1;20;   4;    ;    
30739;1972; 1; 1;31;   4;    ;    
30739;1972; 2; 1; 5;    ;    ;   0
30739;1972; 2; 1;10;   7;    ;    
30739;1972; 2; 1;15;    ;    ;   0
30739;1972; 2; 1;20;   5;    ;    
30739;1972; 2; 1;25;   6;    ;    
30739;1972; 2; 1;29;   4;    ;    
30739;1972; 3; 1; 5;   5;    ;    
30739;1972; 3; 1;10;   5;0.17;   9
30739;1972; 3; 1;15;   4;    ;    
30739;1972; 3; 1;20;   3;    ;    
30739;1972;10; 1;10;   1;    ;    
30739;1972;10; 1;20;   8;0.14;  11
30739;1972;10; 1;31;   8;0.14;  11
30739;1972;11; 1;10;   9;0.16;  14
30739;1972;11; 1;20;   9;0.19;  17
30739;1972;11; 1;30;  10;0.15;  15
30739;1972;12; 1;10;  10;0.16;  16
30739;1972;12; 1;20;  10;0.16;  16
30739;1972;12; 1;31;  12;0.22;  26
30739;1973; 1; 1;10;  12;0.15;  18
30739;1973; 1; 1;20;  12;0.20;  24
30739;1973; 1; 1;31;  13;0.20;  26
30739;1973; 2; 1;10;  11;0.13;  14
30739;1973; 2; 1;20;  15;0.16;  24
30739;1973; 2; 1;25;  14;0.17;  24
30739;1973; 2; 1;28;  12;0.17;  20
30739;1973; 3; 1; 5;  13;0.20;  26
30739;1973; 3; 1;10;  13;0.18;  23
30739;1973; 3; 1;15;  12;0.23;  28
30739;1973; 3; 1;20;  10;0.21;  21
30739;1973; 4; 1;10;   1;    ;    
30739;1973; 4; 1;20;   2;    ;    
30739;1973;10; 1;31;   3;    ;    
30739;1973;11; 1;10;   1;    ;    
30739;1973;11; 1;20;   1;    ;    
30739;1973;11; 1;30;   1;    ;    
30739;1973;12; 1;10;   0;    ;   0
30739;1973;12; 1;20;   1;    ;    
30739;1973;12; 1;31;   1;    ;    
30739;1975; 1; 1;10;   7;0.14;  10
30739;1975; 1; 1;20;   6;0.15;   9
30739;1975; 1; 1;31;   7;0.14;  10
30739;1975; 2; 1;10;   7;0.14;  10
30739;1975; 2; 1;20;   8;0.12;  10
30739;1975; 2; 1;28;   9;0.13;  12
30739;1975; 3; 1; 5;   4;    ;    
30739;1975; 3; 1;10;   6;0.17;  10
30739;1975; 3; 1;15;   3;    ;    
30739;1975; 3; 1;20;   2;    ;    
30739;1975; 4; 1;10;   1;    ;    
30739;1975; 4; 1;15;   1;    ;    
30739;1975;10; 1;20;   3;    ;    
30739;1975;11; 1;30;   1;    ;    
30739;1975;12; 1;10;   2;    ;    
30739;1975;12; 1;20;   2;    ;    
30739;1975;12; 1;31;   3;    ;    
30739;1976; 1; 1;10;   3;    ;    
30739;1976; 1; 1;20;   2;    ;    
30739;1976; 1; 1;31;   4;    ;    
30739;1976;10; 1;10;   4;    ;    
30739;1976;10; 1;20;   3;    ;    
30739;1976;10; 1;31;   3;    ;    
30739;1976;11; 1;10;   2;    ;    
30739;1976;11; 1;20;   1;    ;    
30739;1976;12; 1;10;   1;    ;    
30739;1976;12; 1;20;   2;    ;    
30739;1976;12; 1;31;   2;    ;    
30739;1977; 1; 1;10;   2;    ;    
30739;1977; 1; 1;20;   2;    ;    
30739;1977; 1; 1;31;   2;    ;    
30739;1977; 2; 1;10;   2;    ;    
30739;1977; 2; 1;20;   2;    ;    
30739;1977; 2; 1;28;   5;0.10;   5
30739;1977; 3; 1; 5;   0;    ;   0
30739;1977; 3; 1;12;   1;    ;    
30739;1977; 3; 1;21;   1;    ;    
30739;1977; 4; 1; 4;   1;    ;    
30739;1977; 4; 1; 5;   1;    ;    
30739;1977; 4; 1;10;   2;    ;    
30739;1977;10; 1;24;   1;    ;    
30739;1977;11; 1; 4;   0;0.00;   0
30739;1977;11; 1;13;   0;0.00;   0
30739;1977;11; 1;18;   0;0.00;   0
30739;1977;11; 1;20;   4;0.17;   7
30739;1977;11; 1;30;   4;0.11;   4
30739;1977;12; 1;10;   7;0.11;   8
30739;1977;12; 1;20;   8;0.13;  10
30739;1977;12; 1;31;   8;0.14;  11
30739;1978; 1; 1;10;   8;0.11;   9
30739;1978; 1; 1;20;   8;0.16;  13
30739;1978; 1; 1;31;   8;0.11;   9
30739;1978; 2; 1;10;   8;0.11;   9
30739;1978; 2; 1;20;   8;0.13;  10
30739;1978; 2; 1;28;   4;0.17;   7
30739;1978; 3; 1; 5;   7;0.16;  11
30739;1978; 3; 1;10;   7;0.14;  10
30739;1978; 3; 1;15;   4;0.15;   6
30739;1978;10; 1;24;   2;    ;    
30739;1978;11; 1; 6;   1;0.00;   0
30739;1978;11; 1;14;   1;0.00;   0
30739;1978;11; 1;17;   0;0.00;   0
30739;1978;11; 1;30;   2;0.00;   0
30739;1978;12; 1;10;   3;0.00;   0
30739;1978;12; 1;20;   2;0.00;   0
30739;1978;12; 1;31;   2;0.00;   0
30739;1979; 1; 1;10;   3;0.00;   0
30739;1979; 1; 1;20;   3;0.00;   0
30739;1979; 1; 1;31;   3;0.00;   0
30739;1979; 2; 1;10;   2;0.00;   0
30739;1979; 2; 1;20;   4;0.14;   6
30739;1979; 2; 1;28;   5;0.19;  10
30739;1979; 3; 1; 5;   2;0.00;   0
30739;1979; 3; 1;10;   2;0.00;   0
30739;1979; 3; 1;15;   2;0.00;   0
30739;1979; 3; 1;20;   2;0.00;   0
30739;1979; 3; 1;29;   3;0.00;   0
30739;1979; 3; 1;31;   2;0.00;   0
30739;1979; 4; 1; 7;   1;0.00;   0
30739;1979; 4; 1;23;   2;0.00;   0
30739;1979; 5; 1; 3;   3;0.00;   0
30739;1979; 5; 1; 5;   3;0.00;   0
30739;1979; 5; 1;15;  14;0.18;  25
30739;1979;11; 1; 8;   1;    ;    
30739;1979;11; 1;10;   1;    ;    
30739;1979;11; 1;20;   1;    ;    
30739;1979;11; 1;30;   1;    ;    
30739;1979;12; 1;10;   2;    ;    
30739;1979;12; 1;20;   2;    ;    
30739;1979;12; 1;31;   2;    ;    
30739;1980; 1; 1;10;   2;    ;    
30739;1980; 1; 1;20;   2;    ;    
30739;1980; 1; 1;31;   2;    ;    
30739;1980; 2; 1;10;   2;    ;    
30739;1980; 2; 1;20;   2;    ;    
30739;1980; 2; 1;29;   1;    ;    
30739;1980; 3; 1;14;   1;    ;    
30739;1980; 3; 1;28;   1;    ;    
30739;1980; 4; 1; 3;   1;    ;    
30739;1980; 4; 1;11;   3;    ;    
30739;1980;10; 1;12;   8;0.09;   7
30739;1980;10; 1;20;   3;    ;    
30739;1980;11; 1;20;   4;0.13;   5
30739;1980;11; 1;30;   5;0.09;   5
30739;1980;12; 1;10;   6;0.14;   8
30739;1980;12; 1;20;   6;0.10;   6
30739;1980;12; 1;31;   6;0.14;   8
30739;1981; 1; 1;10;   6;0.14;   8
30739;1981; 1; 1;20;   6;0.16;  10
30739;1981; 1; 1;31;   6;0.14;   8
30739;1981; 2; 1;10;   7;0.15;  11
30739;1981; 2; 1;20;   8;0.15;  12
30739;1981; 2; 1;28;   7;0.15;  11
30739;1981; 3; 1; 5;   7;0.15;  11
30739;1981; 3; 1;10;   0;    ;   0
30739;1981; 4; 1;30;   1;    ;    
30739;1981;10; 1;20;  12;0.15;  18
30739;1981;10; 1;31;   8;0.06;   5
30739;1981;11; 1;10;   5;0.10;   5
30739;1981;11; 1;20;   3;    ;    
30739;1981;11; 1;30;   3;    ;    
30739;1981;12; 1;10;   2;    ;    
30739;1981;12; 1;20;   2;    ;    
30739;1981;12; 1;31;   3;    ;    
30739;1982; 1; 1;10;   3;    ;    
30739;1982; 1; 1;20;   2;    ;    
30739;1982; 1; 1;31;   1;    ;    
30739;1982; 2; 1;10;   1;    ;    
30739;1982; 2; 1;20;   1;    ;    
30739;1982; 3; 1;10;   1;    ;    
30739;1982; 3; 1;31;   7;0.14;  10
30739;1982; 5; 1; 9;   3;    ;    
30739;1982;11; 1;25;   2;    ;    
30739;1982;11; 1;30;   2;    ;    
30739;1982;12; 1;10;   1;    ;    
30739;1982;12; 1;20;   3;    ;    
30739;1982;12; 1;31;   3;    ;    
30739;1983; 1; 1;10;   3;    ;    
30739;1983; 1; 1;20;   3;    ;    
30739;1983; 1; 1;31;   3;    ;    
30739;1983; 2; 1;10;   3;    ;    
30739;1983; 2; 1;20;   2;    ;    
30739;1983; 2; 1;28;   2;    ;    
30739;1983; 3; 1; 5;   1;    ;    
30739;1983; 3; 1;19;   0;    ;   0
30739;1983; 4; 1; 8;  16;0.11;  18
30739;1983; 4; 1;10;   7;0.14;  10
30739;1983;11; 1; 8;   4;0.12;   5
30739;1983;11; 1;10;   4;0.10;   4
30739;1983;11; 1;20;   3;0.15;   5
30739;1983;11; 1;30;   3;0.11;   3
30739;1983;12; 1;10;   2;0.17;   3
30739;1983;12; 1;20;   4;    ;    
30739;1983;12; 1;31;   3;    ;    
30739;1984; 1; 1;10;   4;    ;    
30739;1984; 1; 1;20;   4;    ;    
30739;1984; 1; 1;31;   5;0.21;  11
30739;1984; 2; 1;10;   5;0.16;   8
30739;1984; 2; 1;20;   4;    ;    
30739;1984; 2; 1;29;   4;    ;    
30739;1984; 3; 1; 5;   3;    ;    
30739;1984; 3; 1;22;   1;    ;    
30739;1984; 3; 1;24;   1;    ;    
30739;1984; 3; 1;28;   1;    ;    
30739;1984; 4; 1; 2;  10;0.10;  10
30739;1984; 4; 1; 5;   4;    ;    
30739;1984; 4; 1;13;   1;    ;    
30739;1984; 4; 1;27;   3;    ;    
30739;1984;10; 1; 3;   1;    ;    
30739;1984;10; 1;20;   1;    ;    
30739;1984;10; 1;30;   3;    ;    
30739;1984;11; 1;10;   7;0.16;  11
30739;1984;11; 1;20;   8;0.16;  13
30739;1984;11; 1;30;  11;0.17;  19
30739;1984;12; 1;10;  10;0.14;  14
30739;1984;12; 1;20;  11;0.14;  15
30739;1984;12; 1;31;   8;0.25;  20
30739;1985; 1; 1;10;   8;0.21;  17
30739;1985; 1; 1;20;   6;0.20;  12
30739;1985; 1; 1;31;   8;0.20;  16
30739;1985; 2; 1;10;   7;0.20;  14
30739;1985; 2; 1;20;   6;0.22;  13
30739;1985; 2; 1;28;   8;0.21;  17
30739;1985; 3; 1; 5;   6;0.22;  13
30739;1985; 3; 1;10;   4;    ;    
30739;1985; 3; 1;15;   2;    ;    
30739;1985; 9; 1;22;   3;    ;    
30739;1985;10; 1;28;   2;    ;    
30739;1985;10; 1;31;   2;    ;    
30739;1985;11; 1;10;   1;    ;    
30739;1985;11; 1;20;   6;0.15;   9
30739;1985;11; 1;30;   5;0.16;   8
30739;1985;12; 1;10;   4;0.18;   7
30739;1985;12; 1;20;   5;0.21;  11
30739;1985;12; 1;31;   5;0.21;  11
30739;1986; 1; 1;10;   4;    ;    
30739;1986; 1; 1;20;   4;    ;    
30739;1986; 1; 1;31;   4;    ;    
30739;1986; 2; 1;10;   4;    ;    
30739;1986; 2; 1;20;   4;    ;    
30739;1986; 2; 1;28;   2;    ;    
30739;1986; 3; 1; 5;   7;0.12;   8
30739;1986; 3; 1;10;   4;    ;    
30739;1986; 3; 1;15;   3;    ;    
30739;1986; 3; 1;29;   2;    ;    
30739;1986;11; 1;30;   2;    ;    
30739;1986;12; 1;10;   1;    ;    
30739;1986;12; 1;20;   1;    ;    
30739;1986;12; 1;31;   1;    ;    
30739;1987; 1; 1;10;   2;    ;    
30739;1987; 1; 1;20;   2;    ;    
30739;1987; 1; 1;31;   2;    ;    
30739;1987; 2; 1;10;   1;    ;    
30739;1987; 2; 1;20;   1;    ;    
30739;1987; 3; 1;13;   2;    ;    
30739;1987;10; 1;23;   0;    ;    
30739;1987;10; 1;28;   1;    ;    
30739;1987;10; 1;31;   1;    ;    
30739;1987;11; 1; 6;   1;    ;    
30739;1987;11; 1;10;   1;    ;    
30739;1987;11; 1;20;   1;    ;    
30739;1987;11; 1;30;   1;    ;    
30739;1987;12; 1;10;   1;    ;    
30739;1987;12; 1;20;   2;    ;    
30739;1987;12; 1;31;   4;    ;    
30739;1988; 1; 1;10;   4;    ;    
30739;1988; 1; 1;20;   3;    ;    
30739;1988; 1; 1;31;   3;    ;    
30739;1988; 2; 1;10;   2;    ;    
30739;1988; 2; 1;20;   2;    ;    
30739;1988; 2; 1;29;   2;    ;    
30739;1988; 3; 1;16;   2;    ;    
30739;1988; 3; 1;20;   2;    ;    
30739;1988;11; 1;10;   0;    ;    
30739;1988;11; 1;30;   3;    ;    
30739;1988;12; 1;10;   2;    ;    
30739;1988;12; 1;20;   5;0.18;   9
30739;1988;12; 1;31;   6;0.19;  11
30739;1989; 1; 1;10;   6;0.15;   9
30739;1989; 1; 1;20;   8;0.14;  11
30739;1989; 1; 1;31;   8;0.14;  11
30739;1989; 2; 1;10;   6;0.16;  10
30739;1989; 2; 1;20;   5;0.13;   7
30739;1989; 2; 1;28;   3;    ;    
30739;1989; 3; 1; 5;   3;    ;    
30739;1989; 3; 1;10;   3;    ;    
30739;1989; 3; 1;15;   3;    ;    
30739;1989; 3; 1;18;   3;    ;    
30739;1989; 4; 1;25;   4;    ;    
30739;1989;11; 1; 5;   0;    ;    
30739;1989;11; 1;11;   1;    ;    
30739;1989;11; 1;20;   1;    ;    
30739;1989;11; 1;25;   0;    ;    
30739;1989;11; 1;29;   0;    ;    
30739;1989;11; 1;30;   0;    ;    
30739;1989;12; 1;10;   1;    ;    
30739;1989;12; 1;20;   1;    ;    
30739;1989;12; 1;31;   1;    ;    
30739;1990; 1; 1;10;   1;    ;    
30739;1990; 1; 1;20;   1;    ;    
30739;1990; 1; 1;31;   2;    ;    
30739;1990; 2; 1;10;   1;    ;    
30739;1990; 2; 1;20;   3;    ;    
30739;1990; 2; 1;28;   2;    ;    
30739;1990; 3; 1;12;   2;    ;    
30739;1990;12; 1;12;   4;    ;    
30739;1990;12; 1;20;   2;    ;    
30739;1990;12; 1;31;   4;    ;    
30739;1991; 1; 1;10;   4;    ;    
30739;1991; 1; 1;20;   5;0.15;   8
30739;1991; 1; 1;31;   5;0.12;   6
30739;1991; 2; 1;10;   4;    ;    
30739;1991; 2; 1;20;   4;    ;    
30739;1991; 2; 1;28;   4;    ;    
30739;1991; 3; 1; 5;   2;    ;    
30739;1991; 3; 1;18;   0;    ;    
30739;1991; 4; 1;24;   4;    ;    
30739;1991; 5; 1; 7;   4;    ;    
30739;1991;10; 1;24;   1;    ;    
30739;1991;11; 1;10;   4;    ;    
30739;1991;11; 1;20;   3;    ;    
30739;1991;11; 1;30;   2;    ;    
30739;1991;12; 1;10;   2;    ;    
30739;1991;12; 1;20;   1;    ;    
30739;1991;12; 1;31;   3;    ;    
30739;1992; 1; 1;10;   3;    ;    
30739;1992; 1; 1;20;   3;    ;    
30739;1992; 1; 1;31;   4;    ;    
30739;1992; 2; 1;10;   4;    ;    
30739;1992; 2; 1;20;   3;    ;    
30739;1992; 3; 1; 6;   1;    ;    
30739;1992; 4; 1; 6;   2;    ;    
30739;1992; 4; 1; 7;   3;    ;    
30739;1992; 4; 1;20;   1;    ;    
30739;1992; 4; 1;22;   2;    ;    
30739;1992;11; 1; 3;   0;    ;    
30739;1992;11; 1;13;   1;    ;    
30739;1992;11; 1;20;   1;    ;    
30739;1992;11; 1;30;   6;0.15;   9
30739;1992;12; 1;10;  10;0.11;  11
30739;1992;12; 1;20;   9;0.13;  12
30739;1992;12; 1;31;   8;0.13;  10
30739;1993; 1; 1;10;   7;0.14;  10
30739;1993; 1; 1;20;   8;0.14;  11
30739;1993; 1; 1;31;   6;0.20;  12
30739;1993; 2; 1;10;   7;0.15;  11
30739;1993; 2; 1;20;   6;0.22;  13
30739;1993; 2; 1;28;   5;0.21;  11
30739;1993; 3; 1; 5;   3;    ;    
30739;1993; 3; 1;10;   3;    ;    
30739;1993; 3; 1;31;   2;    ;    
30739;1993; 4; 1;21;   4;    ;    
30739;1993;10; 1;23;   0;    ;    
30739;1993;11; 1; 5;   2;    ;    
30739;1993;11; 1;10;   2;    ;    
30739;1993;11; 1;20;   2;    ;    
30739;1993;11; 1;30;   2;    ;    
30739;1993;12; 1;10;   3;    ;    
30739;1993;12; 1;20;   1;    ;    
30739;1993;12; 1;31;   1;    ;    
30739;1994; 1; 1;10;   2;    ;    
30739;1994; 1; 1;20;   2;    ;    
30739;1994; 1; 1;31;   2;    ;    
30739;1994; 2; 1;10;   1;    ;    
30739;1994; 2; 1;20;   1;    ;    
30739;1994; 2; 1;28;   2;    ;    
30739;1994; 3; 1; 5;   1;    ;    
30739;1994; 3; 1;23;   0;    ;    
30739;1994;10; 1;26;   1;    ;    
30739;1994;11; 1; 8;   3;    ;    
30739;1994;11; 1;10;   3;    ;    
30739;1994;11; 1;20;   2;    ;    
30739;1994;11; 1;30;   3;    ;    
30739;1994;12; 1;10;   8;0.12;  10
30739;1994;12; 1;20;   3;    ;    
30739;1994;12; 1;31;   3;    ;    
30739;1995; 1; 1;10;   3;    ;    
30739;1995; 1; 1;20;   3;    ;    
30739;1995; 1; 1;31;   3;    ;    
30739;1995; 2; 1;10;   3;    ;    
30739;1995; 2; 1;20;   3;    ;    
30739;1995; 2; 1;28;   3;    ;    
30739;1995; 3; 1; 5;   2;    ;    
30739;1995; 3; 1;10;   2;    ;    
30739;1995; 3; 1;15;   1;    ;    
30739;1995; 4; 1; 7;  10;0.12;  12
30739;1995; 4; 1;10;   1;    ;    
30739;1995; 4; 1;28;   2;    ;   0
30739;1995;10; 1;22;   3;    ;    
30739;1995;10; 1;30;   1;    ;    
30739;1995;11; 1; 5;   0;    ;    
30739;1995;11; 1;16;   0;    ;    
30739;1995;12; 1; 1;   2;    ;    
30739;1995;12; 1;10;   6;0.05;   3
30739;1995;12; 1;20;   3;    ;    
30739;1995;12; 1;31;   4;    ;    
30739;1996; 1; 1;10;   3;    ;    
30739;1996; 1; 1;20;   2;    ;    
30739;1996; 1; 1;31;   2;    ;    
30739;1996; 2; 1;10;   2;    ;    
30739;1996; 3; 1; 1;   1;    ;    
30739;1996; 3; 1; 6;   1;    ;    
30739;1996; 3; 1;29;   2;    ;    
30739;1996; 4; 1;23;   2;    ;    
30739;1996;10; 1;27;   1;    ;    
30739;1996;11; 1; 3;   3;    ;    
30739;1996;11; 1;18;   1;    ;    
30739;1996;11; 1;20;   1;    ;    
30739;1996;11; 1;30;   2;    ;    
30739;1996;12; 1;10;   1;    ;    
30739;1996;12; 1;20;   2;    ;    
30739;1996;12; 1;31;   3;    ;    
30739;1997; 1; 1;10;   3;    ;    
30739;1997; 1; 3;20;   2;    ;    
30739;1997; 1; 3;31;   3;    ;    
30739;1997; 2; 1;10;   3;    ;    
30739;1997; 2; 3;20;   1;    ;    
30739;1997; 3; 1;12;   4;    ;    
30739;1997; 3; 3;28;   1;    ;    
30739;1997;10; 1;16;   2;    ;    
30739;1997;11; 1;10;   3;    ;    
30739;1997;11; 3;20;   3;    ;    
30739;1997;11; 3;30;   2;    ;    
30739;1997;12; 1;10;   3;    ;    
30739;1997;12; 3;20;   4;    ;    
30739;1997;12; 3;31;   3;    ;    
30739;1998; 1; 1;10;   3;    ;    
30739;1998; 1; 3;20;   3;    ;    
30739;1998; 1; 3;31;   3;    ;    
30739;1998; 2; 1;10;   3;    ;    
30739;1998; 2; 3;20;   2;    ;    
30739;1998; 4; 1;19;   1;    ;    
30739;1998; 5; 1;18;   0;    ;    
30739;1998;11; 1; 3;   3;    ;    
30739;1998;11; 3;10;   5;0.18;   9
30739;1998;11; 3;20;   5;0.17;   9
30739;1998;11; 3;30;   6;0.19;  11
30739;1998;12; 1;10;  10;0.13;  13
30739;1998;12; 3;20;   4;    ;    
30739;1998;12; 3;31;   3;    ;    
30739;1999; 1; 1;10;   3;    ;    
30739;1999; 1; 3;20;   3;    ;    
30739;1999; 1; 3;31;   2;    ;    
30739;1999; 2; 1;10;   2;    ;    
30739;1999; 2; 3;20;   3;    ;    
30739;1999; 2; 3;28;   2;    ;    
30739;1999; 3; 1; 5;   2;    ;    
30739;1999; 3; 3;10;   1;    ;    
30739;1999; 3; 3;15;   2;    ;    
30739;1999; 9; 1;30;   2;    ;    
30739;1999;10; 1;19;   0;    ;    
30739;1999;10; 3;25;   3;    ;    
30739;1999;10; 3;27;   1;    ;    
30739;1999;11; 1;18;   1;    ;    
30739;1999;11; 3;21;   1;    ;    
30739;1999;12; 1; 9;   0;    ;    
30739;1999;12; 3;10;   0;    ;    
30739;1999;12; 3;20;   1;    ;    
30739;1999;12; 3;31;   6;0.15;   9
30739;2000; 1; 1;10;   6;0.10;   6
30739;2000; 1; 3;20;   5;0.14;   7
30739;2000; 1; 3;31;   5;0.15;   8
30739;2000; 2; 1;10;   6;0.14;   8
30739;2000; 2; 3;20;   5;0.12;   6
30739;2000; 2; 3;29;   5;0.14;   7
30739;2000; 3; 1; 5;   2;    ;    
30739;2000; 3; 3;16;   0;    ;    
30739;2000;10; 1; 7;   6;0.15;   9
30739;2000;10; 3;10;   3;0.18;   5
30739;2000;10; 3;18;   3;    ;    
30739;2000;10; 3;20;   2;    ;    
30739;2000;10; 3;31;   1;    ;    
30739;2000;11; 1; 4;   1;    ;    
30739;2000;11; 3;17;   1;    ;    
30739;2000;11; 3;20;   1;    ;    
30739;2000;11; 3;30;   1;    ;    
30739;2000;12; 1;10;   2;    ;    
30739;2000;12; 3;20;   3;    ;    
30739;2000;12; 3;31;   3;    ;    
30739;2001; 1; 1;10;   5;0.38;  19
30739;2001; 1; 3;20;   5;0.29;  15
30739;2001; 1; 3;31;   3;    ;    
30739;2001; 2; 1;10;   4;    ;    
30739;2001; 2; 3;20;   2;    ;    
30739;2001; 2; 3;28;   2;    ;    
30739;2001; 3; 1; 5;   2;    ;    
30739;2001; 3; 3;10;   4;    ;    
30739;2001; 3; 3;15;   2;    ;    
30739;2001; 3; 3;31;   0;    ;    
30739;2001; 4; 1;16;   0;    ;    
30739;2001; 4; 3;30;   6;0.23;  14
30739;2001; 5; 1; 6;   2;    ;    
30739;2001;10; 1; 6;   1;    ;    
30739;2001;10; 3;15;   1;    ;    
30739;2001;11; 1;28;   0;    ;    
30739;2001;12; 1; 1;   0;    ;    
30739;2001;12; 3; 4;   1;    ;    
30739;2001;12; 3;10;   3;    ;    
30739;2001;12; 3;20;   2;    ;    
30739;2001;12; 3;31;   3;    ;    
30739;2002; 1; 1;10;   4;    ;    
30739;2002; 1; 3;20;   5;0.23;  12
30739;2002; 1; 3;31;   4;0.23;   9
30739;2002; 2; 1;10;   4;0.21;   8
30739;2002; 2; 3;20;   2;    ;    
30739;2002; 3; 1;16;   0;    ;    
30739;2002; 4; 1; 6;  11;0.21;  23
30739;2002; 4; 3;10;   4;    ;    
30739;2002; 5; 1; 2;  11;0.19;  21
30739;2002;11; 1; 7;   2;    ;    
30739;2002;11; 3;10;   2;    ;    
30739;2002;11; 3;20;   2;    ;    
30739;2002;11; 3;30;   3;    ;    
30739;2002;12; 1;10;   3;    ;    
30739;2002;12; 3;20;   4;    ;    
30739;2002;12; 3;31;   4;    ;    
30739;2003; 1; 1;10;   3;    ;    
30739;2003; 1; 3;20;   2;    ;    
30739;2003; 1; 3;31;   3;    ;    
30739;2003; 2; 1;10;   3;    ;    
30739;2003; 2; 3;20;   2;    ;    
30739;2003; 2; 3;28;   5;0.16;   8
30739;2003; 3; 1; 5;   4;0.21;   8
30739;2003; 3; 3;10;   4;0.21;   8
30739;2003; 3; 3;15;   1;    ;    
30739;2003; 4; 1;29;   1;    ;    
30739;2003;10; 1; 8;   1;    ;    
30739;2003;10; 3; 9;   3;    ;    
30739;2003;10; 3;10;   2;    ;    
30739;2003;10; 3;31;   5;0.66;  33
30739;2003;11; 1;10;   1;    ;    
30739;2003;11; 3;20;   1;    ;    
30739;2003;11; 3;30;   4;    ;    
30739;2003;12; 1;10;   4;    ;    
30739;2003;12; 3;20;   3;    ;    
30739;2003;12; 3;31;   3;    ;    
30739;2004; 1; 1;10;   3;    ;    
30739;2004; 1; 3;20;   3;    ;    
30739;2004; 1; 3;31;   4;    ;    
30739;2004; 2; 1;10;   3;    ;    
30739;2004; 2; 3;20;   5;0.22;  11
30739;2004; 2; 3;29;   2;    ;    
30739;2004; 3; 1; 5;   4;    ;    
30739;2004; 3; 3;10;   3;    ;    
30739;2004; 3; 3;15;   1;    ;    
30739;2004; 4; 1; 1;   1;    ;    
30739;2004; 4; 3; 3;   1;    ;    
30739;2004; 4; 3;15;   1;    ;    
30739;2004;10; 1;20;   1;    ;    
30739;2004;11; 1; 3;   0;    ;    
30739;2004;11; 3; 8;   2;    ;    
30739;2004;11; 3;10;   2;    ;    
30739;2004;12; 1; 5;   1;    ;    
30739;2004;12; 3;10;   2;    ;    
30739;2004;12; 3;20;   2;    ;    
30739;2004;12; 3;31;   2;    ;    
30739;2005; 1; 1;10;   2;    ;    
30739;2005; 1; 3;20;   3;    ;    
30739;2005; 1; 3;31;   2;    ;    
30739;2005; 2; 1;10;   2;    ;    
30739;2005; 2; 3;20;   2;    ;    
30739;2005; 2; 3;28;   1;    ;    
30739;2005; 3; 1; 7;   0;    ;    
30739;2005; 4; 1; 6;   3;    ;    
30739;2005; 4; 3; 9;   1;    ;    
30739;2005; 4; 3;17;   1;    ;    
30739;2005; 5; 1; 4;   6;0.17;  10
30739;2005;10; 1;13;   1;    ;    
30739;2005;10; 3;14;   3;    ;    
30739;2005;10; 3;15;   4;    ;    
30739;2005;11; 1; 3;   3;    ;    
30739;2005;11; 3;10;   1;    ;    
30739;2005;11; 3;20;   1;    ;    
30739;2005;11; 3;30;   2;    ;    
30739;2005;12; 1;10;   3;    ;    
30739;2005;12; 3;20;   1;    ;    
30739;2005;12; 3;31;   3;    ;    
30739;2006; 1; 1;10;   2;    ;    
30739;2006; 1; 1;20;   2;    ;    
30739;2006; 1; 1;31;   2;    ;    
30739;2006; 2; 1;10;   2;    ;    
30739;2006; 2; 1;20;   3;    ;    
30739;2006; 2; 1;28;   1;    ;    
30739;2006; 3; 1; 5;   1;    ;    
30739;2006; 4; 1; 2;   1;    ;    
30739;2006; 4; 3; 6;   2;    ;    
30739;2006; 4; 3;10;   5;0.14;   7
30739;2006; 4; 3;20;   2;    ;    
30739;2006;11; 1; 7;   0;    ;    
30739;2006;11; 1;11;   1;    ;    
30739;2006;11; 1;14;   0;    ;    
30739;2006;11; 1;16;   0;    ;    
30739;2006;11; 1;23;   1;    ;    
30739;2006;11; 1;30;   2;    ;    
30739;2006;12; 1;10;   2;    ;    
30739;2006;12; 1;20;   3;    ;    
30739;2006;12; 1;31;   3;    ;    
30739;2007; 1; 1;10;   6;0.11;   7
30739;2007; 1; 1;20;   5;0.12;   6
30739;2007; 1; 1;31;   3;    ;    
30739;2007; 2; 1;10;   3;    ;    
30739;2007; 2; 1;20;   3;    ;    
30739;2007; 2; 1;28;   2;    ;    
30739;2007; 3; 1; 5;   0;    ;    
30739;2007; 4; 1;15;   1;    ;    
30739;2007;10; 1;21;   1;    ;    
30739;2007;10; 1;24;   1;    ;    
30739;2007;10; 1;25;   1;    ;    
30739;2007;11; 1;22;   1;    ;    
30739;2007;12; 1; 5;   3;    ;    
30739;2007;12; 1;10;   3;    ;    
30739;2007;12; 1;20;   2;    ;    
30739;2007;12; 1;31;   4;    ;    
30739;2008; 1; 1;10;   3;    ;    
30739;2008; 1; 1;20;   3;    ;    
30739;2008; 1; 1;31;   3;    ;    
30739;2008; 2; 1;10;   3;    ;    
30739;2008; 2; 1;20;   2;    ;    
30739;2008; 2; 1;29;   2;    ;    
30739;2008; 3; 1;11;   1;    ;    
30739;2008; 3; 1;28;   1;    ;    
30739;2008; 3; 1;30;   1;    ;    
30739;2008; 4; 1;14;   1;    ;    
30739;2008; 4; 1;20;   1;    ;    
30739;2008;10; 1; 6;   1;    ;    
30739;2008;10; 1; 9;   1;    ;    
30739;2008;10; 1;21;   4;    ;    
30739;2008;10; 1;31;   1;    ;    
30739;2008;11; 1; 3;   1;    ;    
30739;2008;11; 1; 5;   1;    ;    
30739;2008;11; 1;13;   0;    ;    
30739;2008;11; 1;19;   1;    ;    
30739;2008;11; 1;20;   2;    ;    
30739;2008;11; 1;30;   1;    ;    
30739;2008;12; 1;10;   2;    ;    
30739;2008;12; 1;20;   3;    ;    
30739;2008;12; 1;31;   1;    ;    
30739;2009; 1; 1;10;   1;    ;    
30739;2009; 1; 1;20;   1;    ;    
30739;2009; 1; 1;31;   1;    ;    
30739;2009; 2; 1;10;   1;    ;    
30739;2009; 2; 1;20;   1;    ;    
30739;2009; 2; 1;28;   0;    ;    
30739;2009; 3; 1;10;   1;    ;    
30739;2009; 3; 1;16;   1;    ;    
30739;2009; 4; 1;18;   1;    ;    
30739;2009; 4; 1;22;   9;0.38;  34
30739;2009;10; 1;20;   2;    ;    
30739;2009;11; 1; 5;   1;    ;    
30739;2009;11; 1;13;   3;    ;    
30739;2009;11; 1;20;   2;    ;    
30739;2009;11; 1;30;   7;0.14;  10
30739;2009;12; 1;10;  12;0.12;  14
30739;2009;12; 1;20;  11;0.12;  13
30739;2009;12; 1;31;  12;0.19;  23
30739;2010; 1; 1;10;  15;    ;    
30739;2010; 1; 1;20;  10;0.19;  19
30739;2010; 1; 1;31;   7;0.16;  11
30739;2010; 2; 1;10;   8;0.23;  18
30739;2010; 2; 1;20;   8;0.28;  22
30739;2010; 2; 1;28;   4;    ;    
30739;2010; 3; 1; 5;   4;    ;    
30739;2010; 3; 1;10;   4;    ;    
30739;2010; 3; 1;15;   4;    ;    
30739;2010; 3; 1;20;   3;    ;    
30739;2010; 3; 1;25;   2;    ;    
30739;2010;11; 1;10;   1;    ;    
30739;2010;11; 1;15;   0;    ;    
30739;2010;11; 1;19;   0;    ;    
30739;2010;11; 1;23;   0;    ;    
30739;2010;11; 1;30;   1;    ;    
30739;2010;12; 1;10;   5;0.18;   9
30739;2010;12; 1;20;   5;0.19;  10
30739;2010;12; 1;30;   4;    ;    
30739;2011; 1; 1;10;   3;    ;    
30739;2011; 1; 1;20;   5;0.17;   9
30739;2011; 1; 1;31;   4;    ;    
30739;2011; 2; 1;10;   3;    ;    
30739;2011; 2; 1;20;   2;    ;    
30739;2011; 2; 1;28;   1;    ;    
30739;2011; 3; 1;17;   3;    ;    
30739;2011;10; 1;31;   2;    ;    
30739;2011;11; 1;10;   1;    ;    
30739;2011;11; 1;20;   1;    ;    
30739;2011;11; 1;30;   3;    ;    
30739;2011;12; 1;10;   3;    ;    
30739;2011;12; 1;20;   4;    ;    
30739;2011;12; 1;31;   3;    ;    
30739;2012; 1; 1;10;   5;0.11;   6
30739;2012; 1; 1;20;   5;0.13;   7
30739;2012; 1; 1;31;   5;0.13;   7
30739;2012; 2; 1;10;   2;    ;    
30739;2012; 2; 1;20;   2;    ;    
30739;2012; 2; 1;29;   1;    ;    
30739;2012;10; 1;13;  15;0.13;  20
30739;2012;10; 1;20;  10;0.15;  15
30739;2012;10; 1;31;   4;    ;    
30739;2012;11; 1;10;  10;0.17;  17
30739;2012;11; 1;20;  12;0.23;  28
30739;2012;11; 1;30;  12;0.24;  29
30739;2012;12; 1;10;  11;0.18;  20
30739;2012;12; 1;20;  11;0.19;  21
30739;2012;12; 1;31;  10;0.20;  20
30739;2013; 1; 1;10;  10;0.22;  22
30739;2013; 1; 1;20;  11;0.22;  24
30739;2013; 1; 1;31;  12;0.21;  25
30739;2013; 2; 1;10;  12;0.23;  28
30739;2013; 2; 1;20;  12;0.25;  30
30739;2013; 2; 1;28;  12;0.24;  29
30739;2013; 3; 1; 5;  10;0.25;  25
30739;2013; 3; 1;10;  16;0.22;  35
30739;2013; 3; 1;15;  11;0.24;  26
30739;2013; 3; 1;20;   5;0.25;  13
30739;2013; 3; 1;25;   3;    ;    
30739;2013;11; 1; 7;   3;    ;    
30739;2013;11; 1;10;   2;    ;    
30739;2013;11; 1;20;   1;    ;    
30739;2013;12; 1; 7;   3;    ;    
30739;2013;12; 1;10;   3;    ;    
30739;2013;12; 1;20;   3;    ;    
30739;2013;12; 1;31;   5;    ;    
30739;2014; 1; 1;10;   6;0.19;  11
30739;2014; 1; 1;20;   5;0.21;  11
30739;2014; 1; 1;31;   6;0.20;  12
30739;2014; 2; 1;10;   5;0.20;  10
30739;2014; 2; 1;20;   5;0.20;  10
30739;2014; 2; 1;28;   3;    ;    
30739;2014; 3; 1; 5;   3;    ;    
30739;2014; 3; 1;10;   2;    ;    
30739;2014; 4; 1;25;   3;    ;    
30739;2014; 5; 1;20;   1;    ;    
30739;2014;10; 1;17;   2;    ;    
30739;2014;10; 1;19;   2;    ;    
30739;2014;10; 1;20;   1;    ;    
30739;2014;11; 1;11;   1;    ;    
30739;2014;11; 1;20;   1;    ;    
30739;2014;11; 1;30;   1;    ;    
30739;2014;12; 1;10;   1;    ;    
30739;2014;12; 1;20;   2;    ;    
30739;2014;12; 1;31;   3;    ;    
30739;2015; 1; 1;10;   3;    ;    
30739;2015; 1; 1;20;   6;0.15;   9
30739;2015; 1; 1;31;   4;    ;    
30739;2015; 2; 1;10;   3;    ;    
30739;2015; 2; 1;20;   1;    ;    
30739;2015; 2; 1;28;   1;    ;    
30739;2015; 5; 1; 7;  17;0.09;  15
30739;2015;10; 1;26;   3;    ;    
30739;2015;10; 1;31;   1;    ;    
30739;2015;11; 1; 3;   2;    ;    
30739;2015;11; 1;10;   1;    ;    
30739;2015;11; 1;20;   2;    ;    
30739;2015;11; 1;30;   4;    ;    
30739;2015;12; 1;10;   5;0.17;   9
30739;2015;12; 1;20;   6;0.18;  11
30739;2015;12; 1;31;   6;0.19;  11
30739;2016; 1; 1;10;   6;0.22;  13
30739;2016; 1; 1;20;   5;0.21;  11
30739;2016; 1; 1;31;   4;    ;    
30739;2016; 2; 1;10;   3;    ;    
30739;2016; 2; 1;20;   3;    ;    
30739;2016; 2; 1;29;   2;    ;    
30739;2016; 3; 1; 5;   2;    ;    
30739;2016; 3; 1;10;   1;    ;    
30739;2016; 3; 1;17;   3;    ;    
30739;2016; 4; 1;11;   1;    ;    
30739;2016;10; 1;20;   1;    ;    
30739;2016;10; 1;21;   0;    ;    
30739;2016;10; 1;22;   1;    ;    
30739;2016;10; 1;29;   0;    ;    
30739;2016;11; 1; 3;   1;    ;    
30739;2016;11; 1;10;   3;    ;    
30739;2016;11; 1;20;   4;    ;    
30739;2016;11; 1;30;   3;    ;    
30739;2016;12; 1;10;   3;    ;    
30739;2016;12; 1;20;   5;    ;    
30739;2016;12; 1;31;   6;    ;    
30739;2017; 1; 1;10;   7;    ;    
30739;2017; 1; 1;20;   8;    ;    
30739;2017; 1; 1;31;   8;0.25;  20
30739;2017; 2; 1;10;   8;0.26;  21
30739;2017; 2; 1;20;   7;0.25;  18
30739;2017; 4; 1; 4;   2;    ;    
30739;2017; 4; 1; 5;   1;    ;    
30739;2017; 4; 1; 7;   1;    ;    
30739;2017;11; 1;28;   1;    ;    
30739;2017;11; 1;30;   1;    ;    
30739;2017;12; 1;10;   2;    ;    
30739;2017;12; 1;20;   2;    ;    
30739;2017;12; 1;31;   7;    ;    
30739;2018; 1; 1;10;   6;0.12;   7
30739;2018; 1; 1;20;   7;0.12;   8
30739;2018; 1; 1;31;   6;0.13;   8
30739;2018; 2; 1;10;   4;    ;    
30739;2018; 2; 1;20;   2;    ;    
30739;2018; 2; 1;28;   1;    ;    
30739;2018; 3; 1; 5;   1;    ;    
30739;2018; 3; 1;10;   1;    ;    
30739;2018;11; 1;13;   3;    ;    
30739;2018;11; 1;20;   2;    ;    
30739;2018;11; 1;30;   2;    ;    
