24343;1966; 1; 2;10;    ;    ;   0
24343;1966; 1; 2;20;  38;0.13;  49
24343;1966; 1; 2;31;  39;0.14;  55
24343;1966; 2; 2; 5;    ;    ;   0
24343;1966; 2; 2;10;  41;0.13;  53
24343;1966; 2; 2;15;    ;    ;   0
24343;1966; 2; 2;20;  42;0.14;  59
24343;1966; 2; 2;25;    ;    ;   0
24343;1966; 2; 2;28;  43;0.14;  60
24343;1966; 3; 2; 5;    ;    ;   0
24343;1966; 3; 2;10;  46;0.15;  69
24343;1966; 3; 2;15;    ;    ;   0
24343;1966; 3; 2;20;  46;0.14;  64
24343;1966; 3; 2;25;  48;0.15;  72
24343;1966; 3; 2;31;  49;0.16;  78
24343;1966; 4; 2; 5;  49;0.14;  69
24343;1966; 4; 2;10;  46;0.16;  74
24343;1966; 4; 2;15;  48;0.15;  72
24343;1966; 4; 2;20;  35;0.18;  63
24343;1966; 4; 2;25;  38;0.17;  65
24343;1966; 4; 2;30;  33;0.19;  63
24343;1966; 5; 2; 5;  14;0.25;  35
24343;1966; 5; 2;15;  22;0.20;  44
24343;1966;10; 2;20;  28;0.11;  31
24343;1966;11; 2;20;  42;0.16;  67
24343;1966;12; 2;20;  44;0.14;  62
24343;1967; 1; 2;20;  55;0.15;  83
24343;1967; 2; 2;10;  56;0.15;  84
24343;1967; 2; 2;20;  59;0.15;  89
24343;1967; 2; 2;28;  65;0.16; 104
24343;1967; 3; 2; 5;    ;    ;   0
24343;1967; 3; 2;10;  65;0.19; 124
24343;1967; 3; 2;15;    ;    ;   0
24343;1967; 3; 2;20;  65;0.20; 130
24343;1967; 3; 2;25;    ;    ;   0
24343;1967; 3; 2;31;  64;0.21; 134
24343;1967; 4; 2; 5;    ;    ;   0
24343;1967; 4; 2;10;  64;0.21; 134
24343;1967; 4; 2;15;    ;    ;   0
24343;1967; 4; 2;20;  66;0.25; 165
24343;1967; 4; 2;25;  58;0.26; 151
24343;1967; 4; 2;30;  66;0.24; 158
24343;1967; 5; 2; 5;  39;0.34; 133
24343;1967; 5; 2;10;  39;0.28; 109
24343;1967; 5; 2;15;  26;0.28;  73
24343;1967;10; 2;20;   2;    ;    
24343;1967;11; 2;20;  50;0.16;  80
24343;1967;12; 2;20;  62;0.15;  93
24343;1968; 1; 2;10;    ;    ;   0
24343;1968; 1; 2;20;  61;0.19; 116
24343;1968; 1; 2;31;  62;0.19; 118
24343;1968; 2; 2;10;  64;0.19; 122
24343;1968; 2; 2;20;  64;0.20; 128
24343;1968; 2; 2;29;  66;0.21; 139
24343;1968; 3; 2;10;  72;0.19; 137
24343;1968; 3; 2;20;  74;0.20; 148
24343;1968; 3; 2;31;  76;0.20; 152
24343;1968; 4; 2; 5;    ;    ;   0
24343;1968; 4; 2;10;  76;0.20; 152
24343;1968; 4; 2;15;  81;0.20; 162
24343;1968; 4; 2;20;  75;0.22; 165
24343;1968; 4; 2;25;  71;0.23; 163
24343;1968; 4; 2;30;  74;0.23; 170
24343;1968; 5; 2; 5;  72;0.25; 180
24343;1968; 5; 2;10;  77;0.24; 185
24343;1968; 5; 2;15;  68;0.26; 177
24343;1968; 5; 2;20;  30;0.31;  93
24343;1968; 5; 2;25;    ;    ;   0
24343;1968; 5; 2;31;    ;    ;   0
24343;1968;10; 2;20;  20;0.11;  22
24343;1968;11; 2;20;  42;0.17;  71
24343;1968;12; 2;20;  57;0.18; 103
24343;1969; 1; 2;10;    ;    ;   0
24343;1969; 1; 2;20;  57;0.18; 103
24343;1969; 1; 2;31;  58;0.18; 104
24343;1969; 2; 2;10;  58;0.18; 104
24343;1969; 2; 2;20;  59;0.18; 106
24343;1969; 2; 2;28;  59;0.19; 112
24343;1969; 3; 2;10;  61;0.20; 122
24343;1969; 3; 2;20;  61;0.20; 122
24343;1969; 3; 2;31;  61;0.20; 122
24343;1969; 4; 2; 5;    ;    ;   0
24343;1969; 4; 2;10;  66;0.21; 139
24343;1969; 4; 2;15;  69;0.21; 145
24343;1969; 4; 2;20;  76;0.20; 152
24343;1969; 4; 2;25;  74;0.20; 148
24343;1969; 4; 2;30;  73;0.20; 146
24343;1969; 5; 2; 5;  70;0.20; 140
24343;1969; 5; 2;10;  65;0.20; 130
24343;1969; 5; 2;15;  58;0.20; 116
24343;1969; 5; 2;20;  48;0.23; 110
24343;1969; 5; 2;25;  10;0.28;  28
24343;1969;10; 1;20;   6;0.06;   4
24343;1969;11; 1;20;  23;0.13;  30
24343;1969;12; 1;20;  34;0.15;  51
24343;1970; 1; 1;10;    ;    ;   0
24343;1970; 1; 1;20;  36;0.16;  58
24343;1970; 1; 1;31;  38;0.16;  61
24343;1970; 2; 1;10;  39;0.16;  62
24343;1970; 2; 1;20;  40;0.16;  64
24343;1970; 2; 1;28;  40;0.16;  64
24343;1970; 3; 1;10;  40;0.17;  68
24343;1970; 3; 1;20;  40;0.18;  72
24343;1970; 3; 1;31;  44;0.14;  62
24343;1970; 4; 1; 5;    ;    ;   0
24343;1970; 4; 1;10;  45;0.17;  77
24343;1970; 4; 1;15;    ;    ;   0
24343;1970; 4; 1;20;  49;0.17;  83
24343;1970; 4; 1;25;  48;0.18;  86
24343;1970; 4; 1;30;  49;0.18;  88
24343;1970; 5; 1; 5;  60;0.18; 108
24343;1970; 5; 1;10;  56;0.19; 106
24343;1970; 5; 1;15;  43;0.21;  90
24343;1970; 5; 1;20;  24;0.26;  62
24343;1970;10; 2;20;  12;0.80;  10
24343;1970;11; 2;20;  34;0.15;  51
24343;1970;12; 2;20;  38;0.16;  61
24343;1971; 1; 2;20;  45;0.17;  77
24343;1971; 1; 2;31;  48;0.17;  82
24343;1971; 2; 2;10;  49;0.17;  83
24343;1971; 2; 2;20;  49;0.18;  88
24343;1971; 2; 2;28;  49;0.18;  88
24343;1971; 3; 2; 5;    ;    ;   0
24343;1971; 3; 2;10;  49;0.18;  88
24343;1971; 3; 2;15;    ;    ;   0
24343;1971; 3; 2;20;  50;0.19;  95
24343;1971; 3; 2;25;    ;    ;   0
24343;1971; 3; 2;31;  51;0.19;  97
24343;1971; 4; 2; 5;    ;    ;   0
24343;1971; 4; 2;10;  50;0.19;  95
24343;1971; 4; 2;15;    ;    ;   0
24343;1971; 4; 2;20;  63;0.17; 107
24343;1971; 4; 2;25;    ;    ;   0
24343;1971; 4; 2;30;  54;0.19; 103
24343;1971; 5; 2;10;  16;0.28;  45
24343;1971; 5; 2;20;  21;0.13;  27
24343;1971;10; 2;20;  35;0.15;  53
24343;1971;11; 2;20;  62;0.19; 118
24343;1971;12; 2;20;  69;0.21; 145
24343;1972; 1; 1;10;    ;    ;   0
24343;1972; 1; 1;20;  75;0.21; 158
24343;1972; 1; 1;31;  77;0.21; 162
24343;1972; 2; 1;10;  78;0.21; 164
24343;1972; 2; 1;20;  79;0.22; 174
24343;1972; 2; 1;29;  83;0.22; 183
24343;1972; 3; 1; 5;    ;    ;   0
24343;1972; 3; 1;10;  83;0.22; 183
24343;1972; 3; 1;15;    ;    ;   0
24343;1972; 3; 1;20;  86;0.22; 189
24343;1972; 3; 1;25;    ;    ;   0
24343;1972; 3; 1;31;  85;0.23; 196
24343;1972; 4; 1; 5;    ;    ;   0
24343;1972; 4; 1;10;  83;0.24; 199
24343;1972; 4; 1;15;    ;    ;   0
24343;1972; 4; 1;20;  86;0.23; 198
24343;1972; 4; 1;25;    ;    ;   0
24343;1972; 4; 1;30;  92;0.23; 212
24343;1972; 5; 1;10;  73;0.25; 183
24343;1972; 5; 1;20;  20;0.33;  66
24343;1972;10; 2;20;  16;0.11;  18
24343;1972;11; 2;20;  26;0.15;  39
24343;1972;12; 2;20;  40;0.15;  60
24343;1973; 1; 2;20;  54;0.18;  97
24343;1973; 1; 2;31;  55;0.19; 104
24343;1973; 2; 2;10;  60;0.19; 114
24343;1973; 2; 2;20;  62;0.19; 118
24343;1973; 2; 2;28;  59;0.20; 118
24343;1973; 3; 2;10;  58;0.20; 116
24343;1973; 3; 2;20;  59;0.20; 118
24343;1973; 3; 2;31;  60;0.21; 126
24343;1973; 4; 2;10;  60;0.22; 132
24343;1973; 4; 2;20;  60;0.22; 132
24343;1973; 4; 2;30;  51;0.23; 117
24343;1973; 5; 2;10;  13;    ;    
24343;1973; 9; 2;30;   6;0.13;   8
24343;1973;10; 2;20;  34;0.18;  61
24343;1973;11; 2;20;  52;0.19;    
24343;1973;12; 2;20;  60;0.21; 126
24343;1974; 2; 2;10;  65;0.22; 143
24343;1974; 2; 2;20;  66;0.22; 145
24343;1974; 2; 2;28;  71;0.22; 156
24343;1974; 3; 2;10;  70;0.22; 154
24343;1974; 3; 2;20;  70;0.22; 154
24343;1974; 3; 2;31;  69;0.23; 159
24343;1974; 4; 2; 5;    ;    ;   0
24343;1974; 4; 1;10;  74;0.22; 163
24343;1974; 4; 1;15;    ;    ;   0
24343;1974; 4; 1;20;  71;0.23; 163
24343;1974; 4; 1;25;  80;0.21; 168
24343;1974; 4; 1;30;  75;0.23; 172
24343;1975; 1; 2;10;    ;    ;   0
24343;1975; 1; 2;20;  44;0.17;  75
24343;1975; 1; 2;31;  44;0.18;  78
24343;1975; 2; 2;10;  48;0.16;  91
24343;1975; 2; 2;20;  53;0.18;  96
24343;1975; 2; 2;28;  51;0.18;  92
24343;1975; 3; 2;10;  57;0.18; 103
24343;1975; 3; 2;20;  66;0.18; 119
24343;1975; 3; 2;31;  63;0.20; 126
24343;1975; 4; 2; 5;    ;    ;   0
24343;1975; 4; 2;10;  63;0.20; 126
24343;1975; 4; 2;15;    ;    ;   0
24343;1975; 4; 2;20;  57;0.23; 131
24343;1975; 4; 2;25;    ;    ;   0
24343;1975; 4; 2;30;  46;0.23; 106
24343;1975;10; 2;10;    ;    ;   0
24343;1975;10; 2;20;  14;0.10;  14
24343;1975;10; 2;31;    ;    ;   0
24343;1975;11; 2;10;    ;    ;   0
24343;1975;11; 2;20;  35;0.17;  60
24343;1975;11; 2;30;    ;    ;   0
24343;1975;12; 2;10;    ;    ;   0
24343;1975;12; 2;20;  44;0.17;  75
24343;1975;12; 2;31;    ;    ;   0
24343;1976; 1; 2;10;    ;    ;   0
24343;1976; 1; 2;20;  56;0.19; 106
24343;1976; 1; 2;31;  57;0.19; 108
24343;1976; 2; 2;10;  57;0.19; 108
24343;1976; 2; 2;20;  58;0.19; 110
24343;1976; 2; 2;29;  59;0.19; 112
24343;1976; 3; 2;10;  61;0.19; 116
24343;1976; 3; 2;20;  61;0.20; 122
24343;1976; 3; 2;31;  59;0.20; 118
24343;1976; 4; 2; 5;    ;    ;   0
24343;1976; 4; 2;10;  62;0.20; 124
24343;1976; 4; 2;15;    ;    ;   0
24343;1976; 4; 2;20;  57;0.21; 120
24343;1976; 4; 2;25;  52;0.22; 115
24343;1976; 4; 2;30;  54;0.22; 119
24343;1976; 5; 2; 5;  46;0.25; 115
24343;1976; 5; 2;10;  37;0.25;  92
24343;1976; 5; 2;15;  44;0.24; 106
24343;1976; 5; 2;20;  39;0.26; 101
24343;1976; 5; 2;25;    ;    ;   0
24343;1976; 5; 2;31;    ;    ;   0
24343;1976;10; 2;10;    ;    ;   0
24343;1976;10; 2;20;  15;0.11;  16
24343;1976;10; 2;31;    ;    ;   0
24343;1976;11; 2;10;    ;    ;   0
24343;1976;11; 2;20;  27;0.15;  40
24343;1976;11; 2;30;    ;    ;   0
24343;1976;12; 2;10;    ;    ;   0
24343;1976;12; 2;20;  40;0.16;  64
24343;1976;12; 2;31;    ;    ;   0
24343;1977; 1; 2;20;  42;0.16;  67
24343;1977; 1; 2;31;  43;0.17;  73
24343;1977; 2; 2;10;  43;0.17;  73
24343;1977; 2; 2;20;  53;0.16;  85
24343;1977; 2; 2;28;  53;0.17;  90
24343;1977; 3; 2;10;  53;0.17;  90
24343;1977; 3; 2;20;  53;0.17;  90
24343;1977; 3; 2;31;  57;0.18; 103
24343;1977; 5; 2; 5;  56;0.22; 123
24343;1977; 5; 2;10;  46;0.24; 110
24343;1977; 5; 2;15;  42;0.27; 113
24343;1977; 5; 2;20;  14;0.28;  39
24343;1977; 9; 2;25;   1;    ;    
24343;1977;10; 2;21;   1;    ;    
24343;1977;11; 2;20;  52;0.18;  94
24343;1977;12; 2;20;  54;0.20; 108
24343;1978; 1; 2;20;  64;0.19; 122
24343;1978; 1; 2;31;  65;0.20; 130
24343;1978; 2; 2;10;  67;0.20; 134
24343;1978; 2; 2;20;  68;0.21; 143
24343;1978; 2; 2;28;  70;0.21; 147
24343;1978; 3; 2;10;  74;0.21; 155
24343;1978; 3; 2;20;  78;0.21; 164
24343;1978; 3; 2;31;  82;0.21; 172
24343;1978; 4; 2;10;  83;0.21; 174
24343;1978; 4; 2;20;  77;0.22; 169
24343;1978; 4; 2;25;  76;0.22; 167
24343;1978; 4; 2;30;  74;0.23; 170
24343;1978; 5; 2; 5;  72;0.23; 166
24343;1978; 5; 2;10;  70;0.23; 161
24343;1978; 5; 2;15;  57;0.26; 148
24343;1978; 5; 2;20;  23;0.33;  76
24343;1978; 5; 2;25;  20;0.42;  84
24343;1978;10; 2;20;  23;0.09;  21
24343;1978;11; 2;20;  40;0.14;  56
24343;1978;12; 2;20;  54;0.16;  86
24343;1979; 1; 2;20;  64;0.19; 122
24343;1979; 1; 2;31;  64;0.19; 122
24343;1979; 2; 2;10;  66;0.19; 125
24343;1979; 2; 2;20;  67;0.20; 134
24343;1979; 2; 2;28;  70;0.20; 140
24343;1979; 3; 2;10;  71;0.20; 142
24343;1979; 3; 2;20;  70;0.21; 147
24343;1979; 3; 2;31;  70;0.22; 154
24343;1979; 4; 2;10;  68;0.23; 156
24343;1979; 4; 2;20;  64;0.24; 154
24343;1979; 4; 2;25;  60;0.25; 150
24343;1979; 4; 2;30;  55;0.24; 132
24343;1979; 5; 2; 5;  53;0.24; 127
24343;1979; 5; 2;10;  52;0.24; 125
24343;1979; 5; 2;15;  41;0.26; 107
24343;1979; 5; 2;20;   6;0.07;   4
24343;1979;10; 2;20;  34;0.15;  51
24343;1979;12; 2;20;  65;0.16; 104
24343;1980; 1; 2;20;  61;0.21; 128
24343;1980; 1; 2;31;  62;0.21; 130
24343;1980; 2; 2;10;  64;0.21; 134
24343;1980; 2; 2;20;  65;0.21; 137
24343;1980; 2; 2;29;  66;0.21; 139
24343;1980; 3; 2;10;  65;0.22; 143
24343;1980; 3; 2;20;  66;0.22; 145
24343;1980; 3; 2;31;  66;0.22; 145
24343;1980; 4; 2;10;  66;0.22; 145
24343;1980; 4; 2;15;  65;0.23; 150
24343;1980; 4; 2;20;  63;0.23; 145
24343;1980; 4; 2;25;  64;0.23; 147
24343;1980; 4; 2;30;  62;0.23; 143
24343;1980; 5; 2; 5;  51;0.25; 128
24343;1980; 5; 2;10;  33;0.32; 106
24343;1980; 5; 2;15;   5;0.72;  36
24343;1980;10; 2;20;  29;0.19;  55
24343;1980;11; 2;20;  49;0.19;  93
24343;1980;12; 2;20;  56;0.21; 118
24343;1981; 1; 2;20;  63;0.20; 126
24343;1981; 1; 2;31;  68;0.20; 136
24343;1981; 2; 2;10;  70;0.20; 140
24343;1981; 2; 2;20;  70;0.20; 140
24343;1981; 2; 2;28;  69;0.21; 145
24343;1981; 3; 2;10;  69;0.21; 145
24343;1981; 3; 2;20;  77;0.20; 154
24343;1981; 3; 2;31;  77;0.18; 139
24343;1981; 4; 2;10;  76;0.21; 160
24343;1981; 4; 2;20;  69;0.22; 152
24343;1981; 4; 2;25;  66;0.23; 152
24343;1981; 4; 2;30;  66;0.24; 158
24343;1981; 5; 2; 5;  64;0.24; 154
24343;1981; 5; 2;10;  63;0.24; 151
24343;1981; 5; 2;15;  32;0.29;  93
24343;1981;10; 2;20;  25;0.15;  38
24343;1981;11; 2;20;  38;0.17;  65
24343;1981;12; 2;20;  63;0.16; 101
24343;1982; 1; 2;20;  65;0.18; 117
24343;1982; 1; 2;31;  65;0.18; 117
24343;1982; 2; 2;10;  68;0.18; 122
24343;1982; 2; 2;20;  69;0.19; 131
24343;1982; 2; 2;28;  71;0.19; 135
24343;1982; 3; 2;10;  68;0.20; 136
24343;1982; 3; 2;20;  67;0.20; 134
24343;1982; 3; 2;31;  67;0.21; 141
24343;1982; 4; 2;10;  72;0.22; 158
24343;1982; 4; 2;15;  73;0.22; 161
24343;1982; 4; 2;20;  68;0.23; 156
24343;1982; 4; 2;25;  63;0.24; 151
24343;1982; 4; 2;30;  60;0.24; 144
24343;1982; 5; 2; 5;  55;0.25; 138
24343;1982; 5; 2;10;  51;0.26; 133
24343;1982; 5; 2;15;  43;0.28; 120
24343;1982; 5; 2;20;  20;0.42;  84
24343;1982;10; 2; 6;   4;    ;    
24343;1982;10; 2;20;  13;0.15;  20
24343;1982;11; 2;20;  42;0.17;  71
24343;1982;12; 2;20;  44;0.17;  75
24343;1983; 1; 2;20;  50;0.17;  85
24343;1983; 1; 2;31;  57;0.16;  91
24343;1983; 2; 2;10;  57;0.17;  97
24343;1983; 2; 2;20;  60;0.17; 102
24343;1983; 2; 2;28;  60;0.17; 102
24343;1983; 3; 2;10;  61;0.20; 122
24343;1983; 3; 2;20;  62;0.20; 124
24343;1983; 3; 2;31;  63;0.20; 126
24343;1983; 4; 2;10;  57;0.19; 108
24343;1983; 4; 2;20;  58;0.19; 110
24343;1983; 4; 2;25;  55;0.19; 105
24343;1983; 4; 2;30;  52;0.20; 104
24343;1983; 5; 2; 5;  49;0.22; 108
24343;1983; 5; 2;10;  27;0.23;  62
24343;1983; 5; 2;15;  10;0.27;  27
24343;1983;10; 2;20;  26;0.15;  39
24343;1983;11; 2;20;  51;0.18;  92
24343;1983;12; 2;20;  66;0.18; 119
24343;1984; 1; 2;20;  73;0.22; 161
24343;1984; 1; 2;31;  72;0.21; 151
24343;1984; 2; 2;10;  74;0.22; 163
24343;1984; 2; 2;20;  77;0.21; 162
24343;1984; 2; 2;29;  74;0.22; 163
24343;1984; 3; 2;10;  73;0.23; 168
24343;1984; 3; 2;20;  73;0.23; 168
24343;1984; 3; 2;31;  75;0.23; 173
24343;1984; 4; 2;10;  78;0.23; 179
24343;1984; 4; 2;20;  73;0.25; 183
24343;1984; 4; 2;25;  77;0.22; 169
24343;1984; 4; 2;30;  75;0.23; 173
24343;1984; 5; 2; 5;  56;0.27; 151
24343;1984; 5; 2;10;  26;0.44; 114
24343;1984;10; 2;20;   9;0.09;   8
24343;1984;11; 2;20;  20;0.13;  26
24343;1984;12; 2;20;  41;0.17;  70
24343;1985; 1; 2;20;  43;0.19;  82
24343;1985; 1; 2;31;  44;0.19;  84
24343;1985; 2; 2;10;  45;0.19;  86
24343;1985; 2; 2;20;  48;0.19;  91
24343;1985; 2; 2;28;  48;0.19;  91
24343;1985; 3; 2;10;  51;0.19;  97
24343;1985; 3; 2;20;  58;0.20; 116
24343;1985; 3; 2;31;  61;0.20; 122
24343;1985; 4; 2;10;  62;0.20; 124
24343;1985; 4; 2;20;  48;0.24; 115
24343;1985; 4; 2;25;  44;0.25; 110
24343;1985; 4; 2;30;  43;0.25; 108
24343;1985; 5; 2; 5;  29;0.27;  78
24343;1985; 5; 2;10;  19;0.30;  57
24343;1985;10; 2;20;  19;0.13;  25
24343;1985;11; 2;20;  45;0.14;  63
24343;1985;12; 2;20;  52;0.16;  83
24343;1986; 1; 2;20;  61;0.16;  98
24343;1986; 1; 2;31;  61;0.17; 104
24343;1986; 2; 2;10;  66;0.19; 125
24343;1986; 2; 2;20;  63;0.22; 139
24343;1986; 2; 2;28;  69;0.23; 159
24343;1986; 3; 2;10;  71;0.23; 163
24343;1986; 3; 2;20;  71;0.24; 170
24343;1986; 3; 2;31;  81;0.24; 194
24343;1986; 4; 2;10;  89;0.25; 223
24343;1986; 4; 2;20;  88;0.27; 238
24343;1986; 4; 2;25;  84;0.26; 218
24343;1986; 4; 2;30;  76;0.28; 213
24343;1986; 5; 2; 5;  76;0.29; 220
24343;1986; 5; 2;10;  76;0.30; 228
24343;1986; 5; 2;15;  70;0.30; 210
24343;1986; 5; 2;20;  43;0.34; 146
24343;1986;10; 2;20;  13;0.12;  16
24343;1986;11; 2;20;  28;0.13;  36
24343;1986;12; 2;20;  49;0.13;  64
24343;1987; 1; 2;20;  54;0.15;  81
24343;1987; 1; 2;31;  57;0.15;  86
24343;1987; 2; 2;10;  65;0.17; 111
24343;1987; 2; 2;20;  66;0.18; 119
24343;1987; 2; 2;28;  67;0.19; 127
24343;1987; 3; 2;10;  71;0.20; 142
24343;1987; 3; 2;20;  67;0.22; 147
24343;1987; 3; 2;31;  67;0.22; 147
24343;1987; 4; 2;10;  69;0.22; 152
24343;1987; 4; 2;20;  67;0.23; 154
24343;1987; 4; 2;25;  66;0.23; 152
24343;1987; 4; 2;30;  66;0.24; 158
24343;1987; 5; 2; 5;  72;0.26; 187
24343;1987; 5; 2;10;  75;0.26; 195
24343;1987; 5; 2;15;  73;0.26; 190
24343;1987; 5; 2;20;  62;0.27; 167
24343;1987; 5; 2;25;  48;0.27; 130
24343;1987;10; 2;20;  30;0.08;  24
24343;1987;11; 2;20;  41;0.15;  62
24343;1987;12; 2;20;  51;0.17;  87
24343;1988; 1; 2;20;  57;0.18; 103
24343;1988; 2; 2;10;  60;0.18; 108
24343;1988; 2; 2;20;  58;0.18; 104
24343;1988; 2; 2;29;  65;0.18; 117
24343;1988; 3; 2;10;  63;0.20; 126
24343;1988; 3; 2;20;  65;0.20; 130
24343;1988; 3; 2;31;  70;0.20; 140
24343;1988; 4; 2;10;  69;0.22; 152
24343;1988; 4; 2;20;  71;0.23; 163
24343;1988; 4; 2;25;  67;0.23; 154
24343;1988; 4; 2;30;  65;0.24; 156
24343;1988; 5; 2; 5;  55;0.24; 132
24343;1988; 5; 2;10;  33;0.26;  86
24343;1988;10; 2;20;  23;0.15;  35
24343;1988;11; 2;20;  59;0.16;  94
24343;1988;12; 2;20;  57;0.18; 103
24343;1989; 1; 2;20;  68;0.19; 129
24343;1989; 1; 2;31;  68;0.20; 136
24343;1989; 2; 2;10;  77;0.20; 154
24343;1989; 2; 2;20;  79;0.20; 158
24343;1989; 2; 2;28;  79;0.20; 158
24343;1989; 3; 2;10;  80;0.20; 160
24343;1989; 3; 2;20;  82;0.20; 164
24343;1989; 3; 2;31;  92;0.20; 184
24343;1989; 4; 2;10;  96;0.21; 202
24343;1989; 4; 2;20;  98;0.23; 225
24343;1989; 4; 2;25;  91;0.24; 218
24343;1989; 4; 2;30;  90;0.24; 216
24343;1989; 5; 2; 5;  82;0.24; 197
24343;1989; 5; 2;10;  71;0.25; 178
24343;1989; 5; 2;15;  49;0.22; 108
24343;1989; 5; 2;20;  12;0.29;  35
24343;1989; 9; 2;20;   1;    ;    
24343;1989;10; 2;20;  31;0.15;  47
24343;1989;11; 2;20;  56;0.16;  90
24343;1989;12; 2;20;  69;0.19; 131
24343;1990; 1; 2;20;  69;0.20; 138
24343;1990; 1; 2;31;  70;0.20; 140
24343;1990; 2; 2;10;  72;0.20; 144
24343;1990; 2; 2;20;  74;0.21; 155
24343;1990; 2; 2;28;  77;0.21; 162
24343;1990; 3; 2;10;  92;0.21; 193
24343;1990; 3; 2;20;  92;0.22; 202
24343;1990; 3; 2;31;  92;0.22; 202
24343;1990; 4; 2;10;  90;0.23; 207
24343;1990; 4; 2;20;  93;0.23; 214
24343;1990; 4; 2;25;  93;0.24; 223
24343;1990; 4; 2;30;  87;0.26; 226
24343;1990; 5; 2; 5;  66;0.23; 152
24343;1990; 5; 2;10;  57;0.25; 143
24343;1990; 5; 2;15;  11;0.14;   3
24343;1990;10; 2;20;  37;0.16;  59
24343;1990;11; 2;20;  48;0.19;  91
24343;1990;12; 2;20;  60;0.19; 114
24343;1991; 1; 2;20;  66;0.22; 145
24343;1991; 1; 2;31;  75;0.23; 173
24343;1991; 2; 2;10;  78;0.22; 172
24343;1991; 2; 2;20;  80;0.21; 168
24343;1991; 2; 2;28;  80;0.21; 168
24343;1991; 3; 2;10;  78;0.22; 172
24343;1991; 3; 2;20;  72;0.23; 166
24343;1991; 3; 2;31;  79;0.22; 174
24343;1991; 4; 2;10;  87;0.22; 191
24343;1991; 4; 2;20;  90;0.22; 198
24343;1991; 4; 2;25;  83;0.27; 224
24343;1991; 4; 2;30;  81;0.27; 219
24343;1991; 5; 2; 5;  84;0.25; 210
24343;1991; 5; 2;10;  77;0.27; 208
24343;1991; 5; 2;15;  78;0.27; 211
24343;1991; 5; 2;20;  75;0.27; 203
24343;1991; 5; 2;25;  62;0.27; 167
24343;1991;10; 2;20;  38;0.14;  53
24343;1991;11; 2;20;  53;0.15;  80
24343;1991;12; 2;20;  58;0.17;  99
24343;1992; 1; 2;20;  67;0.17; 114
24343;1992; 1; 2;31;  73;0.17; 124
24343;1992; 2; 2;10;  71;0.19; 135
24343;1992; 2; 2;20;  72;0.20; 144
24343;1992; 2; 2;29;  73;0.20; 146
24343;1992; 3; 2;10;  75;0.21; 158
24343;1992; 3; 2;20;  77;0.21; 162
24343;1992; 3; 2;31;  85;0.20; 170
24343;1992; 4; 2;10;  82;0.21; 172
24343;1992; 4; 2;20;  72;0.22; 158
24343;1992; 4; 2;25;  72;0.23; 166
24343;1992; 4; 2;30;  71;0.24; 170
24343;1992; 5; 2; 5;  65;0.21; 137
24343;1992; 5; 2;10;  52;0.22; 114
24343;1992; 5; 2;15;  20;    ;    
24343;1992;10; 2;20;  51;0.15;  77
24343;1992;11; 2;20;  61;0.20; 122
24343;1992;12; 2;20;  75;0.23; 173
24343;1993; 1; 2;20;  77;0.24; 185
24343;1993; 1; 2;31;  77;0.24; 185
24343;1993; 2; 2;10;  89;0.22; 196
24343;1993; 2; 2;20;  89;0.22; 196
24343;1993; 2; 2;28;  92;0.22; 202
24343;1993; 3; 2;10;  94;0.22; 207
24343;1993; 3; 2;20;  92;0.23; 212
24343;1993; 3; 2;31; 103;0.21; 216
24343;1993; 4; 2;10;  98;0.25; 245
24343;1993; 4; 2;20; 102;0.24; 245
24343;1993; 4; 2;25;  98;0.30; 294
24343;1993; 4; 2;30;  94;0.28; 263
24343;1993; 5; 2; 5;  75;0.27; 203
24343;1993; 5; 2;10;  72;0.26; 187
24343;1993; 5; 2;15;  70;0.28; 196
24343;1993; 5; 2;20;  45;0.31; 140
24343;1993;10; 2;20;  25;0.10;  25
24343;1993;11; 2;20;  51;0.16;  82
24343;1993;12; 2;20;  59;0.17; 100
24343;1994; 1; 2;20;  62;0.18; 112
24343;1994; 1; 2;31;  67;0.18; 121
24343;1994; 2; 2;10;  68;0.18; 122
24343;1994; 2; 2;20;  68;0.19; 129
24343;1994; 2; 2;28;  68;0.19; 129
24343;1994; 3; 2;10;  67;0.19; 127
24343;1994; 3; 2;20;  69;0.20; 138
24343;1994; 3; 2;31;  66;0.21; 139
24343;1994; 4; 2;10;  67;0.21; 141
24343;1994; 4; 2;20;  65;0.22; 143
24343;1994; 4; 2;25;  60;0.22; 132
24343;1994; 4; 2;30;  60;0.20; 120
24343;1994; 5; 2; 5;  31;0.24;  74
24343;1994;10; 2;20;  36;0.13;  47
24343;1994;11; 2;20;  55;0.15;  83
24343;1994;12; 2;20;  60;0.19; 114
24343;1995; 1; 2;20;  67;0.20; 134
24343;1995; 1; 2;31;  69;0.20; 138
24343;1995; 2; 2;10;  74;0.20; 148
24343;1995; 2; 2;20;  77;0.20; 154
24343;1995; 2; 2;28;  77;0.20; 154
24343;1995; 3; 2;10;  77;0.21; 162
24343;1995; 3; 2;20;  78;0.21; 164
24343;1995; 3; 2;31;  78;0.21; 164
24343;1995; 4; 2;10;  84;0.21; 176
24343;1995; 4; 2;20;  80;0.22; 176
24343;1995; 4; 2;25;  78;0.23; 179
24343;1995; 4; 2;30;  77;0.23; 177
24343;1995; 5; 2; 5;  76;0.23; 175
24343;1995; 5; 2;10;  66;0.23; 152
24343;1995; 5; 2;15;  65;0.23; 150
24343;1995; 5; 2;20;  57;0.23; 131
24343;1995; 5; 2;25;  44;0.27; 119
24343;1995;10; 2;20;  38;0.16;  61
24343;1995;11; 2;20;  53;0.18;  95
24343;1995;12; 2;20;  60;0.20; 120
24343;1996; 1; 2;20;  71;0.21; 149
24343;1996; 1; 2;31;  72;0.21; 151
24343;1996; 2; 2;10;  74;0.21; 155
24343;1996; 2; 2;20;  76;0.21; 160
24343;1996; 2; 2;29;  84;0.21; 176
24343;1996; 3; 2;10;  87;0.21; 183
24343;1996; 3; 2;20;  86;0.21; 181
24343;1996; 3; 2;31;  84;0.23; 193
24343;1996; 4; 2;10;  86;0.23; 198
24343;1996; 4; 2;20;  80;0.23; 184
24343;1996; 4; 2;25;  84;0.23; 193
24343;1996; 4; 2;30;  77;0.25; 193
24343;1996; 5; 2; 5;  71;0.25; 178
24343;1996; 5; 2;10;  53;0.30; 159
24343;1996; 5; 2;15;  48;0.30; 144
24343;1996; 5; 2;20;  24;0.30;  54
24343;1996; 5; 2;25;  16;0.26;  42
24343;1996;10; 2;20;  19;0.14;  27
24343;1996;11; 2;20;  31;0.14;  43
24343;1996;12; 2;20;  44;0.15;  66
24343;1997; 1; 2;20;  55;0.16;  88
24343;1997; 1; 3;31;  54;0.18;  97
24343;1997; 2; 2;10;  57;0.19; 108
24343;1997; 2; 3;20;  58;0.19; 110
24343;1997; 2; 3;28;  57;0.19; 108
24343;1997; 3; 2;10;  58;0.19; 110
24343;1997; 3; 3;20;  60;0.20; 120
24343;1997; 3; 3;31;  64;0.20; 128
24343;1997; 4; 2;10;  67;0.20; 134
24343;1997; 4; 3;20;  59;0.21; 124
24343;1997; 4; 3;25;  58;0.21; 122
24343;1997; 4; 3;30;  50;0.21; 105
24343;1997; 5; 2; 5;  48;0.21; 101
24343;1997; 5; 3;10;  38;0.22;  84
24343;1997; 5; 3;15;  24;0.24;  58
24343;1997;10; 2;20;  14;0.14;  20
24343;1997;11; 2;20;  45;0.16;  72
24343;1997;12; 2;20;  55;0.16;  88
24343;1998; 1; 2;20;  62;0.17; 105
24343;1998; 1; 3;31;  62;0.18; 112
24343;1998; 2; 2;10;  63;0.18; 113
24343;1998; 2; 3;20;  77;0.18; 139
24343;1998; 2; 3;28;  84;0.18; 151
24343;1998; 3; 2;10;  87;0.18; 157
24343;1998; 3; 3;20;  84;0.19; 160
24343;1998; 3; 3;31;  84;0.21; 176
24343;1998; 4; 2;10;  89;0.22; 196
24343;1998; 4; 3;20;  84;0.22; 185
24343;1998; 4; 3;25;  80;0.24; 192
24343;1998; 4; 3;30;  79;0.24; 190
24343;1998; 5; 2; 5;  77;0.24; 185
24343;1998; 5; 3;10;  69;0.26; 179
24343;1998; 5; 3;15;  64;0.28; 179
24343;1998; 5; 3;20;  71;0.27; 192
24343;1998; 5; 3;25;  53;0.29; 154
24343;1998;10; 2;20;  28;0.14;  39
24343;1998;11; 2;20;  43;0.18;  77
24343;1998;12; 2;20;  48;0.16;  77
24343;1999; 1; 2;20;  53;0.17;  90
24343;1999; 1; 3;31;  51;0.16;  82
24343;1999; 2; 2;10;  52;0.17;  88
24343;1999; 2; 3;20;  62;0.16;  99
24343;1999; 2; 3;28;  63;0.17; 107
24343;1999; 3; 2;10;  62;0.17; 105
24343;1999; 3; 3;20;  63;0.18; 113
24343;1999; 3; 3;31;  62;0.19; 118
24343;1999; 4; 2;10;  66;0.20; 132
24343;1999; 4; 3;20;  62;0.20; 124
24343;1999; 4; 3;25;  61;0.21; 128
24343;1999; 4; 3;30;  57;0.22; 125
24343;1999; 5; 2; 5;  58;0.23; 133
24343;1999; 5; 3;10;  47;0.24; 113
24343;1999; 5; 3;15;  21;0.28;  59
24343;1999;10; 2;20;  30;0.11;  33
24343;1999;11; 2;20;  57;0.15;  86
24343;1999;12; 2;20;  63;0.15;  95
24343;2000; 1; 2;20;  64;0.16; 102
24343;2000; 1; 3;31;  66;0.19; 125
24343;2000; 2; 2;10;  68;0.19; 129
24343;2000; 2; 3;20;  68;0.19; 129
24343;2000; 2; 3;29;  68;0.20; 136
24343;2000; 3; 2;10;  69;0.20; 138
24343;2000; 3; 3;20;  70;0.20; 140
24343;2000; 3; 3;31;  75;0.21; 158
24343;2000; 4; 2;10;  71;0.22; 156
24343;2000; 4; 3;20;  68;0.21; 143
24343;2000; 4; 3;25;  60;0.23; 138
24343;2000; 4; 3;30;  57;0.22; 125
24343;2000; 5; 2; 5;  56;0.22; 123
24343;2000; 5; 3;10;  51;0.25; 128
24343;2000; 5; 3;15;  31;0.28;  87
24343;2000;10; 2;20;  28;0.16;  45
24343;2000;11; 2;20;  35;0.17;  60
24343;2000;12; 2;20;  42;0.16;  67
24343;2001; 1; 2;20;  44;0.16;  70
24343;2001; 1; 3;31;  50;0.17;  85
24343;2001; 2; 2;10;  51;0.17;  87
24343;2001; 2; 3;20;  52;0.17;  88
24343;2001; 2; 3;28;  52;0.18;  94
24343;2001; 3; 2;10;  52;0.18;  94
24343;2001; 3; 3;20;  54;0.18;  97
24343;2001; 3; 3;31;  53;0.19; 101
24343;2001; 4; 2;10;  63;0.19; 120
24343;2001; 4; 3;20;  64;0.19; 122
24343;2001; 4; 3;25;  66;0.19; 125
24343;2001; 4; 3;30;  59;0.19; 112
24343;2001; 5; 2; 5;  57;0.20; 114
24343;2001; 5; 3;10;  25;0.23;  58
24343;2001; 5; 3;15;  15;0.23;  35
24343;2001;10; 2;20;  28;0.13;  36
24343;2001;11; 2;20;  52;0.14;  73
24343;2001;12; 2;20;  57;0.18; 103
24343;2002; 1; 2;20;  62;0.18; 112
24343;2002; 1; 3;31;  61;0.18; 110
24343;2002; 2; 2;10;  66;0.19; 125
24343;2002; 2; 3;20;  75;0.20; 150
24343;2002; 2; 3;28;  77;0.20; 154
24343;2002; 3; 2;10;  79;0.20; 158
24343;2002; 3; 3;20;  80;0.21; 168
24343;2002; 3; 3;31;  80;0.21; 168
24343;2002; 4; 2;10;  73;0.21; 153
24343;2002; 4; 3;20;  69;0.21; 145
24343;2002; 4; 3;25;  69;0.23; 159
24343;2002; 4; 3;30;  73;0.23; 168
24343;2002; 5; 2; 5;  72;0.23; 166
24343;2002; 5; 3;10;  72;0.23; 166
24343;2002; 5; 3;15;  65;0.21; 137
24343;2002; 5; 3;20;  30;0.28;  84
24343;2002; 5; 3;25;  15;0.27;  41
24343;2002;10; 2;20;  30;0.12;  36
24343;2002;11; 2;20;  34;0.13;  44
24343;2002;12; 2;20;  45;0.16;  72
24343;2003; 1; 2;20;  48;0.15;  72
24343;2003; 1; 3;31;  52;0.17;  88
24343;2003; 2; 2;10;  54;0.18;  97
24343;2003; 2; 3;20;  54;0.18;  97
24343;2003; 2; 3;28;  58;0.19; 110
24343;2003; 3; 2;10;  57;0.18; 103
24343;2003; 3; 3;20;  63;0.18; 113
24343;2003; 3; 3;31;  62;0.18; 112
24343;2003; 4; 2;10;  73;0.19; 139
24343;2003; 4; 3;20;  70;0.20; 140
24343;2003; 4; 3;25;  72;0.21; 151
24343;2003; 4; 3;30;  69;0.21; 145
24343;2003; 5; 2; 5;  72;0.22; 158
24343;2003; 5; 3;10;  62;0.22; 136
24343;2003; 5; 3;15;  41;0.20;  82
24343;2003; 5; 3;20;  24;0.28;  67
24343;2003; 5; 3;25;  23;0.27;  62
24343;2003;10; 2;20;  22;0.15;  33
24343;2003;11; 2;20;  35;0.12;  42
24343;2003;12; 2;20;  54;0.16;  86
24343;2004; 1; 2;31;  61;0.17; 104
24343;2004; 2; 2;10;  63;0.19; 120
24343;2004; 2; 3;20;  63;0.19; 120
24343;2004; 2; 3;29;  63;0.19; 120
24343;2004; 3; 2;10;  70;0.20; 140
24343;2004; 3; 3;20;  72;0.19; 137
24343;2004; 3; 3;31;  71;0.19; 135
24343;2004; 4; 2;10;  70;0.19; 133
24343;2004; 4; 3;20;  65;0.20; 130
24343;2004; 4; 3;25;  63;0.20; 126
24343;2004; 4; 3;30;  62;0.20; 124
24343;2004; 5; 2; 5;  60;0.20; 120
24343;2004; 5; 3;10;  55;0.20; 110
24343;2004; 5; 3;15;  38;0.20;  76
24343;2004; 5; 3;20;  14;0.20;  28
24343;2004;10; 2;20;  37;0.12;  44
24343;2004;11; 2;20;  57;0.11;  63
24343;2004;12; 2;20;  60;0.19; 114
24343;2005; 1; 2;20;  62;0.19; 118
24343;2005; 1; 3;31;  68;0.19; 129
24343;2005; 2; 2;10;  68;0.20; 136
24343;2005; 2; 3;20;  69;0.20; 138
24343;2005; 2; 3;28;  69;0.20; 138
24343;2005; 3; 2;10;  77;0.20; 154
24343;2005; 3; 3;20;  74;0.21; 155
24343;2005; 3; 3;31;  75;0.22; 165
24343;2005; 4; 2;10;  76;0.21; 160
24343;2005; 4; 3;20;  69;0.21; 145
24343;2005; 4; 3;25;  66;0.21; 139
24343;2005; 4; 3;30;  62;0.21; 130
24343;2005; 5; 2; 5;  49;0.22; 108
24343;2005; 5; 3;10;  15;0.23;  35
24343;2005;10; 2;20;  42;0.14;  59
24343;2005;11; 2;20;  51;0.17;  87
24343;2005;12; 2;20;  53;0.18;  95
24343;2006; 1; 2;20;  60;0.17; 102
24343;2006; 1; 3;31;  63;0.17; 107
24343;2006; 2; 2;10;  62;0.18; 112
24343;2006; 2; 3;20;  64;0.18; 115
24343;2006; 2; 3;28;  67;0.19; 127
24343;2006; 3; 2;10;  68;0.19; 129
24343;2006; 3; 3;20;  68;0.20; 136
24343;2006; 3; 3;31;  70;0.19; 133
24343;2006; 4; 2;10;  69;0.22; 152
24343;2006; 4; 3;20;  70;0.22; 154
24343;2006; 4; 3;25;  72;0.23; 166
24343;2006; 4; 3;30;  71;0.21; 149
24343;2006; 5; 2; 5;  63;0.21; 132
24343;2006; 5; 3;10;  55;0.21; 116
24343;2006; 5; 3;15;  36;0.21;  76
24343;2006; 5; 3;20;  21;0.20;  42
24343;2006;10; 2;20;  27;0.11;  30
24343;2006;11; 2;20;  36;0.11;  40
24343;2006;12; 2;20;  44;0.14;  62
24343;2007; 1; 2;20;  56;0.14;  78
24343;2007; 1; 2;31;  62;0.14;  87
24343;2007; 2; 2;10;  64;0.14;  90
24343;2007; 2; 2;20;  67;0.16; 107
24343;2007; 2; 2;28;  67;0.17; 114
24343;2007; 3; 2;10;  67;0.17; 114
24343;2007; 3; 2;20;  67;0.17; 114
24343;2007; 3; 2;31;  61;0.20; 122
24343;2007; 4; 2;10;  60;0.19; 114
24343;2007; 4; 2;20;  52;0.19;  99
24343;2007; 4; 2;25;  53;0.19; 101
24343;2007; 4; 2;30;  66;0.20; 132
24343;2007; 5; 2; 5;  57;0.21; 120
24343;2007; 5; 2;10;  51;0.21; 107
24343;2007;10; 2;20;  34;0.10;  34
24343;2007;11; 2;20;  52;0.14;  73
24343;2007;12; 2;20;  56;0.16;  90
24343;2008; 1; 2;20;  64;0.18; 115
24343;2008; 1; 2;31;  69;0.19; 131
24343;2008; 2; 2;10;  74;0.19; 141
24343;2008; 2; 2;20;  82;0.19; 156
24343;2008; 2; 2;29;  83;0.20; 166
24343;2008; 3; 2;10;  85;0.20; 170
24343;2008; 3; 2;20;  98;0.21; 206
24343;2008; 3; 2;31;  90;0.22; 198
24343;2008; 4; 2;10; 101;0.22; 222
24343;2008; 4; 2;20;  99;0.22; 218
24343;2008; 4; 2;25;  93;0.24; 223
24343;2008; 4; 2;30;  87;0.24; 209
24343;2008; 5; 2; 5;  93;0.24; 223
24343;2008; 5; 2;10;  79;0.23; 182
24343;2008; 5; 2;15;  51;0.22; 112
24343;2008; 5; 2;20;  51;0.22; 112
24343;2008; 5; 2;25;  19;0.25;  48
24343;2008;10; 2;20;  37;0.11;  41
24343;2008;11; 2;20;  46;0.14;  64
24343;2008;12; 2;20;  50;0.15;  75
24343;2009; 1; 2;20;  60;0.16;  96
24343;2009; 1; 2;31;  59;0.17; 100
24343;2009; 2; 2;10;  61;0.18; 110
24343;2009; 2; 2;20;  61;0.18; 110
24343;2009; 2; 2;28;  58;0.19; 110
24343;2009; 3; 2;10;  62;0.19; 118
24343;2009; 3; 2;20;  63;0.19; 120
24343;2009; 3; 2;31;  59;0.21; 124
24343;2009; 4; 2;10;  60;0.18; 108
24343;2009; 4; 2;20;  64;0.18; 115
24343;2009; 4; 2;25;  48;0.17;  82
24343;2009; 4; 2;30;  33;0.18;  59
24343;2009; 5; 2; 5;  20;0.26;  52
24343;2009; 5; 2;10;  18;0.23;  41
24343;2009;10; 2;20;   8;0.13;  10
24343;2009;11; 2;20;  29;0.15;  44
24343;2009;12; 2;20;  32;0.16;  51
24343;2010; 1; 2;20;  33;0.16;  53
24343;2010; 1; 2;31;  38;0.16;  61
24343;2010; 2; 2;10;  39;0.16;  62
24343;2010; 2; 2;20;  39;0.16;  62
24343;2010; 2; 2;28;  40;0.17;  68
24343;2010; 3; 2;10;  43;0.18;  77
24343;2010; 3; 2;20;  39;0.17;  66
24343;2010; 3; 2;31;  41;0.18;  74
24343;2010; 4; 2;10;  38;0.18;  68
24343;2010; 4; 2;20;  36;0.18;  65
24343;2010; 4; 2;25;  29;0.18;  52
24343;2010; 4; 2;30;  30;0.20;  60
24343;2010; 5; 2; 5;  25;0.20;  50
24343;2010; 5; 2;10;  12;0.20;  24
24343;2010;10; 2;20;  30;0.10;  30
24343;2010;11; 2;20;  65;0.15;  98
24343;2010;12; 2;20;  64;0.17; 109
24343;2011; 1; 2;20;  68;0.17; 116
24343;2011; 1; 2;31;  71;0.18; 128
24343;2011; 2; 2;10;  71;0.19; 135
24343;2011; 2; 2;20;  73;0.19; 139
24343;2011; 2; 2;28;  76;0.20; 152
24343;2011; 3; 2;10;  76;0.21; 160
24343;2011; 3; 2;20;  80;0.21; 168
24343;2011; 3; 2;31;  82;0.22; 180
24343;2011; 4; 2;10;  83;0.22; 183
24343;2011; 4; 2;20;  83;0.22; 183
24343;2011; 4; 2;25;  69;0.23; 159
24343;2011; 4; 2;30;  51;0.26; 133
24343;2011; 5; 2; 5;  48;0.27; 130
24343;2011; 5; 2;10;  34;0.29;  99
24343;2011; 5; 2;15;  30;0.31;  93
24343;2011; 5; 2;20;  11;0.34;  37
24343;2011;10; 2;20;  40;0.12;  48
24343;2011;11; 2;20;  70;0.16; 112
24343;2011;12; 2;20;  76;0.17; 129
24343;2012; 1; 2;20;  76;0.18; 137
24343;2012; 1; 2;31;  78;0.21; 164
24343;2012; 2; 2;10;  85;0.20; 170
24343;2012; 2; 2;20;  85;0.20; 170
24343;2012; 2; 2;29;  83;0.21; 174
24343;2012; 3; 2;10;  87;0.21; 183
24343;2012; 3; 2;20;  87;0.21; 183
24343;2012; 3; 2;31;  86;0.21; 181
24343;2012; 4; 2;10;  80;0.23; 184
24343;2012; 4; 2;20;  77;0.24; 185
24343;2012; 4; 2;25;  80;0.23; 184
24343;2012; 4; 2;30;  75;0.25; 188
24343;2012; 5; 2; 5;  73;0.24; 175
24343;2012; 5; 2;10;  24;0.29;  70
24343;2012; 5; 2;15;   7;0.23;  16
24343;2012;10; 2;20;  14;0.09;  13
24343;2012;11; 2;20;  24;0.09;  22
24343;2012;12; 2;20;  40;0.12;  48
24343;2013; 1; 2;20;  42;0.12;  50
24343;2013; 1; 2;30;  39;0.12;  47
24343;2013; 2; 2;10;  43;0.12;  52
24343;2013; 2; 2;20;  44;0.14;  62
24343;2013; 2; 2;28;  47;0.14;  66
24343;2013; 3; 2;10;  50;0.15;  75
24343;2013; 3; 2;20;  50;0.15;  75
24343;2013; 3; 2;31;  44;0.17;  75
24343;2013; 4; 2;10;  44;0.16;  70
24343;2013; 4; 2;20;  40;0.15;  60
24343;2013; 4; 2;25;  36;0.17;  61
24343;2013; 4; 2;30;  26;0.18;  47
24343;2013; 5; 2; 5;  10;0.20;  20
24343;2013;10; 2;20;  44;0.12;  53
24343;2013;11; 2;20;  74;0.16; 118
24343;2013;12; 2;20;  75;0.23; 173
24343;2014; 1; 2;20;  78;0.22; 172
24343;2014; 1; 2;31;  79;0.22; 174
24343;2014; 2; 2;10;  79;0.23; 182
24343;2014; 2; 2;20;  80;0.23; 184
24343;2014; 2; 2;28;  80;0.24; 192
24343;2014; 3; 2;10;  82;0.26; 213
24343;2014; 3; 2;20;  86;0.27; 232
24343;2014; 3; 2;31;  88;0.29; 255
24343;2014; 4; 2;10;  88;0.28; 246
24343;2014; 4; 2;20;  76;0.28; 213
24343;2014; 4; 2;25;  68;0.29; 197
24343;2014; 4; 2;30;  62;0.29; 180
24343;2014; 5; 2; 5;  66;0.26; 172
24343;2014; 5; 2;10;  25;0.30;  75
24343;2014;10; 2;20;  23;0.10;  23
24343;2014;11; 2;20;  46;0.15;  69
24343;2014;12; 2;20;  44;0.16;  70
24343;2015; 1; 2;20;  58;0.16;  93
24343;2015; 1; 2;31;  62;0.19; 118
24343;2015; 2; 2;10;  64;0.21; 134
24343;2015; 2; 2;20;  69;0.22; 152
24343;2015; 2; 2;28;  70;0.23; 161
24343;2015; 3; 2;10;  68;0.25; 170
24343;2015; 3; 2;20;  82;0.23; 189
24343;2015; 3; 2;31;  84;0.22; 185
24343;2015; 4; 2;10;  82;0.23; 189
24343;2015; 4; 2;20;  76;0.25; 190
24343;2015; 4; 2;25;  73;0.27; 197
24343;2015; 4; 2;30;  61;0.32; 195
24343;2015; 5; 2; 5;  42;0.32; 131
24343;2015; 5; 2;10;  21;0.34;  71
24343;2015; 5; 2;15;   6;0.34;  20
24343;2015;10; 2;20;  31;0.10;  31
24343;2015;11; 2;20;  45;0.13;  59
24343;2015;12; 2;20;  57;0.14;  80
24343;2016; 1; 2;20;  58;0.19; 110
24343;2016; 1; 2;31;  62;0.19; 118
24343;2016; 2; 2;10;  60;0.20; 120
24343;2016; 2; 2;20;  60;0.20; 120
24343;2016; 2; 2;29;  61;0.21; 128
24343;2016; 3; 2;10;  62;0.22; 136
24343;2016; 3; 2;20;  65;0.22; 143
24343;2016; 3; 2;31;  67;0.22; 147
24343;2016; 4; 2;10;  68;0.22; 150
24343;2016; 4; 2;20;  57;0.23; 131
24343;2016; 4; 2;25;  56;0.24; 134
24343;2016; 4; 2;30;  39;0.25;  98
24343;2016; 5; 2; 5;  26;0.25;  65
24343;2016; 5; 2;10;   8;0.25;  20
24343;2016;10; 2;20;  22;0.11;  24
24343;2016;11; 2;20;  38;0.11;  42
24343;2016;12; 2;20;  43;0.15;  65
24343;2017; 1; 2;20;  44;0.20;  88
24343;2017; 1; 2;31;  53;0.20; 106
24343;2017; 2; 2;10;  58;0.20; 116
24343;2017; 2; 2;20;  56;0.22; 123
24343;2017; 2; 2;28;  56;0.23; 129
24343;2017; 3; 2;10;  60;0.23; 138
24343;2017; 3; 2;20;  66;0.23; 152
24343;2017; 3; 2;31;  58;0.25; 145
24343;2017; 4; 2;10;  61;0.25; 153
24343;2017; 4; 2;20;  59;0.26; 153
24343;2017; 4; 2;25;  46;0.27; 124
24343;2017; 4; 2;30;  32;0.28;  90
24343;2017; 5; 2; 5;  14;0.28;  39
24343;2017;10; 2;20;  25;0.12;  30
24343;2017;11; 2;20;  43;0.14;  60
24343;2017;12; 2;20;  49;0.15;  74
24343;2018; 1; 2;20;  55;0.17;  94
24343;2018; 1; 2;31;  56;0.17;  95
24343;2018; 2; 2;10;  56;0.18; 101
24343;2018; 2; 2;20;  56;0.18; 101
24343;2018; 2; 2;28;  57;0.18; 103
24343;2018; 3; 2;10;  59;0.18; 106
24343;2018; 3; 2;20;  58;0.19; 110
24343;2018; 3; 2;31;  70;0.19; 133
24343;2018; 4; 2;10;  64;0.21; 134
24343;2018; 4; 2;20;  61;0.24; 146
24343;2018; 4; 2;25;  55;0.27; 149
24343;2018; 4; 2;30;  48;0.31; 149
24343;2018; 5; 2; 5;  48;0.31; 149
24343;2018; 5; 2;10;  44;0.31; 136
24343;2018; 5; 2;15;  32;0.32; 102
24343;2018; 5; 2;20;   8;0.33;  26
24343;2018;10; 2;20;  20;0.11;  22
