25526;1966; 1; 2;10;  66;0.18; 119
25526;1966; 1; 2;31;  73;0.20; 146
25526;1966; 2; 2;10;  70;0.20; 140
25526;1966; 2; 2;20;  79;0.21; 166
25526;1966; 2; 2;28;  84;0.21; 177
25526;1966; 3; 2;10;  83;0.21; 174
25526;1966; 3; 2;20;  84;0.22; 185
25526;1966; 3; 2;31;  84;0.23; 193
25526;1966; 4; 2;10;  76;0.23; 175
25526;1966; 4; 2;20;  81;0.24; 195
25526;1966; 4; 2;25;  75;0.24; 180
25526;1966; 4; 2;30;  66;0.25; 165
25526;1966; 5; 2; 5;  72;0.26; 187
25526;1966; 5; 2;10;  68;0.25; 170
25526;1966; 5; 2;15;  58;0.26; 151
25526;1966; 5; 2;25;  55;0.28; 154
25526;1966;10; 2;10;   3;    ;    
25526;1966;10; 2;20;  12;0.11;  13
25526;1966;10; 2;31;  17;0.11;  19
25526;1966;11; 2;10;  21;0.12;  25
25526;1966;11; 2;20;  37;0.11;  41
25526;1966;11; 2;30;  40;0.15;  60
25526;1966;12; 2;10;  42;0.18;  76
25526;1966;12; 2;20;  42;0.18;  76
25526;1966;12; 2;31;  46;0.19;  87
25526;1967; 1; 2;10;  48;0.19;  91
25526;1967; 1; 2;20;  52;0.19;    
25526;1967; 1; 2;31;  60;0.18; 108
25526;1967; 2; 2;10;  59;0.18; 106
25526;1967; 2; 2;20;  61;0.19; 116
25526;1967; 2; 2;28;  64;0.19; 122
25526;1967; 3; 2;10;  69;0.20; 138
25526;1967; 3; 2;20;  69;0.19; 131
25526;1967; 3; 2;31;  69;0.20; 138
25526;1967; 4; 2;10;  71;0.22; 156
25526;1967; 4; 2;20;  69;0.22; 152
25526;1967; 4; 2;25;  72;0.19; 137
25526;1967; 4; 2;30;  70;0.22; 154
25526;1967; 5; 2; 5;  56;0.23; 129
25526;1967; 5; 2;10;  40;0.27; 108
25526;1967;10; 2;20;   1;    ;    
25526;1967;11; 2;20;  25;0.14;  35
25526;1967;12; 2;20;  36;0.15;  54
25526;1968; 1; 2;20;  53;0.14;  74
25526;1968; 1; 2;31;  61;0.16;  98
25526;1968; 2; 2;10;  63;0.16; 101
25526;1968; 2; 2;20;  63;0.16; 101
25526;1968; 2; 2;29;  60;0.17; 102
25526;1968; 3; 2;10;  58;0.17;    
25526;1968; 3; 2;20;  62;0.17; 105
25526;1968; 3; 2;31;  61;0.19; 116
25526;1968; 4; 2;10;  62;0.21; 130
25526;1968; 4; 2;20;  59;0.20; 118
25526;1968; 4; 2;25;  61;0.19; 116
25526;1968; 4; 2;30;  58;0.19; 110
25526;1968; 5; 2; 5;  60;0.19; 114
25526;1968; 5; 2;10;  50;0.20; 100
25526;1968; 5; 2;15;  46;0.23; 106
25526;1968; 5; 2;20;  16;0.29;  46
25526;1968;10; 2;20;  20;0.13;  26
25526;1968;11; 2;20;  23;0.14;  32
25526;1968;12; 2;20;  35;0.14;  49
25526;1969; 1; 2;20;  75;0.15; 112
25526;1969; 2; 2;10;  69;0.16; 110
25526;1969; 2; 2;20;  71;0.18; 128
25526;1969; 2; 2;28;  68;0.21; 143
25526;1969; 3; 2;10;  71;0.20; 142
25526;1969; 3; 2;20;  67;0.19; 127
25526;1969; 3; 2;31;  66;0.20; 132
25526;1969; 4; 2;10;  67;0.20; 134
25526;1969; 4; 2;20;  66;0.20; 132
25526;1969; 4; 2;25;  70;0.21; 147
25526;1969; 4; 2;30;  71;0.21; 149
25526;1969; 5; 2; 5;  60;0.22; 132
25526;1969; 5; 2;10;  63;0.22; 139
25526;1969; 5; 2;15;  61;0.22; 134
25526;1969; 5; 2;20;  50;0.27; 135
25526;1969; 5; 2;25;  18;0.35;  63
25526;1969;10; 2;20;  14;0.50;   7
25526;1969;11; 2;20;  24;0.12;  29
25526;1969;12; 2;20;  31;0.14;  43
25526;1970; 1; 2;20;  46;0.14;  64
25526;1970; 1; 2;31;  44;0.16;  70
25526;1970; 2; 2;10;  46;0.15;  69
25526;1970; 2; 2;20;  58;0.16;  93
25526;1970; 2; 2;28;  57;0.16;  91
25526;1970; 3; 2;10;  58;0.16;  93
25526;1970; 3; 2;20;  60;0.17; 102
25526;1970; 3; 2;31;  59;0.18; 106
25526;1970; 4; 2;10;  57;0.18; 103
25526;1970; 4; 2;20;  59;0.20; 118
25526;1970; 4; 2;25;  60;0.19; 114
25526;1970; 4; 2;30;  56;0.22; 123
25526;1970; 5; 2; 5;  40;0.25; 100
25526;1970; 5; 2;10;  24;0.28;  67
25526;1970; 5; 2;15;  21;0.34;  71
25526;1970; 5; 2;20;  12;0.33;  40
25526;1970;10; 2; 2;   3;    ;    
25526;1970;10; 2;20;  15;0.10;  15
25526;1970;11; 2;20;  44;0.14;  62
25526;1970;12; 2;20;  48;0.16;  77
25526;1971; 1; 2;20;  63;0.17; 107
25526;1971; 1; 2;31;  66;0.17; 112
25526;1971; 2; 2;10;  62;0.18; 112
25526;1971; 2; 2;20;  64;0.18; 115
25526;1971; 2; 2;28;  63;0.19; 120
25526;1971; 3; 2;10;  62;0.18; 112
25526;1971; 3; 2;20;  66;0.19; 125
25526;1971; 3; 2;31;  64;0.19; 122
25526;1971; 4; 2;10;  62;0.18; 112
25526;1971; 4; 2;20;  62;0.20; 124
25526;1971; 4; 2;25;  61;0.20; 122
25526;1971; 4; 2;30;  57;0.20; 114
25526;1971; 5; 2; 5;  54;0.20; 108
25526;1971; 5; 2;10;  52;0.23; 120
25526;1971; 5; 2;15;  45;0.20;  90
25526;1971; 5; 2;20;  24;0.25;  60
25526;1971; 5; 2;30;   8;0.16;  13
25526;1971;10; 2;20;   4;    ;    
25526;1971;11; 2;20;  30;0.14;  42
25526;1971;12; 2;20;  34;0.15;  51
25526;1972; 1; 2;20;  56;0.16;  90
25526;1972; 2; 2;10;  62;0.17; 105
25526;1972; 2; 2;20;  61;0.19; 116
25526;1972; 2; 2;29;  67;0.17; 114
25526;1972; 3; 2;10;  62;0.18; 112
25526;1972; 3; 2;20;  61;0.19; 116
25526;1972; 3; 2;31;  66;0.19; 125
25526;1972; 4; 2;10;  60;0.20; 120
25526;1972; 4; 2;20;  57;0.19; 108
25526;1972; 4; 2;25;  57;0.21; 120
25526;1972; 4; 2;30;  60;0.19; 114
25526;1972; 5; 2; 5;  58;0.21; 122
25526;1972; 5; 2;10;  56;0.23; 129
25526;1972; 5; 2;15;  42;0.27; 113
25526;1972; 5; 2;20;  26;0.34;  88
25526;1972; 5; 2;30;   7;0.39;  27
25526;1972;10; 2;10;   8;0.10;   8
25526;1972;10; 2;20;  11;0.60;   7
25526;1972;11; 2;20;  24;0.14;  34
25526;1972;12; 2;10;  43;0.15;  64
25526;1972;12; 2;20;  43;0.16;  69
25526;1973; 1; 2;21;  62;0.16;    
25526;1973; 2; 2;10;  62;0.18; 112
25526;1973; 2; 2;20;  66;0.17; 112
25526;1973; 2; 2;28;  61;0.18; 110
25526;1973; 3; 2;10;  60;0.19; 114
25526;1973; 3; 2;20;  62;0.18; 112
25526;1973; 3; 2;31;  61;0.17; 104
25526;1973; 4; 2;10;  62;0.18; 112
25526;1973; 4; 2;20;  60;0.20; 120
25526;1973; 4; 2;25;  58;0.22; 128
25526;1973; 4; 2;30;  54;0.19; 103
25526;1973; 5; 2; 5;  59;0.21; 124
25526;1973; 5; 2;10;  54;0.22; 119
25526;1973; 5; 2;15;  42;0.22;  92
25526;1973; 5; 2;20;  25;0.25;  62
25526;1973;10; 2;20;   1;    ;    
25526;1973;11; 2;20;  33;0.12;  40
25526;1973;11; 2;30;  53;0.14;  74
25526;1973;12; 2;20;  54;0.16;  86
25526;1974; 1; 2;20;  53;0.18;  95
25526;1974; 2; 2;10;  51;0.18;  92
25526;1974; 2; 2;20;  62;0.18; 112
25526;1974; 2; 2;28;  58;0.18; 105
25526;1974; 3; 2;10;  61;0.19; 116
25526;1974; 3; 2;20;  62;0.20; 124
25526;1974; 3; 2;31;  58;0.20; 116
25526;1974; 4; 2;10;  60;0.21; 126
25526;1974; 4; 2;20;  59;0.20; 118
25526;1974; 4; 2;25;  59;0.21; 124
25526;1974; 4; 2;30;  58;0.20; 116
25526;1974; 5; 2; 5;  48;0.22; 106
25526;1974; 5; 2;10;  49;0.21; 103
25526;1974; 5; 2;15;  40;0.23;  92
25526;1974; 5; 2;20;  28;0.27;  76
25526;1974;10; 2;20;   2;    ;    
25526;1974;11; 2;20;  14;0.13;  18
25526;1974;12; 2;20;  14;0.13;  18
25526;1975; 1; 2;20;  30;0.14;  42
25526;1975; 2; 2;10;  47;0.14;  66
25526;1975; 2; 2;20;  37;0.15;  56
25526;1975; 2; 2;28;  40;0.15;  60
25526;1975; 3; 2;10;  52;0.16;  83
25526;1975; 3; 2;20;  46;0.17;  78
25526;1975; 3; 2;31;  44;0.17;  75
25526;1975; 4; 2;10;  41;0.18;  74
25526;1975; 4; 2;20;  45;0.19;  86
25526;1975; 4; 2;25;  46;0.18;  86
25526;1975; 4; 2;30;  42;0.21;  88
25526;1975; 5; 2; 5;  40;    ;    
25526;1975; 5; 2;10;  39;0.24;  94
25526;1975; 5; 2;15;  27;0.27;  73
25526;1975; 5; 2;20;   6;0.36;  22
25526;1975; 9; 2;23;   1;    ;    
25526;1975;10; 2;20;  10;0.70;   7
25526;1975;11; 2;20;  27;0.14;  38
25526;1975;12; 2;20;  40;0.18;  72
25526;1976; 1; 2;20;  52;0.17;  88
25526;1976; 2; 2;10;  52;0.16;  83
25526;1976; 2; 2;20;  50;0.17;  85
25526;1976; 2; 2;28;  57;0.16;  91
25526;1976; 3; 2;10;  56;0.18; 101
25526;1976; 3; 2;20;  58;0.18; 104
25526;1976; 3; 2;31;  60;0.18; 108
25526;1976; 4; 2;10;  60;0.19; 114
25526;1976; 4; 2;20;  60;0.19; 114
25526;1976; 4; 2;25;  56;0.20; 112
25526;1976; 4; 2;30;  54;0.20; 108
25526;1976; 5; 2; 5;  59;0.21; 115
25526;1976; 5; 2;10;  52;0.23; 115
25526;1976; 5; 2;15;  48;0.23; 110
25526;1976; 5; 2;20;  44;0.24; 106
25526;1976; 5; 2;25;  24;0.33;  79
25526;1976; 5; 2;31;   5;    ;    
25526;1976;10; 2; 9;   3;    ;    
25526;1976;10; 2;20;  13;0.11;  14
25526;1976;11; 2;20;  22;0.17;  37
25526;1976;12; 2;20;  26;0.16;  42
25526;1977; 1; 2;20;  39;0.18;  70
25526;1977; 2; 2;10;  39;0.16;  62
25526;1977; 2; 2;20;  42;0.17;  71
25526;1977; 2; 2;28;  42;0.16;  67
25526;1977; 3; 2;10;  44;0.18;  79
25526;1977; 3; 2;20;  45;0.19;  86
25526;1977; 3; 2;31;  44;0.18;  79
25526;1977; 5; 2; 5;  45;0.19;  86
25526;1977; 5; 2;10;  42;0.20;  84
25526;1977; 5; 2;15;  34;0.20;  68
25526;1977; 5; 2;20;  33;0.22;  73
25526;1977;10; 2;12;   2;    ;    
25526;1977;10; 2;20;  13;0.11;  14
25526;1977;11; 2;20;  21;0.14;  29
25526;1977;12; 2;20;  33;0.16;  53
25526;1978; 1; 2;20;  44;0.17;  75
25526;1978; 2; 2;10;  45;0.17;  77
25526;1978; 2; 2;20;  46;0.17;  78
25526;1978; 2; 2;28;  46;0.17;  78
25526;1978; 3; 2;10;  45;0.18;  81
25526;1978; 3; 2;20;  45;0.18;  81
25526;1978; 3; 2;31;  42;0.18;  76
25526;1978; 4; 2;10;  42;0.19;  80
25526;1978; 4; 2;20;  48;0.20;  96
25526;1978; 4; 2;25;  48;0.20;  96
25526;1978; 4; 2;30;  50;0.20; 100
25526;1978; 5; 2; 5;  41;0.21;  86
25526;1978; 5; 2;10;  30;0.23;  69
25526;1978; 5; 2;15;  20;0.26;  52
25526;1978; 5; 2;20;   7;0.30;  21
25526;1978; 9; 2;28;   6;0.16;  10
25526;1978;10; 2;20;   2;    ;    
25526;1978;11; 2;20;  28;0.12;  34
25526;1978;12; 2;20;  39;0.15;  59
25526;1979; 1; 2;20;  47;0.22; 103
25526;1979; 2; 2;10;  49;0.22; 108
25526;1979; 2; 2;20;  58;0.22; 128
25526;1979; 2; 2;28;  62;0.22; 136
25526;1979; 3; 2;10;  61;0.22; 134
25526;1979; 3; 2;20;  60;0.22; 132
25526;1979; 3; 2;31;  61;0.23; 140
25526;1979; 4; 2;10;  59;0.23; 136
25526;1979; 4; 2;20;  57;0.23; 131
25526;1979; 4; 2;25;  56;0.24; 134
25526;1979; 4; 2;30;  57;0.24; 137
25526;1979; 5; 2; 5;  54;0.24; 130
25526;1979; 5; 2;10;  49;0.26; 127
25526;1979; 5; 2;15;  32;0.30;  96
25526;1979; 5; 2;20;  15;0.33;  50
25526;1979;10; 2; 6;  11;0.05;   6
25526;1979;10; 2;20;  14;0.17;  24
25526;1979;12; 2;20;  48;0.17;  82
25526;1980; 1; 2;20;  47;0.21;    
25526;1980; 2; 2;10;  52;0.21; 109
25526;1980; 2; 2;20;  61;0.21; 128
25526;1980; 2; 2;29;  58;0.20; 116
25526;1980; 3; 2;10;  59;0.22; 130
25526;1980; 3; 2;20;  62;0.21; 130
25526;1980; 3; 2;31;  63;0.22; 139
25526;1980; 4; 2;10;  59;0.22; 130
25526;1980; 4; 2;20;  58;0.22; 128
25526;1980; 4; 2;25;  57;0.23; 131
25526;1980; 4; 2;30;  58;0.22; 128
25526;1980; 5; 2; 5;  57;0.23; 131
25526;1980; 5; 2;10;  51;0.24; 122
25526;1980; 5; 2;15;  45;0.26; 117
25526;1980; 5; 2;20;  39;0.26; 101
25526;1980; 5; 2;25;  10;0.36;  36
25526;1980;10; 2;31;  13;0.12;  16
25526;1980;11; 2;20;  28;0.18;  50
25526;1980;12; 2;20;  33;0.19;  63
25526;1981; 1; 2;20;  48;0.20;  96
25526;1981; 2; 2;10;  61;0.21; 128
25526;1981; 2; 2;20;  60;0.21; 126
25526;1981; 2; 2;28;  60;0.22; 132
25526;1981; 3; 2;10;  62;0.22; 136
25526;1981; 3; 2;20;  60;0.22; 132
25526;1981; 3; 2;31;  57;0.22; 125
25526;1981; 4; 2;10;  55;0.22; 121
25526;1981; 4; 2;20;  60;0.22; 132
25526;1981; 4; 2;25;  58;0.24; 139
25526;1981; 4; 2;30;  57;0.24; 137
25526;1981; 5; 2; 5;  64;0.26; 166
25526;1981; 5; 2;10;  53;0.26; 138
25526;1981; 5; 2;15;  32;0.34; 109
25526;1981;10; 2;20;   2;    ;    
25526;1981;11; 2;20;  48;0.10;  48
25526;1981;12; 2;20;  42;0.17;  71
25526;1982; 1; 2;20;  76;0.19; 144
25526;1982; 2; 2;10;  78;0.18; 140
25526;1982; 2; 2;20;  78;0.20; 156
25526;1982; 2; 2;28;  79;0.20; 158
25526;1982; 3; 2;10;  78;0.20; 156
25526;1982; 3; 2;20;  76;0.20; 152
25526;1982; 3; 2;31;  82;0.20; 164
25526;1982; 4; 2;10;  84;0.18; 151
25526;1982; 4; 2;20;  80;0.19; 152
25526;1982; 4; 2;25;  78;0.20; 156
25526;1982; 4; 2;30;  78;0.22; 172
25526;1982; 5; 2; 5;  71;0.22; 156
25526;1982; 5; 2;10;  68;0.22; 150
25526;1982; 5; 2;20;  55;0.23; 127
25526;1982;11; 2;20;  12;0.08;  10
25526;1982;12; 2;20;  30;0.15;  45
25526;1983; 1; 2;20;  40;0.18;  72
25526;1983; 2; 2;10;  48;0.19;  91
25526;1983; 2; 2;20;  47;0.20;  94
25526;1983; 2; 2;28;  48;0.20;  96
25526;1983; 3; 2;10;  50;0.21; 105
25526;1983; 3; 2;21;  51;0.21; 107
25526;1983; 3; 2;31;  49;0.21; 103
25526;1983; 4; 2;10;  60;0.21; 126
25526;1983; 4; 2;20;  51;0.21; 107
25526;1983; 4; 2;25;  52;0.21; 109
25526;1983; 4; 2;30;  53;0.21; 111
25526;1983; 5; 2;10;  39;0.22;  86
25526;1983; 5; 2;15;  31;0.26;  81
25526;1983;10; 2;10;  12;0.09;  11
25526;1983;10; 2;20;  16;0.10;  16
25526;1983;11; 2;20;  22;0.12;  26
25526;1983;12; 2;20;  44;0.11;  48
25526;1984; 1; 2;20;  51;0.16;  82
25526;1984; 2; 2;10;  50;0.16;  80
25526;1984; 2; 2;20;  50;0.16;  80
25526;1984; 2; 2;29;  52;0.17;  88
25526;1984; 3; 2;10;  52;0.18;  94
25526;1984; 3; 2;20;  53;0.19; 101
25526;1984; 3; 2;31;  52;0.19;    
25526;1984; 4; 2;10;  50;0.19;  95
25526;1984; 4; 2;20;  48;0.19;  91
25526;1984; 4; 2;25;  47;0.21;    
25526;1984; 4; 2;30;  44;0.22;  97
25526;1984; 5; 2; 5;  39;0.24;  94
25526;1984;10; 2;20;  23;0.13;  30
25526;1984;11; 2;20;  51;0.25; 128
25526;1984;12; 2;20;  47;0.25; 118
25526;1985; 1; 2;20;  60;0.21; 126
25526;1985; 2; 2;20;  63;0.22; 139
25526;1985; 2; 2;28;  67;0.22; 147
25526;1985; 3; 2;10;  70;0.22; 154
25526;1985; 3; 2;20;  69;0.22; 152
25526;1985; 3; 2;31;  71;0.22; 156
25526;1985; 4; 2;10;  68;0.23; 156
25526;1985; 4; 2;20;  67;0.23; 154
25526;1985; 4; 2;25;  67;0.22; 147
25526;1985; 4; 2;30;  70;0.22; 154
25526;1985; 5; 2; 5;  72;0.22; 158
25526;1985; 5; 2;10;  67;0.22; 147
25526;1985; 5; 2;15;  69;0.22; 152
25526;1985; 5; 2;20;  66;0.22; 145
25526;1985; 5; 2;25;  59;0.24; 142
25526;1985;10; 2;20;  12;0.08;  10
25526;1985;11; 2;20;  27;0.14;  38
25526;1985;12; 2;20;  44;0.18;  79
25526;1986; 1; 2;20;  49;0.19;  93
25526;1986; 2; 2;20;  69;0.16; 110
25526;1986; 2; 2;28;  67;0.16; 107
25526;1986; 3; 2;10;  63;0.20; 126
25526;1986; 3; 2;20;  64;0.19; 122
25526;1986; 3; 2;31;  65;0.19; 124
25526;1986; 4; 2;10;  62;0.20; 124
25526;1986; 4; 2;20;  59;0.21; 124
25526;1986; 4; 2;25;  57;0.21; 120
25526;1986; 4; 2;30;  52;0.22; 114
25526;1986; 5; 2; 5;  44;0.22;  97
25526;1986; 5; 2;10;  52;    ;    
25526;1986; 5; 2;15;  33;0.26;  86
25526;1986;10; 2;20;   7;0.08;   6
25526;1986;11; 2;20;  40;0.17;  68
25526;1986;12; 2;20;  38;0.20;  76
25526;1987; 1; 2;20;  51;0.21; 107
25526;1987; 2; 2;20;  52;0.21; 109
25526;1987; 2; 2;28;  58;0.21; 122
25526;1987; 3; 2;10;  58;0.20; 116
25526;1987; 3; 2;20;  55;0.21; 116
25526;1987; 3; 2;31;  60;0.21; 126
25526;1987; 4; 2;10;  56;0.21; 118
25526;1987; 4; 2;20;  60;0.22; 132
25526;1987; 4; 2;25;  61;0.22; 134
25526;1987; 4; 2;30;  57;0.22; 125
25526;1987; 5; 2; 5;  63;0.22; 139
25526;1987; 5; 2;10;  54;0.20; 108
25526;1987; 5; 2;15;  48;0.23; 110
25526;1987;10; 2;20;   4;    ;    
25526;1987;11; 2;20;  29;0.10;  29
25526;1987;12; 2;20;  31;0.14;  43
25526;1988; 1; 2;20;  38;0.15;  57
25526;1988; 2; 2;20;  53;0.17;  90
25526;1988; 2; 2;29;  52;0.17;  88
25526;1988; 3; 2;10;  56;0.20; 112
25526;1988; 3; 2;20;  52;0.18;  94
25526;1988; 3; 2;31;  50;0.19;  95
25526;1988; 4; 2;10;  48;0.21; 101
25526;1988; 4; 2;20;  47;0.21;  99
25526;1988; 4; 2;25;  46;0.22; 101
25526;1988; 4; 2;30;  44;0.21;  92
25526;1988; 5; 2; 5;  43;0.22;  95
25526;1988; 5; 2;10;  42;0.25; 105
25526;1988; 5; 2;15;  38;0.26;  99
25526;1988;10; 2;20;  12;0.10;  12
25526;1988;11; 2;20;  19;0.11;  21
25526;1988;12; 2;20;  24;0.12;  29
25526;1989; 1; 2;20;  26;0.14;  36
25526;1989; 2; 2;20;  47;0.17;  80
25526;1989; 2; 2;28;  48;0.17;  82
25526;1989; 3; 2;10;  54;0.16;  86
25526;1989; 3; 2;20;  54;0.16;  86
25526;1989; 3; 2;31;  54;0.17;  92
25526;1989; 4; 2;10;  55;0.20; 110
25526;1989; 4; 2;20;  54;0.22; 119
25526;1989; 4; 2;25;  54;0.22; 119
25526;1989; 4; 2;30;  51;0.22; 112
25526;1989; 5; 2; 5;  49;0.24; 118
25526;1989; 5; 2;10;  43;0.24; 103
25526;1989; 5; 2;15;  38;0.25;  95
25526;1989;10; 2;20;  20;0.10;  20
25526;1989;11; 2;20;  30;0.15;  45
25526;1989;12; 2;20;  31;0.16;  50
25526;1990; 1; 2;20;  34;0.16;  54
25526;1990; 2; 2;20;  47;0.17;  80
25526;1990; 2; 2;28;  50;0.17;  85
25526;1990; 3; 2;10;  44;0.18;  79
25526;1990; 3; 2;20;  44;0.18;  79
25526;1990; 3; 2;31;  44;0.18;  79
25526;1990; 4; 2;10;  40;0.19;  76
25526;1990; 4; 2;20;  39;0.20;  78
25526;1990; 4; 2;25;  38;0.22;  84
25526;1990; 4; 2;30;  37;0.23;  85
25526;1990; 5; 2; 5;  35;0.20;  70
25526;1990; 5; 2;10;  24;0.22;  53
25526;1990;10; 2;20;  17;0.13;  22
25526;1990;11; 2;20;  24;    ;    
25526;1990;12; 2;20;  43;0.14;  60
25526;1991; 1; 2;20;  43;0.16;  69
25526;1991; 2; 2;20;  44;0.17;  75
25526;1991; 2; 2;28;  47;0.19;  89
25526;1991; 3; 2;10;  57;0.19; 108
25526;1991; 3; 2;20;  57;0.20; 114
25526;1991; 3; 2;31;  58;0.21; 122
25526;1991; 4; 2;10;  56;0.22; 123
25526;1991; 4; 2;20;  55;0.22; 121
25526;1991; 4; 2;25;  55;0.22; 121
25526;1991; 4; 2;30;  53;0.22; 117
25526;1991; 5; 2; 5;  52;0.22; 114
25526;1991; 5; 2;10;  42;0.22;  92
25526;1991; 5; 2;15;  27;0.31;  84
25526;1991; 5; 2;20;  24;0.31;  74
25526;1991;10; 2;20;   9;0.15;  14
25526;1991;11; 2;20;  32;0.20;  64
25526;1991;12; 2;20;  41;0.19;  78
25526;1992; 1; 2;20;  47;0.23; 108
25526;1992; 2; 2;20;  61;0.22; 134
25526;1992; 2; 2;29;  57;0.22; 125
25526;1992; 3; 2;10;  55;0.23; 127
25526;1992; 3; 2;20;  56;0.23; 129
25526;1992; 3; 2;31;  53;0.24; 127
25526;1992; 4; 2;10;  65;0.25; 163
25526;1992; 4; 2;20;  61;0.25; 153
25526;1992; 4; 2;25;  63;0.25; 158
25526;1992; 4; 2;30;  52;0.26; 135
25526;1992; 5; 2; 5;  48;0.29; 139
25526;1992; 5; 2;10;  42;0.28; 118
25526;1992; 5; 2;15;  43;0.30; 129
25526;1992; 5; 2;20;  13;0.32;  29
25526;1992;10; 2;20;  11;0.07;   8
25526;1992;11; 2;20;  38;0.13;  49
25526;1992;12; 2;20;  41;0.13;  53
25526;1993; 1; 2;20;  46;0.15;  69
25526;1993; 2; 2;20;  57;0.15;  86
25526;1993; 2; 2;28;  58;0.18; 104
25526;1993; 3; 2;10;  59;0.18; 106
25526;1993; 3; 2;20;  59;0.19; 112
25526;1993; 3; 2;31;  59;0.20; 118
25526;1993; 4; 2;10;  61;0.20; 122
25526;1993; 4; 2;20;  56;0.20; 112
25526;1993; 4; 2;25;  56;0.20; 112
25526;1993; 4; 2;30;  55;0.22; 121
25526;1993; 5; 2; 5;  50;0.22; 110
25526;1993; 5; 2;10;  48;0.25; 120
25526;1993; 5; 2;15;  38;0.28; 106
25526;1993; 5; 2;20;  22;0.36;  79
25526;1993;10; 2;20;  13;0.08;  10
25526;1993;11; 2;20;  35;0.13;  46
25526;1993;12; 2;20;  44;0.16;  70
25526;1994; 1; 2;20;  48;0.15;  72
25526;1994; 2; 2;20;  62;0.17; 105
25526;1994; 2; 2;28;  58;0.18; 104
25526;1994; 3; 2;10;  51;0.19;  97
25526;1994; 3; 2;20;  57;0.19; 108
25526;1994; 3; 2;31;  58;0.20; 116
25526;1994; 4; 2;10;  56;0.20; 112
25526;1994; 4; 2;20;  57;0.20; 114
25526;1994; 4; 2;25;  55;0.21; 116
25526;1994; 4; 2;30;  56;0.20; 112
25526;1994; 5; 2; 5;  49;0.19;  93
25526;1994; 5; 2;10;  42;0.24; 101
25526;1994; 5; 2;15;  36;0.26;  94
25526;1994; 5; 2;20;  15;0.34;  51
25526;1994;10; 2;20;  20;0.16;  32
25526;1994;11; 2;20;  39;0.17;  66
25526;1994;12; 2;20;  35;0.18;  63
25526;1995; 1; 2;20;  47;0.18;  85
25526;1995; 2; 2;20;  55;0.18;  99
25526;1995; 2; 2;28;  54;0.18;  97
25526;1995; 3; 2;10;  54;0.19; 103
25526;1995; 3; 2;20;  55;0.18;  99
25526;1995; 3; 2;31;  52;0.19;  99
25526;1995; 4; 2;10;  53;0.19; 101
25526;1995; 4; 2;20;  51;0.19;  97
25526;1995; 4; 2;25;  49;0.19;  93
25526;1995; 4; 2;30;  53;0.19; 101
25526;1995; 5; 2; 5;  49;0.21; 103
25526;1995; 5; 2;10;  33;0.23;  76
25526;1995; 5; 2;15;  15;0.29;  44
25526;1995;10; 2;20;   4;    ;    
25526;1995;11; 2;20;  15;0.16;  24
25526;1995;12; 2;20;  23;0.16;  37
25526;1996; 1; 2;20;  31;0.12;  37
25526;1996; 2; 2;20;  40;0.14;  56
25526;1996; 2; 2;29;  43;0.15;  65
25526;1996; 3; 2;10;  54;0.19; 103
25526;1996; 3; 2;20;  54;0.17;  92
25526;1996; 3; 2;31;  57;0.18; 103
25526;1996; 4; 2;10;  55;0.21; 116
25526;1996; 4; 2;20;  51;0.22; 112
25526;1996; 4; 2;25;  49;0.22; 108
25526;1996; 4; 2;30;  50;0.24; 120
25526;1996; 5; 2; 5;  47;0.24; 113
25526;1996; 5; 2;10;  44;0.26; 114
25526;1996; 5; 2;15;  32;0.22;  70
25526;1996;10; 2;20;   5;0.10;   5
25526;1996;11; 2;20;  32;0.14;  45
25526;1996;12; 2;20;  50;0.10;  50
25526;1997; 1; 2;20;  51;0.12;  61
25526;1997; 2; 2;20;  53;0.17;  90
25526;1997; 2; 3;28;  56;0.17;  95
25526;1997; 3; 2;10;  56;0.17;  95
25526;1997; 3; 3;20;  60;0.19; 114
25526;1997; 3; 3;31;  59;0.22; 130
25526;1997; 4; 2;10;  60;0.21; 126
25526;1997; 4; 3;20;  61;0.25; 153
25526;1997; 4; 3;25;  58;0.27; 157
25526;1997; 4; 3;30;  59;0.27; 159
25526;1997; 5; 2; 5;  66;0.23; 152
25526;1997; 5; 3;10;  52;0.26; 135
25526;1997; 5; 3;15;  47;0.24; 113
25526;1997; 5; 3;20;  45;0.24; 108
25526;1997; 5; 3;25;  44;0.28; 123
25526;1997;10; 2;20;  11;0.10;  11
25526;1997;11; 2;20;  25;0.13;  33
25526;1997;12; 2;20;  29;0.15;  44
25526;1998; 1; 2;20;  32;0.16;  51
25526;1998; 2; 2;20;  50;0.14;  70
25526;1998; 2; 3;28;  48;0.15;  72
25526;1998; 3; 2;10;  50;0.15;  75
25526;1998; 3; 3;20;  50;0.15;  75
25526;1998; 3; 3;31;  54;0.14;  76
25526;1998; 4; 2;10;  50;0.17;  85
25526;1998; 4; 3;20;  57;    ;    
25526;1998; 4; 3;25;  59;0.17; 100
25526;1998; 4; 3;30;  57;0.17;  97
25526;1998; 5; 2; 5;  57;0.17;  97
25526;1998; 5; 3;10;  50;0.19;  95
25526;1998; 5; 3;15;  50;0.21; 105
25526;1998; 5; 3;20;  50;0.21; 105
25526;1998; 5; 3;25;  30;0.28;  84
25526;1998;10; 2;20;   7;0.08;   6
25526;1998;11; 2;20;  40;0.11;  44
25526;1998;12; 2;20;  40;0.15;  60
25526;1999; 1; 2;20;  50;0.16;  80
25526;1999; 2; 2;20;  51;0.17;  87
25526;1999; 2; 3;28;  52;0.17;  88
25526;1999; 3; 2;10;  56;0.16;  90
25526;1999; 3; 3;20;  56;0.18; 101
25526;1999; 3; 3;31;  59;0.18; 106
25526;1999; 4; 2;10;  59;0.20; 118
25526;1999; 4; 3;20;  58;0.22; 128
25526;1999; 4; 3;25;  55;0.23; 127
25526;1999; 4; 3;30;  56;0.23; 129
25526;1999; 5; 2; 5;  55;0.24; 132
25526;1999; 5; 3;10;  39;0.24;  70
25526;1999; 5; 3;15;  26;0.23;  60
25526;1999;10; 2;20;  11;0.16;  18
25526;1999;11; 2;20;  39;0.10;  39
25526;1999;12; 2;20;  39;0.15;  59
25526;2000; 1; 2;20;  46;0.14;  64
25526;2000; 2; 2;20;  51;0.16;  82
25526;2000; 2; 3;29;  49;0.16;  78
25526;2000; 3; 2;10;  62;0.14;  87
25526;2000; 3; 3;20;  52;0.17;  88
25526;2000; 3; 3;31;  52;0.18;  94
25526;2000; 4; 2;10;  53;0.21; 111
25526;2000; 4; 3;20;  49;0.18;  88
25526;2000; 4; 3;30;  46;0.18;  83
25526;2000; 5; 2; 5;  52;0.16;  83
25526;2000; 5; 3;10;  45;0.19;  86
25526;2000;10; 2;20;   3;    ;    
25526;2000;11; 2;20;  22;0.14;  31
25526;2000;12; 2;20;  48;0.10;  48
25526;2001; 1; 2;20;  50;0.14;  70
25526;2001; 2; 2;20;  54;0.18;  97
25526;2001; 2; 3;28;  62;0.15;  93
25526;2001; 3; 2;10;  58;0.18; 104
25526;2001; 3; 3;20;  61;0.20; 122
25526;2001; 3; 3;31;  58;0.23; 133
25526;2001; 4; 2;10;  57;0.22; 125
25526;2001; 4; 3;20;  57;0.23; 131
25526;2001; 4; 3;25;  56;0.23; 129
25526;2001; 4; 3;30;  46;0.25; 115
25526;2001; 5; 2; 5;  45;0.25; 113
25526;2001; 5; 3;10;  33;0.30;  99
25526;2001; 5; 3;15;  22;0.32;  70
25526;2001; 9; 2;20;   7;0.03;   2
25526;2001;10; 2;20;  12;0.12;  14
25526;2001;11; 2;20;  24;0.18;  43
25526;2001;12; 2;20;  39;0.19;  74
25526;2002; 1; 2;20;  45;0.17;  77
25526;2002; 2; 2;20;  46;0.18;  83
25526;2002; 2; 3;28;  46;0.19;  87
25526;2002; 3; 2;10;  47;0.19;  89
25526;2002; 3; 3;20;  50;0.21; 105
25526;2002; 3; 3;31;  51;0.21; 107
25526;2002; 4; 2;10;  51;0.22; 112
25526;2002; 4; 3;20;  51;0.23; 117
25526;2002; 4; 3;25;  50;0.24; 120
25526;2002; 4; 3;30;  48;0.26; 125
25526;2002; 5; 2; 5;  43;0.25; 108
25526;2002; 5; 3;10;  36;0.30; 108
25526;2002; 5; 3;15;  32;0.30;  96
25526;2002; 5; 3;20;  23;0.32;  74
25526;2002; 5; 3;25;  12;0.31;  37
25526;2002;10; 2;20;   7;    ;    
25526;2002;11; 2;20;  20;0.18;  36
25526;2002;12; 2;20;  25;0.19;  48
25526;2003; 1; 2;20;  30;0.19;  57
25526;2003; 2; 2;20;  41;0.18;  74
25526;2003; 2; 3;28;  47;0.19;  89
25526;2003; 3; 2;10;  49;0.19;  93
25526;2003; 3; 3;20;  48;0.19;  91
25526;2003; 3; 3;31;  48;0.21; 101
25526;2003; 4; 2;10;  51;0.22; 112
25526;2003; 4; 3;20;  51;0.23; 117
25526;2003; 4; 3;25;  50;0.24; 120
25526;2003; 4; 3;30;  48;0.25; 120
25526;2003; 5; 2; 5;  45;0.26; 117
25526;2003; 5; 3;10;  35;0.29; 102
25526;2003; 5; 3;15;  31;0.30;  93
25526;2003; 5; 3;20;  20;0.32;  64
25526;2003;11; 2;20;   8;    ;    
25526;2003;12; 2;20;  16;0.17;  27
25526;2004; 1; 2;20;  24;0.17;  41
25526;2004; 2; 2;20;  26;0.18;  47
25526;2004; 2; 3;29;  26;0.19;  49
25526;2004; 3; 2;10;  27;0.18;  49
25526;2004; 3; 3;20;  27;0.18;  49
25526;2004; 3; 3;31;  35;0.19;  67
25526;2004; 4; 2;10;  34;0.19;  65
25526;2004; 4; 3;20;  35;0.19;  67
25526;2004; 4; 3;25;  35;0.19;  67
25526;2004; 4; 3;30;  34;0.20;  68
25526;2004; 5; 2; 5;  33;0.23;  76
25526;2004; 5; 3;10;  31;0.24;  74
25526;2004; 5; 3;15;  22;0.27;  59
25526;2004;10; 2;20;   9;    ;    
25526;2004;11; 2;20;  17;0.16;  27
25526;2004;12; 2;20;  24;0.17;  41
25526;2005; 1; 2;20;  44;0.16;  70
25526;2005; 2; 2;20;  43;0.17;  73
25526;2005; 2; 2;28;  43;0.17;  73
25526;2005; 3; 2;10;  43;0.18;  77
25526;2005; 3; 2;20;  43;0.18;  77
25526;2005; 3; 2;31;  43;0.18;  77
25526;2005; 4; 2;10;  43;0.18;  77
25526;2005; 4; 2;20;  42;0.20;  84
25526;2005; 4; 2;25;  42;0.20;  84
25526;2005; 4; 2;30;  40;0.21;  84
25526;2005; 5; 2; 5;  30;0.26;  78
25526;2005; 5; 2;10;  24;0.27;  65
25526;2005; 5; 2;15;  21;0.28;  59
25526;2005;11; 2;20;   8;0.03;   2
25526;2005;12; 2;20;  16;0.15;  24
25526;2006; 1; 2;20;  18;0.16;  29
25526;2006; 2; 2;20;  21;0.18;  38
25526;2006; 2; 2;28;  27;0.18;  49
25526;2006; 3; 2;10;  27;0.18;  49
25526;2006; 3; 2;20;  32;0.21;  67
25526;2006; 3; 2;31;  34;0.20;  68
25526;2006; 4; 2;10;  36;0.21;  76
25526;2006; 4; 2;20;  35;0.22;  77
25526;2006; 4; 2;25;  36;0.21;  76
25526;2006; 4; 2;30;  34;0.22;  75
25526;2006; 5; 2; 5;  32;0.25;  80
25526;2006; 5; 2;10;  24;0.28;  67
25526;2006; 5; 2;15;  22;0.29;  64
25526;2006; 5; 2;20;  12;0.31;  37
25526;2006;10; 2;20;   7;    ;    
25526;2006;11; 2;20;   8;    ;    
25526;2006;12; 2;20;  25;0.16;  40
25526;2007; 1; 2;20;  35;0.17;  60
25526;2007; 2; 2;20;  67;0.17; 114
25526;2007; 2; 2;28;    ;    ;    
25526;2007; 3; 2;10;  76;0.16; 122
25526;2007; 3; 2;20;  72;0.18; 130
25526;2007; 3; 2;31;  73;0.17; 124
25526;2007; 4; 2;10;  68;0.19; 129
25526;2007; 4; 2;20;  68;0.18; 122
25526;2007; 4; 2;30;  66;0.21; 139
25526;2007; 5; 2; 5;  64;    ;    
25526;2007; 5; 2;10;  48;    ;    
25526;2007; 5; 2;15;  29;    ;    
25526;2007;10; 2;20;   3;    ;    
25526;2007;11; 2;20;  33;0.07;  23
25526;2007;12; 2;20;  42;0.14;  59
25526;2008; 1; 2;20;  45;0.15;  68
25526;2008; 2; 2;20;  50;0.15;  75
25526;2008; 2; 2;29;  50;0.19;  95
25526;2008; 3; 2;10;  46;0.19;  87
25526;2008; 3; 2;20;  46;    ;    
25526;2008; 3; 2;31;  45;0.19;  86
25526;2008; 4; 2;10;  48;0.19;  91
25526;2008; 4; 2;20;  49;0.19;  93
25526;2008; 4; 2;25;  54;0.16;  86
25526;2008; 4; 2;30;  45;0.19;  86
25526;2008; 5; 2; 5;  43;    ;    
25526;2008; 5; 2;10;  27;0.25;  68
25526;2008; 5; 2;15;  14;0.28;  39
25526;2008;10; 2;20;  13;0.11;  14
25526;2008;11; 2;20;  24;0.11;  26
25526;2008;12; 2;20;  31;0.12;  37
25526;2009; 1; 2;20;  43;0.13;  56
25526;2009; 2; 2;20;  43;0.13;  56
25526;2009; 2; 2;28;  44;0.14;  62
25526;2009; 3; 2;10;  45;0.15;  68
25526;2009; 3; 2;20;  46;0.17;  78
25526;2009; 3; 2;31;  46;0.19;  87
25526;2009; 4; 2;10;  46;0.20;  92
25526;2009; 4; 2;20;  42;0.17;  71
25526;2009; 4; 2;25;  42;0.18;  76
25526;2009; 4; 2;30;  42;0.19;  80
25526;2009; 5; 2; 5;  38;0.19;  72
25526;2009; 5; 2;10;  35;0.27;  95
25526;2009; 5; 2;15;  12;0.26;  31
25526;2009; 5; 2;20;   5;    ;    
25526;2009;10; 2;20;  10;0.12;  12
25526;2009;11; 2;20;  28;0.16;  45
25526;2009;12; 2;20;  49;0.16;  78
25526;2010; 1; 2;20;  57;0.17;  97
25526;2010; 2; 2;20;  58;0.19; 110
25526;2010; 2; 2;28;  58;0.19; 110
25526;2010; 3; 2;10;  59;0.21; 124
25526;2010; 3; 2;20;  60;0.21; 126
25526;2010; 3; 2;31;  60;0.22; 132
25526;2010; 4; 2;10;  61;0.23; 140
25526;2010; 4; 2;20;  58;0.23; 133
25526;2010; 4; 2;25;  57;0.25; 143
25526;2010; 4; 2;30;  54;0.26; 140
25526;2010; 5; 2; 5;  53;0.24; 127
25526;2010; 5; 2;10;  28;0.28;  78
25526;2010; 5; 2;15;  19;0.28;  53
25526;2010; 5; 2;20;   2;    ;    
25526;2010;10; 2;20;   3;    ;    
25526;2010;11; 2;20;  17;0.14;  24
25526;2010;12; 2;20;  29;0.14;  41
25526;2011; 1; 2;20;  38;0.13;  49
25526;2011; 2; 2;20;  52;0.15;  78
25526;2011; 2; 2;28;  53;0.15;  80
25526;2011; 3; 2;10;  46;0.19;  87
25526;2011; 3; 2;20;  56;0.19; 106
25526;2011; 3; 2;31;  53;0.19; 101
25526;2011; 4; 2;10;  52;0.20; 104
25526;2011; 4; 2;20;  44;0.22;  97
25526;2011; 4; 2;25;  42;0.23;  97
25526;2011; 4; 2;30;  42;0.23;  97
25526;2011; 5; 2; 5;  43;0.23;  99
25526;2011; 5; 2;10;  41;0.24;  98
25526;2011; 5; 2;15;  43;0.23;  99
25526;2011; 5; 2;20;  37;0.26;  96
25526;2011; 5; 2;25;  28;0.26;  73
25526;2011;10; 2;20;  20;0.13;  26
25526;2011;11; 2;20;  33;0.17;  56
25526;2011;12; 2;20;  38;0.19;  72
25526;2012; 1; 2;20;  43;0.20;  86
25526;2012; 2; 2;20;  47;0.21;  99
25526;2012; 2; 2;29;  49;0.21; 103
25526;2012; 3; 2;10;  47;0.22; 103
25526;2012; 3; 2;20;  51;0.22; 112
25526;2012; 3; 2;31;  49;0.22; 108
25526;2012; 4; 2;10;  48;0.23; 110
25526;2012; 4; 2;20;  41;    ;    
25526;2012; 4; 2;25;  51;0.23; 117
25526;2012; 4; 2;30;  42;0.26; 109
25526;2012; 5; 2; 5;  41;0.27; 111
25526;2012; 5; 2;10;  29;0.29;  84
25526;2012; 5; 2;15;   7;0.30;  21
25526;2012;10; 2;20;   4;    ;    
25526;2012;11; 2;20;  29;0.16;  46
25526;2012;12; 2;20;  32;0.17;  54
25526;2013; 1; 2;20;  45;0.19;  86
25526;2013; 2; 2;20;  47;0.18;  85
25526;2013; 2; 2;28;  47;0.17;  80
25526;2013; 3; 2;10;  48;0.18;  86
25526;2013; 3; 2;20;  62;0.16;  99
25526;2013; 3; 2;31;  67;0.17; 114
25526;2013; 4; 2;10;  67;0.19; 127
25526;2013; 4; 2;20;  53;0.20; 106
25526;2013; 4; 2;25;  57;0.21; 120
25526;2013; 4; 2;30;  45;0.24; 108
25526;2013; 5; 2; 5;  31;0.25;  78
25526;2013;10; 2;20;  13;0.11;  14
25526;2013;11; 2;20;  36;0.16;  58
25526;2013;12; 2;20;  46;0.18;  83
25526;2014; 1; 2;20;  52;0.19;  99
25526;2014; 2; 2;20;  61;    ;    
25526;2014; 2; 2;28;  62;    ;    
25526;2014; 3; 2;10;  67;    ;    
25526;2014; 3; 2;20;  67;    ;    
25526;2014; 3; 2;31;  71;    ;    
25526;2014; 4; 2;10;  71;0.29; 206
25526;2014; 4; 2;20;  69;0.30; 207
25526;2014; 4; 2;30;  70;0.29; 203
25526;2014; 5; 2; 5;  64;0.27; 173
25526;2014; 5; 2;10;  63;0.27; 170
25526;2014; 5; 2;15;  61;0.27; 165
25526;2014; 5; 2;20;  56;0.29; 162
25526;2014; 5; 2;25;  45;0.30; 135
25526;2014;10; 2;20;  10;0.08;   8
25526;2014;11; 2;20;  26;0.14;  36
25526;2014;12; 2;20;  36;0.15;  54
25526;2015; 1; 2;20;  42;0.15;  63
25526;2015; 2; 2;20;  54;0.16;  86
25526;2015; 2; 2;28;  55;0.16;  88
25526;2015; 3; 2;10;  55;0.17;  94
25526;2015; 3; 2;20;  55;0.17;  94
25526;2015; 3; 2;31;  56;0.17;  95
25526;2015; 4; 2;10;  56;0.16;  90
25526;2015; 4; 2;20;  57;0.16;  91
25526;2015; 4; 2;25;  57;0.17;  97
25526;2015; 4; 2;30;  58;0.17;  99
25526;2015; 5; 2; 5;  58;0.17;  99
25526;2015; 5; 2;10;  58;0.17;  99
25526;2015; 5; 2;15;  55;0.21; 116
25526;2015; 5; 2;20;  53;0.21; 111
25526;2015; 5; 2;25;  32;0.31;  99
25526;2015;10; 2;20;  14;0.10;  14
25526;2015;11; 2;20;  22;0.14;  31
25526;2015;12; 2;20;  25;0.14;  35
25526;2016; 1; 2;20;  35;0.15;  53
25526;2016; 2; 2;20;  41;0.16;  66
25526;2016; 2; 2;29;  42;0.16;  67
25526;2016; 3; 2;10;  42;0.16;  67
25526;2016; 3; 2;20;  42;0.17;  71
25526;2016; 3; 2;31;  45;0.16;  72
25526;2016; 4; 2;10;  44;0.17;  75
25526;2016; 4; 2;20;  43;    ;    
25526;2016; 4; 2;25;  42;    ;    
25526;2016; 4; 2;30;  40;    ;    
25526;2016; 5; 2; 5;  39;    ;    
25526;2016; 5; 2;10;  37;    ;    
25526;2016; 5; 2;15;  34;    ;    
25526;2016;10; 2;20;  21;0.14;  29
25526;2016;11; 2;20;  46;0.13;  60
25526;2016;12; 2;20;  57;0.16;  91
25526;2017; 1; 2;20;  83;0.20; 166
25526;2017; 2; 2;20;  86;0.21; 181
25526;2017; 2; 2;28;  89;0.20; 178
25526;2017; 3; 2;10;  91;0.20; 182
25526;2017; 3; 2;20;  90;0.20; 180
25526;2017; 3; 2;31;  90;0.20; 180
25526;2017; 4; 2;10;  89;0.21; 187
25526;2017; 4; 2;20;  96;0.21; 202
25526;2017; 4; 2;25;  80;0.24; 192
25526;2017; 4; 2;30;  79;0.24; 190
25526;2017; 5; 2; 5;  72;0.26; 187
25526;2017; 5; 2;10;  68;0.26; 177
25526;2017; 5; 2;15;  56;0.30; 168
25526;2017; 5; 2;20;  34;0.36; 122
25526;2017;10; 2;20;  17;0.10;  17
25526;2017;11; 2;20;  59;0.14;  83
25526;2017;12; 2;20;  64;0.15;  96
25526;2018; 1; 2;20;  71;0.15; 107
25526;2018; 2; 2;20;  98;0.18; 176
25526;2018; 2; 2;28;  97;0.18; 175
25526;2018; 3; 2;10;  99;0.19; 188
25526;2018; 3; 2;20;  99;0.19; 188
25526;2018; 3; 2;31;  99;0.19; 188
25526;2018; 4; 2;10;  99;0.20; 198
25526;2018; 4; 2;20;  98;0.21; 206
25526;2018; 4; 2;25;  95;0.23; 219
25526;2018; 4; 2;30;  95;0.23; 219
25526;2018; 5; 2; 5;  94;0.24; 226
25526;2018; 5; 2;10;  89;0.24; 214
25526;2018; 5; 2;15;  71;0.28; 199
25526;2018; 5; 2;20;  53;0.28; 148
25526;2018; 5; 2;25;  26;0.37;  96
