30054;1966; 1; 1;10;  54;0.20; 108
30054;1966; 1; 1;20;  54;0.22; 119
30054;1966; 1; 2;20;  67;0.20; 134
30054;1966; 1; 1;31;  53;0.23; 122
30054;1966; 2; 1;10;  56;0.24; 134
30054;1966; 2; 2;10;  70;0.21; 147
30054;1966; 2; 1;20;  60;0.23; 138
30054;1966; 2; 2;20;  71;0.21; 149
30054;1966; 2; 1;28;  62;0.23; 143
30054;1966; 2; 2;28;  77;0.21; 162
30054;1966; 3; 2; 5;    ;    ;   0
30054;1966; 3; 1;10;  64;0.22; 141
30054;1966; 3; 2;10;  78;0.21; 164
30054;1966; 3; 2;15;    ;    ;   0
30054;1966; 3; 1;20;  67;0.22; 147
30054;1966; 3; 2;20;  77;0.22; 169
30054;1966; 3; 2;25;    ;    ;   0
30054;1966; 3; 1;31;  66;0.23; 152
30054;1966; 3; 2;31;  79;0.23; 182
30054;1966; 4; 2; 5;    ;    ;   0
30054;1966; 4; 1;10;  66;0.22; 145
30054;1966; 4; 2;10;  81;0.22; 178
30054;1966; 4; 1;15;  65;0.25; 163
30054;1966; 4; 2;15;  77;0.22; 169
30054;1966; 4; 1;20;  59;0.26; 153
30054;1966; 4; 2;20;  73;0.22; 161
30054;1966; 4; 1;25;  58;0.25; 145
30054;1966; 4; 2;25;  73;0.23; 168
30054;1966; 4; 1;30;  57;0.27; 154
30054;1966; 4; 2;30;  73;0.24; 175
30054;1966;10; 1;20;   2;    ;    
30054;1966;10; 2;20;   3;    ;    
30054;1966;10; 1;31;  16;0.12;  19
30054;1966;11; 1;10;  23;0.16;  37
30054;1966;11; 1;20;  24;0.16;  38
30054;1966;11; 2;20;  32;0.14;  45
30054;1966;11; 1;30;  33;0.16;  53
30054;1966;12; 1;10;  40;0.18;  72
30054;1966;12; 1;20;  42;0.20;  84
30054;1966;12; 2;20;  54;0.16;  86
30054;1966;12; 1;31;  43;0.19;  82
30054;1967; 1; 1;10;  49;0.20;  98
30054;1967; 1; 2;10;    ;    ;   0
30054;1967; 1; 1;20;  58;0.21; 122
30054;1967; 1; 2;20;  76;0.18; 137
30054;1967; 1; 1;31;  57;0.22; 125
30054;1967; 1; 2;31;  75;0.20; 150
30054;1967; 2; 1;10;  57;0.22; 125
30054;1967; 2; 2;10;  76;0.20; 152
30054;1967; 2; 1;20;  59;0.23; 136
30054;1967; 2; 2;20;  77;0.19; 146
30054;1967; 2; 1;28;  61;0.24; 146
30054;1967; 2; 2;28;  78;0.20; 156
30054;1967; 3; 2; 5;    ;    ;   0
30054;1967; 3; 1;10;  68;0.23; 156
30054;1967; 3; 2;10;  86;0.19; 163
30054;1967; 3; 1;15;  69;0.22; 152
30054;1967; 3; 2;15;  85;0.21; 179
30054;1967; 3; 1;20;  71;0.23; 163
30054;1967; 3; 2;20;  90;0.22; 198
30054;1967; 3; 1;25;  76;0.23; 175
30054;1967; 3; 2;25;  89;0.22; 196
30054;1967; 3; 1;31;  77;0.22; 169
30054;1967; 3; 2;31;  90;0.22; 198
30054;1967; 4; 1; 5;  77;0.22; 169
30054;1967; 4; 2; 5;  90;0.22; 198
30054;1967; 4; 1;10;  72;0.24; 173
30054;1967; 4; 2;10;  84;0.22; 185
30054;1967; 4; 1;15;  72;0.23; 166
30054;1967; 4; 2;15;  84;0.23; 193
30054;1967; 4; 1;20;  43;0.22;  95
30054;1967; 4; 2;20;  72;0.23; 166
30054;1967; 4; 1;25;  11;0.38;  42
30054;1967; 4; 2;25;  40;0.26; 104
30054;1967; 4; 2;30;    ;    ;   0
30054;1967;10; 1;31;   2;    ;    
30054;1967;11; 1;10;  14;0.19;  27
30054;1967;11; 1;20;  17;0.19;  32
30054;1967;11; 2;20;  21;0.13;  27
30054;1967;11; 1;30;  22;0.22;  48
30054;1967;12; 1;10;  26;0.20;  52
30054;1967;12; 1;20;  36;0.20;  72
30054;1967;12; 2;20;  45;0.15;  68
30054;1967;12; 1;31;  44;0.20;  88
30054;1968; 1; 1;10;  44;0.20;  88
30054;1968; 1; 2;10;    ;    ;   0
30054;1968; 1; 1;20;  48;0.20;  96
30054;1968; 1; 2;20;  59;0.18; 106
30054;1968; 1; 1;31;  47;0.21;    
30054;1968; 1; 2;31;  58;0.20; 116
30054;1968; 2; 1;10;  52;0.23; 120
30054;1968; 2; 2;10;  65;0.22; 143
30054;1968; 2; 1;20;  52;0.23; 120
30054;1968; 2; 2;20;  60;0.22; 132
30054;1968; 2; 1;29;  51;0.23; 117
30054;1968; 2; 2;29;  60;0.22; 132
30054;1968; 3; 2; 5;    ;    ;   0
30054;1968; 3; 1;10;  50;0.16;  80
30054;1968; 3; 2;10;  62;0.21; 130
30054;1968; 3; 2;15;    ;    ;   0
30054;1968; 3; 1;20;  52;0.24; 125
30054;1968; 3; 2;20;  62;0.22; 136
30054;1968; 3; 2;25;    ;    ;   0
30054;1968; 3; 1;31;  47;    ;    
30054;1968; 3; 2;31;  55;    ;    
30054;1968; 4; 1; 5;  45;0.25; 113
30054;1968; 4; 2; 5;  53;0.25; 133
30054;1968; 4; 1;10;  57;0.21; 120
30054;1968; 4; 2;10;  68;0.24; 163
30054;1968; 4; 1;15;  48;0.26; 125
30054;1968; 4; 2;15;  67;0.23; 154
30054;1968; 4; 1;20;  10;0.31;  31
30054;1968; 4; 2;20;  37;0.26;  96
30054;1968; 4; 2;25;    ;    ;   0
30054;1968; 4; 2;30;    ;    ;   0
30054;1968;11; 1;10;  16;0.10;  16
30054;1968;11; 1;20;  16;0.13;  21
30054;1968;11; 2;20;  19;0.11;  21
30054;1968;11; 1;30;  20;0.16;  32
30054;1968;12; 1;10;  21;0.17;  36
30054;1968;12; 1;20;  22;0.17;  37
30054;1968;12; 2;20;  31;0.13;  40
30054;1968;12; 1;31;  25;0.18;  45
30054;1969; 1; 1;10;  27;0.18;  49
30054;1969; 1; 1;20;  31;0.19;  59
30054;1969; 1; 2;20;  39;0.18;  70
30054;1969; 2; 1;10;  33;0.19;  63
30054;1969; 2; 2;10;  39;0.19;  74
30054;1969; 2; 1;20;  31;0.21;  65
30054;1969; 2; 2;20;  43;0.19;  82
30054;1969; 2; 1;28;  35;0.22;  77
30054;1969; 2; 2;28;  41;0.21;  86
30054;1969; 3; 2; 5;    ;    ;   0
30054;1969; 3; 1;10;  35;0.22;  77
30054;1969; 3; 2;10;  45;0.20;  90
30054;1969; 3; 1;15;  35;0.22;  77
30054;1969; 3; 2;15;    ;    ;   0
30054;1969; 3; 1;20;  35;0.22;  77
30054;1969; 3; 2;20;  45;0.22;    
30054;1969; 3; 1;25;  35;0.22;  77
30054;1969; 3; 2;25;  45;0.22;    
30054;1969; 3; 1;31;  33;0.22;  73
30054;1969; 3; 2;31;  45;0.21;  95
30054;1969; 4; 1; 5;  30;0.21;  63
30054;1969; 4; 2; 5;  46;0.23; 106
30054;1969; 4; 1;10;  26;0.24;  62
30054;1969; 4; 2;10;  42;0.23;  97
30054;1969; 4; 1;15;  26;0.25;  65
30054;1969; 4; 2;15;  38;0.24;  91
30054;1969; 4; 1;20;  25;    ;    
30054;1969; 4; 2;20;  45;0.24; 108
30054;1969; 4; 1;25;  21;0.26;  55
30054;1969; 4; 2;25;  44;0.22;  97
30054;1969; 4; 1;30;  18;0.32;  58
30054;1969; 4; 2;30;  40;0.24;  96
30054;1970;10; 1;31;  15;0.14;  21
30054;1970;11; 1;10;  24;0.14;  34
30054;1970;11; 1;20;  21;0.15;  32
30054;1970;11; 1;30;  29;0.19;  55
30054;1970;12; 1;10;  34;0.18;  61
30054;1970;12; 1;20;  36;0.19;  68
30054;1970;12; 1;31;  44;0.18;  79
30054;1971; 1; 1;10;  48;0.18;  86
30054;1971; 1; 1;20;  52;0.20; 104
30054;1971; 1; 1;31;  55;0.18;    
30054;1971; 2; 1;10;  54;0.22; 119
30054;1971; 2; 1;20;  57;0.22; 125
30054;1971; 2; 1;28;  52;0.24; 125
30054;1971; 3; 1;10;  56;0.22; 123
30054;1971; 3; 1;20;  52;0.21; 109
30054;1971; 3; 1;31;  53;0.24; 127
30054;1971; 4; 1; 5;  56;0.23; 129
30054;1971; 4; 1;10;  55;0.24; 132
30054;1971; 4; 1;15;  46;0.25; 115
30054;1971; 4; 1;20;  23;0.26;  60
30054;1971; 4; 1;25;  17;0.30;  51
30054;1971;10; 1;31;   6;0.11;   7
30054;1971;11; 1;10;  13;0.11;  14
30054;1971;11; 1;20;  16;0.12;  19
30054;1971;11; 1;30;  15;0.15;  23
30054;1971;12; 1;10;  22;0.20;  44
30054;1971;12; 1;20;  36;0.22;  79
30054;1971;12; 1;31;  25;0.22;  55
30054;1974; 2; 1;10;  64;0.25; 160
30054;1974; 2; 2;10;  75;0.20; 150
30054;1974; 2; 1;20;  65;0.27; 176
30054;1974; 2; 1;28;  65;0.27; 176
30054;1974; 3; 1; 5;    ;    ;   0
30054;1974; 3; 2; 5;    ;    ;   0
30054;1974; 3; 1;10;  77;0.20; 154
30054;1974; 3; 2;10;  82;0.23; 188
30054;1974; 3; 1;15;  80;0.20; 160
30054;1974; 3; 2;15;  79;0.24; 190
30054;1974; 3; 1;20;  78;0.22; 172
30054;1974; 3; 2;20;  80;0.25; 200
30054;1974; 3; 1;25;  77;0.22; 169
30054;1974; 3; 2;25;  80;0.25; 200
30054;1974; 3; 1;31;  75;0.22; 165
30054;1974; 3; 2;31;  76;0.27; 206
30054;1974; 4; 1; 5;  60;    ;    
30054;1974; 4; 2; 5;  75;    ;    
30054;1974; 4; 1;10;  65;    ;    
30054;1974; 4; 1;15;  64;0.28; 179
30054;1974; 4; 1;20;  60;0.26; 156
30054;1974; 4; 1;25;  37;0.24;  89
30054;1974; 4; 1;30;  30;0.22;  62
30054;1974;10; 1;10;   1;    ;    
30054;1974;10; 2;10;    ;    ;   0
30054;1974;10; 1;20;  10;0.18;  18
30054;1974;10; 2;20;  11;0.14;  15
30054;1974;10; 1;31;  24;0.19;  46
30054;1974;10; 2;31;    ;    ;   0
30054;1974;11; 1;10;  25;0.18;  45
30054;1974;11; 2;10;    ;    ;   0
30054;1974;11; 1;20;  34;0.17;  58
30054;1974;11; 2;20;  40;0.14;  56
30054;1974;11; 1;30;  41;0.18;  74
30054;1974;11; 2;30;    ;    ;   0
30054;1974;12; 1;10;  48;0.19;  91
30054;1974;12; 2;10;    ;    ;   0
30054;1974;12; 1;20;  61;0.21; 128
30054;1974;12; 2;20;  61;0.18; 110
30054;1974;12; 1;31;  49;0.25; 122
30054;1974;12; 2;31;    ;    ;   0
30054;1975; 1; 1;10;  60;0.19; 114
30054;1975; 1; 2;10;    ;    ;   0
30054;1975; 1; 2;20;  65;0.21; 136
30054;1975; 1; 2;30;  65;0.20; 130
30054;1975; 2; 1;10;  68;    ;    
30054;1975; 2; 2;10;  79;    ;    
30054;1975; 2; 2;20;  69;0.21; 145
30054;1975; 2; 2;28;  71;0.22; 156
30054;1975; 3; 1; 5;    ;    ;   0
30054;1975; 3; 2; 5;    ;    ;   0
30054;1975; 3; 2;10;  69;0.23; 159
30054;1975; 3; 2;15;  70;0.23; 161
30054;1975; 3; 2;20;  72;0.24; 173
30054;1975; 3; 2;25;  66;0.25; 165
30054;1975; 3; 2;30;  61;    ;    
30054;1975; 4; 2; 0;  69;0.27; 186
30054;1975; 4; 1; 5;  61;0.27; 165
30054;1975; 4; 2;10;  63;0.26; 164
30054;1975; 4; 2;15;  53;0.30; 159
30054;1975; 4; 2;20;  30;0.29;  72
30054;1975; 4; 2;25;    ;    ;   0
30054;1975; 4; 2;30;    ;    ;   0
30054;1975;10; 1;10;    ;    ;   0
30054;1975;10; 2;10;    ;    ;   0
30054;1975;10; 1;20;   1;    ;    
30054;1975;10; 1;30;   3;    ;    
30054;1975;11; 1;10;   2;    ;    
30054;1975;11; 2;10;    ;    ;   0
30054;1975;11; 2;20;   7;0.13;   9
30054;1975;11; 2;30;  25;0.16;  40
30054;1975;12; 1;10;  33;0.19;  63
30054;1975;12; 2;10;    ;    ;   0
30054;1975;12; 2;20;  31;0.20;  62
30054;1975;12; 2;30;  33;0.19;  63
30054;1976; 1; 1;10;  52;0.21; 109
30054;1976; 1; 1;20;  50;0.23; 115
30054;1976; 1; 2;20;  56;0.20; 112
30054;1976; 1; 1;31;  57;0.21; 120
30054;1976; 1; 2;31;  58;0.22; 128
30054;1976; 2; 1;10;  57;0.22; 125
30054;1976; 2; 2;10;  58;0.22; 128
30054;1976; 2; 1;20;  56;0.22; 123
30054;1976; 2; 2;20;  59;0.22; 130
30054;1976; 2; 1;29;  59;0.23; 136
30054;1976; 2; 2;29;  60;0.23; 138
30054;1976; 3; 1;10;  58;0.22; 128
30054;1976; 3; 2;10;  60;0.22; 132
30054;1976; 3; 1;15;  57;0.22; 125
30054;1976; 3; 2;15;  61;0.23; 140
30054;1976; 3; 1;20;  54;0.23; 124
30054;1976; 3; 2;20;  61;0.23; 140
30054;1976; 3; 1;25;  50;0.24; 120
30054;1976; 3; 2;25;  55;0.24; 132
30054;1976; 3; 1;31;  53;0.24; 127
30054;1976; 3; 2;31;  55;0.24; 132
30054;1976; 4; 1; 5;  50;0.24; 120
30054;1976; 4; 2; 5;  56;    ;    
30054;1976; 4; 1;10;  33;0.25;  82
30054;1976; 4; 2;10;  48;0.25; 120
30054;1976; 4; 1;15;  18;0.30;  51
30054;1976; 4; 2;15;  42;0.26; 109
30054;1976; 4; 1;20;  14;0.30;  42
30054;1976; 4; 2;20;  29;0.28;  81
30054;1976; 4; 1;25;   9;0.31;  28
30054;1976; 4; 2;25;  22;0.30;  63
30054;1976;10; 1;20;   4;0.14;   6
30054;1976;10; 2;20;    ;    ;   0
30054;1976;10; 1;31;    ;    ;   0
30054;1976;11; 1;10;  19;0.15;  28
30054;1976;11; 1;20;  23;0.16;  37
30054;1976;11; 2;20;  27;0.13;  35
30054;1976;11; 1;30;  34;0.16;  54
30054;1976;12; 1;10;  39;0.18;  70
30054;1976;12; 1;20;  41;0.18;  74
30054;1976;12; 2;20;  45;0.18;  81
30054;1976;12; 1;31;  41;0.18;  74
30054;1977; 1; 1;10;  47;0.19;  89
30054;1977; 1; 1;20;  50;0.21; 105
30054;1977; 1; 2;20;  55;0.18;    
30054;1977; 1; 1;31;  50;0.22; 110
30054;1977; 1; 2;31;  54;0.19; 103
30054;1977; 2; 1;10;  50;0.22; 110
30054;1977; 2; 2;10;  53;0.19; 101
30054;1977; 2; 1;20;  52;0.21; 109
30054;1977; 2; 2;20;  56;0.20; 112
30054;1977; 2; 1;28;  46;0.21;  97
30054;1977; 2; 2;28;  60;0.20; 120
30054;1977; 3; 1;10;  54;0.22; 119
30054;1977; 3; 2;10;  66;0.23; 152
30054;1977; 3; 1;15;  52;0.23; 120
30054;1977; 3; 2;15;  68;0.23; 156
30054;1977; 3; 1;20;  54;0.23; 124
30054;1977; 3; 2;20;  64;0.23; 147
30054;1977; 3; 1;25;  55;0.25; 138
30054;1977; 3; 2;25;  64;0.24; 154
30054;1977; 3; 1;31;  48;0.24; 115
30054;1977; 3; 2;31;  59;0.26; 153
30054;1977; 4; 1; 5;  45;0.23; 104
30054;1977; 4; 2; 5;  57;0.23; 131
30054;1977; 4; 1;10;  53;0.26; 138
30054;1977; 4; 2;10;  58;0.24; 139
30054;1977; 4; 1;15;  57;0.26; 148
30054;1977; 4; 2;15;  59;0.25; 148
30054;1977; 4; 1;20;  29;0.34;    
30054;1977; 4; 2;20;  50;0.20; 100
30054;1977; 4; 1;25;  25;0.35;  88
30054;1977; 4; 2;25;  41;0.32; 131
30054;1977; 4; 2;30;  21;0.25;  53
30054;1977; 5; 2; 5;   3;    ;    
30054;1977;10; 1;10;   5;0.16;   8
30054;1977;10; 1;20;  15;0.12;  18
30054;1977;10; 2;20;  13;0.15;  20
30054;1977;10; 1;31;  28;0.13;  36
30054;1977;11; 1;10;  36;0.26;  94
30054;1977;11; 1;20;  44;0.18;  79
30054;1977;11; 2;20;  51;0.19;  97
30054;1977;11; 1;30;  59;0.19; 112
30054;1977;12; 1;10;  60;0.15;  90
30054;1977;12; 1;20;  61;0.18; 110
30054;1977;12; 2;20;  60;0.20; 120
30054;1977;12; 1;31;  61;0.21; 128
30054;1978; 1; 1;10;  79;0.18; 142
30054;1978; 1; 1;20;  74;0.22; 163
30054;1978; 1; 2;20;  82;0.20; 164
30054;1978; 1; 1;31;  74;0.22; 163
30054;1978; 1; 2;31;  82;0.20; 164
30054;1978; 2; 1;10;  84;0.21; 176
30054;1978; 2; 2;10;  82;0.23; 189
30054;1978; 2; 1;20;  84;0.24; 202
30054;1978; 2; 2;20;  97;0.24; 233
30054;1978; 2; 1;28;  94;0.23; 216
30054;1978; 2; 2;28;  85;0.23; 196
30054;1978; 3; 1;10;  85;0.24; 204
30054;1978; 3; 2;10;  87;0.25; 218
30054;1978; 3; 1;15;  77;0.26; 200
30054;1978; 3; 2;15;  86;0.24; 206
30054;1978; 3; 1;20;  73;0.26; 190
30054;1978; 3; 2;20;  80;0.25; 200
30054;1978; 3; 1;25;  69;0.25; 173
30054;1978; 3; 2;25;  82;0.27; 221
30054;1978; 3; 1;31;  66;0.21; 139
30054;1978; 3; 2;31;  81;0.24; 194
30054;1978; 4; 1; 5;  73;0.21; 153
30054;1978; 4; 2; 5;  76;0.24; 182
30054;1978; 4; 1;10;  67;0.25; 168
30054;1978; 4; 2;10;  72;0.26; 187
30054;1978; 4; 1;15;  54;0.32; 173
30054;1978; 4; 2;15;  69;0.31; 214
30054;1978; 4; 1;20;  47;0.32; 150
30054;1978; 4; 2;20;  61;0.28; 171
30054;1978; 4; 1;25;  34;0.32; 109
30054;1978; 4; 1;30;  16;0.32;  51
30054;1978;10; 1;10;   1;0.00;   0
30054;1978;10; 1;20;   2;0.00;   0
30054;1978;10; 2;20;   1;0.00;   0
30054;1978;10; 1;31;  10;0.17;  17
30054;1978;11; 1;10;  11;0.15;  17
30054;1978;11; 1;20;  14;0.18;  25
30054;1978;11; 2;20;  20;0.15;  30
30054;1978;11; 1;30;  22;0.18;  40
30054;1978;12; 1;10;  28;0.17;  48
30054;1978;12; 1;20;  31;0.20;  62
30054;1978;12; 2;20;  38;0.17;  65
30054;1978;12; 1;31;  36;0.20;  72
30054;1979; 1; 1;10;  37;0.19;  70
30054;1979; 1; 1;20;  49;0.20;  98
30054;1979; 1; 2;20;  50;0.16;  80
30054;1979; 1; 1;31;  49;0.21; 103
30054;1979; 1; 2;31;  51;0.19;  97
30054;1979; 2; 1;10;  61;0.21; 128
30054;1979; 2; 2;10;  61;0.20; 122
30054;1979; 2; 1;20;  61;0.22; 134
30054;1979; 2; 2;20;  65;0.19; 124
30054;1979; 2; 1;28;  62;0.22; 136
30054;1979; 2; 2;28;  56;0.22; 123
30054;1979; 3; 1;10;  62;0.22; 136
30054;1979; 3; 2;10;  64;0.22; 141
30054;1979; 3; 1;15;  55;0.20; 110
30054;1979; 3; 2;15;  61;0.18; 110
30054;1979; 3; 1;20;  54;0.19; 103
30054;1979; 3; 2;20;  56;0.19; 106
30054;1979; 3; 1;25;  52;0.19;    
30054;1979; 3; 2;25;  60;0.19; 114
30054;1979; 3; 1;31;  55;0.20; 110
30054;1979; 3; 2;31;  59;0.19; 112
30054;1979; 4; 1; 5;  62;0.19; 118
30054;1979; 4; 2; 5;  58;0.19; 110
30054;1979; 4; 1;10;  59;0.20; 118
30054;1979; 4; 2;10;  59;0.20; 118
30054;1979; 4; 1;15;  48;0.20;  96
30054;1979; 4; 2;15;  55;0.19; 105
30054;1979; 4; 1;20;  40;0.23;  92
30054;1979; 4; 2;20;  53;0.20; 106
30054;1979; 4; 1;25;  34;0.24;  82
30054;1979; 4; 2;25;  51;0.24; 122
30054;1979; 4; 1;30;  16;0.22;  35
30054;1979;10; 1;10;   1;    ;    
30054;1979;10; 1;20;   7;0.15;  11
30054;1979;10; 2;20;  16;0.12;  19
30054;1979;10; 1;31;  15;0.15;  23
30054;1979;11; 1;10;  26;0.16;  42
30054;1979;11; 1;20;  29;0.16;  46
30054;1979;11; 2;20;  34;0.14;  48
30054;1979;11; 1;30;  39;0.17;  66
30054;1979;12; 1;10;  41;0.18;  74
30054;1979;12; 1;20;  45;0.19;  86
30054;1979;12; 2;20;  46;0.18;  83
30054;1979;12; 1;31;  48;0.20;  96
30054;1980; 1; 1;10;  58;0.22; 128
30054;1980; 1; 1;20;  64;0.22; 141
30054;1980; 1; 2;20;  58;0.20; 116
30054;1980; 1; 1;31;  67;0.23; 154
30054;1980; 1; 2;31;  60;0.20; 120
30054;1980; 2; 1;10;  65;0.24; 156
30054;1980; 2; 2;10;  60;0.20; 120
30054;1980; 2; 1;20;  65;0.24; 156
30054;1980; 2; 2;20;  63;0.21; 132
30054;1980; 2; 1;29;  64;0.25; 160
30054;1980; 2; 2;29;  72;0.22; 158
30054;1980; 3; 1;10;  65;0.25; 163
30054;1980; 3; 2;10;  75;0.23; 173
30054;1980; 3; 1;15;  64;0.25; 160
30054;1980; 3; 2;15;  71;0.23; 163
30054;1980; 3; 1;20;  66;0.25; 165
30054;1980; 3; 2;20;  71;0.23; 163
30054;1980; 3; 1;25;  65;0.25; 163
30054;1980; 3; 2;25;  71;0.24; 170
30054;1980; 3; 1;31;  61;0.25; 153
30054;1980; 3; 2;31;  72;0.23; 166
30054;1980; 4; 1; 5;  66;0.25; 165
30054;1980; 4; 2; 5;  71;0.23; 163
30054;1980; 4; 1;10;  63;0.26; 164
30054;1980; 4; 2;10;  72;0.23; 166
30054;1980; 4; 1;15;  57;0.26; 148
30054;1980; 4; 2;15;  70;0.24; 168
30054;1980; 4; 1;20;  53;0.27; 143
30054;1980; 4; 2;20;  67;0.24; 161
30054;1980; 4; 1;25;  37;0.25;  93
30054;1980; 4; 2;25;  58;0.21; 122
30054;1980; 4; 1;30;  14;0.34;  48
30054;1980; 5; 1; 5;   7;    ;    
30054;1980;10; 1;10;   2;    ;    
30054;1980;10; 1;20;   3;    ;    
30054;1980;10; 2;20;   3;    ;    
30054;1980;10; 1;31;  18;0.14;  25
30054;1980;11; 1;10;  22;0.21;  46
30054;1980;11; 1;20;  32;0.21;  67
30054;1980;11; 2;20;  37;0.14;  52
30054;1980;11; 1;30;  47;0.20;  94
30054;1980;12; 1;10;  42;0.21;  88
30054;1980;12; 1;20;  53;0.20; 106
30054;1980;12; 2;20;  48;0.20;  96
30054;1980;12; 1;31;  61;0.23; 140
30054;1981; 1; 1;10;  72;0.18; 130
30054;1981; 1; 1;20;  66;0.20; 132
30054;1981; 1; 2;20;  61;0.20; 122
30054;1981; 1; 1;31;  67;0.21; 141
30054;1981; 1; 2;31;  66;0.19; 125
30054;1981; 2; 1;10;  62;0.20; 124
30054;1981; 2; 2;10;  69;0.19; 131
30054;1981; 2; 1;20;  62;0.21; 130
30054;1981; 2; 2;20;  69;0.20; 138
30054;1981; 2; 1;28;  66;0.21; 139
30054;1981; 2; 2;28;  69;0.21; 145
30054;1981; 3; 1;10;  70;0.20; 140
30054;1981; 3; 2;10;  68;0.21; 143
30054;1981; 3; 1;15;  63;0.22; 139
30054;1981; 3; 2;15;  65;0.21; 137
30054;1981; 3; 1;20;  60;0.24; 144
30054;1981; 3; 2;20;  62;0.25; 155
30054;1981; 3; 1;25;  56;0.22; 123
30054;1981; 3; 2;25;  62;0.23; 143
30054;1981; 3; 1;31;  53;0.22; 117
30054;1981; 3; 2;31;  58;0.21; 122
30054;1981; 4; 1; 5;  36;0.30; 108
30054;1981; 4; 2; 5;  55;0.28; 154
30054;1981; 4; 1;10;  35;0.33; 116
30054;1981; 4; 2;10;  55;0.28; 154
30054;1981; 4; 1;15;  22;0.33;  73
30054;1981; 4; 2;15;  47;0.30; 141
30054;1981; 4; 2;20;  16;0.35;  56
30054;1981; 4; 2;25;   9;0.39;  35
30054;1981; 4; 2;30;   5;0.43;  22
30054;1981;10; 1;10;   8;0.33;  26
30054;1981;10; 1;31;   6;0.18;  11
30054;1981;11; 1;10;  17;0.14;  24
30054;1981;11; 1;20;  29;0.14;  41
30054;1981;11; 2;20;  31;0.14;  43
30054;1981;11; 1;30;  29;0.17;  49
30054;1981;12; 1;10;  45;0.16;  72
30054;1981;12; 1;20;  48;0.20;  96
30054;1981;12; 2;20;  52;0.17;  88
30054;1981;12; 1;31;  53;0.20; 106
30054;1982; 1; 1;10;  57;0.20; 114
30054;1982; 1; 1;20;  55;0.20; 110
30054;1982; 1; 2;20;  62;0.19; 118
30054;1982; 1; 1;31;  49;0.24; 118
30054;1982; 1; 2;31;  64;0.20; 128
30054;1982; 2; 1;10;  55;0.20; 110
30054;1982; 2; 2;10;  68;0.19; 129
30054;1982; 2; 1;20;  64;0.20; 128
30054;1982; 2; 2;20;  64;0.20; 128
30054;1982; 2; 1;28;  60;0.20; 120
30054;1982; 2; 2;28;  67;0.20; 134
30054;1982; 3; 1;10;  56;0.21; 118
30054;1982; 3; 2;10;  64;0.22; 141
30054;1982; 3; 1;15;  62;0.23; 143
30054;1982; 3; 2;15;  68;0.22; 150
30054;1982; 3; 1;20;  57;0.23; 131
30054;1982; 3; 2;20;  69;0.20; 138
30054;1982; 3; 1;25;  56;0.20; 112
30054;1982; 3; 2;25;  69;0.21; 145
30054;1982; 3; 1;31;  55;0.22; 121
30054;1982; 3; 2;31;  68;0.21; 143
30054;1982; 4; 1; 5;  47;0.26; 122
30054;1982; 4; 2; 5;  58;0.21; 122
30054;1982; 4; 1;10;  39;0.27; 105
30054;1982; 4; 2;10;  54;0.24; 130
30054;1982; 4; 1;15;  39;0.30; 117
30054;1982; 4; 2;15;  54;0.25; 135
30054;1982; 4; 1;20;  10;0.33;  33
30054;1982; 4; 2;20;  34;0.27;  92
30054;1982; 4; 2;25;  24;0.31;  74
30054;1982; 5; 1;10;   3;    ;    
30054;1982; 9; 1;30;   3;    ;    
30054;1982;10; 1;10;  10;0.27;  27
30054;1982;10; 1;20;  15;0.19;  29
30054;1982;10; 2;20;  17;0.11;  19
30054;1982;10; 1;31;  13;0.17;  22
30054;1982;11; 1;10;  29;0.15;  44
30054;1982;11; 1;20;  48;0.16;  77
30054;1982;11; 2;20;  47;0.14;  66
30054;1982;11; 1;30;  52;0.20; 104
30054;1982;12; 1;10;  54;0.17;  92
30054;1982;12; 1;20;  68;0.16; 109
30054;1982;12; 2;20;  66;0.16; 106
30054;1982;12; 1;31;  81;0.18; 146
30054;1983; 1; 1;10;  75;0.24; 180
30054;1983; 1; 1;20;  83;0.22; 183
30054;1983; 1; 2;20;  82;0.18; 148
30054;1983; 1; 1;31;  88;0.24; 211
30054;1983; 1; 2;31;  88;0.20; 176
30054;1983; 2; 1;10;  92;0.24; 221
30054;1983; 2; 2;10;  88;0.21; 185
30054;1983; 2; 1;20;  92;0.24; 221
30054;1983; 2; 2;20;  88;0.21; 185
30054;1983; 2; 1;28;  92;0.24; 221
30054;1983; 2; 2;28;  89;0.23; 205
30054;1983; 3; 1;10;  91;0.25; 228
30054;1983; 3; 2;10;  87;0.24; 209
30054;1983; 3; 1;15;  91;0.25; 228
30054;1983; 3; 2;15;  87;0.25; 218
30054;1983; 3; 1;20;  89;0.25; 223
30054;1983; 3; 2;20;  87;0.25; 218
30054;1983; 3; 1;25;  87;0.26; 226
30054;1983; 3; 2;25;  86;0.26; 224
30054;1983; 3; 1;31;  85;0.26; 221
30054;1983; 3; 2;31;  86;0.25; 215
30054;1983; 4; 1; 5;  85;0.25; 213
30054;1983; 4; 2; 5;  88;0.23; 202
30054;1983; 4; 1;10;  82;0.26; 213
30054;1983; 4; 2;10;  84;0.25; 210
30054;1983; 4; 1;15;  80;0.26; 208
30054;1983; 4; 2;15;  84;0.25; 210
30054;1983; 4; 1;20;  73;0.27; 197
30054;1983; 4; 2;20;  83;0.25; 208
30054;1983; 4; 1;25;  70;0.28; 196
30054;1983; 4; 2;25;  79;0.27; 213
30054;1983; 4; 1;30;  70;0.28; 196
30054;1983; 4; 2;30;  80;0.29; 232
30054;1983; 5; 1; 5;  51;0.35; 179
30054;1983; 5; 2; 5;  59;0.35; 207
30054;1983; 5; 1;10;  28;0.32;  90
30054;1983; 5; 2;10;  41;0.28; 115
30054;1983;10; 1;10;   2;    ;    
30054;1983;10; 1;20;  18;0.11;  20
30054;1983;10; 2;20;  11;0.12;  13
30054;1983;10; 1;31;  16;0.19;  30
30054;1983;11; 1;10;  16;0.20;  32
30054;1983;11; 1;20;  33;0.18;  59
30054;1983;11; 2;20;  23;0.18;  41
30054;1983;11; 1;30;  39;0.14;  55
30054;1983;12; 1;10;  45;0.19;  86
30054;1983;12; 1;20;  52;0.19;    
30054;1983;12; 2;20;  47;0.17;  80
30054;1983;12; 1;31;  55;0.20; 110
30054;1984; 1; 1;10;  51;0.17;  87
30054;1984; 1; 1;20;  55;0.18;    
30054;1984; 1; 2;20;  64;0.18; 115
30054;1984; 1; 1;31;  57;0.18; 103
30054;1984; 1; 2;31;  65;0.18; 117
30054;1984; 2; 1;10;  68;0.21; 143
30054;1984; 2; 2;10;  62;0.21; 130
30054;1984; 2; 1;20;  61;0.23; 140
30054;1984; 2; 2;20;  69;0.23; 159
30054;1984; 2; 1;29;  66;0.24; 158
30054;1984; 2; 2;29;  70;0.22; 154
30054;1984; 3; 1;10;  65;0.21; 137
30054;1984; 3; 2;10;  70;0.21; 147
30054;1984; 3; 1;15;  64;0.21; 134
30054;1984; 3; 2;15;  72;0.21; 151
30054;1984; 3; 1;20;  66;0.22; 145
30054;1984; 3; 2;20;  69;0.23; 159
30054;1984; 3; 1;25;  66;0.23; 152
30054;1984; 3; 2;25;  66;0.23; 152
30054;1984; 3; 1;31;  63;0.24; 151
30054;1984; 3; 2;31;  66;0.24; 158
30054;1984; 4; 1; 5;  62;0.23; 143
30054;1984; 4; 2; 5;  68;0.23; 156
30054;1984; 4; 1;10;  61;0.24; 146
30054;1984; 4; 2;10;  66;0.24; 158
30054;1984; 4; 1;15;  46;0.27; 124
30054;1984; 4; 2;15;  60;0.24; 144
30054;1984; 4; 1;20;  45;0.27; 122
30054;1984; 4; 2;20;  62;0.24; 149
30054;1984; 4; 1;25;  28;0.35;  98
30054;1984; 4; 2;25;  52;0.35; 182
30054;1984; 4; 1;30;  28;0.35;  98
30054;1984; 4; 2;30;  50;0.34; 170
30054;1984;10; 1;10;   4;0.16;   6
30054;1984;10; 1;20;  12;0.11;  13
30054;1984;10; 2;20;   6;0.13;   8
30054;1984;10; 1;31;  22;0.14;  31
30054;1984;11; 1;10;  26;0.16;  42
30054;1984;11; 1;20;  26;0.16;  42
30054;1984;11; 2;20;  27;0.16;  43
30054;1984;11; 1;30;  34;0.16;  54
30054;1984;12; 1;10;  36;0.19;  68
30054;1984;12; 1;20;  37;0.19;  70
30054;1984;12; 2;20;  32;0.18;  58
30054;1984;12; 1;31;  40;0.20;  80
30054;1985; 1; 1;10;  43;0.22;  95
30054;1985; 1; 1;20;  61;0.23; 140
30054;1985; 1; 2;20;  63;0.21; 132
30054;1985; 1; 1;31;  57;0.23; 131
30054;1985; 1; 2;31;  63;0.21; 132
30054;1985; 2; 1;10;  62;0.22; 136
30054;1985; 2; 2;10;  65;0.21; 137
30054;1985; 2; 1;20;  64;0.22; 141
30054;1985; 2; 2;20;  68;0.21; 143
30054;1985; 2; 1;28;  59;0.22; 130
30054;1985; 2; 2;28;  66;0.21; 139
30054;1985; 3; 1;10;  67;0.23; 154
30054;1985; 3; 2;10;  68;0.22; 150
30054;1985; 3; 1;15;  51;0.24; 122
30054;1985; 3; 2;15;  70;0.21; 147
30054;1985; 3; 1;20;  57;0.23; 131
30054;1985; 3; 2;20;  70;0.23; 161
30054;1985; 3; 1;25;  55;0.24; 132
30054;1985; 3; 2;25;  70;0.22; 154
30054;1985; 3; 1;31;  52;0.24; 125
30054;1985; 3; 2;31;  70;0.23; 161
30054;1985; 4; 1; 5;  51;0.24; 122
30054;1985; 4; 2; 5;  71;0.25; 178
30054;1985; 4; 1;10;  56;0.26; 146
30054;1985; 4; 2;10;  73;0.25; 183
30054;1985; 4; 1;15;  44;0.26; 114
30054;1985; 4; 2;15;  67;0.26; 174
30054;1985; 4; 1;20;  27;0.31;  84
30054;1985; 4; 1;30;   5;    ;    
30054;1985; 9; 1;20;   3;    ;    
30054;1985; 9; 2;20;   1;    ;    
30054;1985;10; 1;20;  12;0.12;  14
30054;1985;10; 2;20;   8;0.12;  10
30054;1985;10; 1;31;  18;0.17;  31
30054;1985;11; 1;10;  33;0.16;  53
30054;1985;11; 1;20;  36;0.18;  65
30054;1985;11; 2;20;  16;0.17;  27
30054;1985;11; 1;30;  28;0.21;  59
30054;1985;12; 1;10;  33;0.21;  69
30054;1985;12; 1;20;  44;0.18;  79
30054;1985;12; 2;20;  37;0.20;  74
30054;1985;12; 1;31;  63;0.18; 113
30054;1986; 1; 1;10;  51;0.19;  97
30054;1986; 1; 1;20;  63;0.20; 126
30054;1986; 1; 2;20;  56;0.19; 106
30054;1986; 1; 1;31;  65;0.20; 130
30054;1986; 1; 2;31;  60;0.20; 120
30054;1986; 2; 1;10;  59;0.22; 130
30054;1986; 2; 2;10;  60;0.21; 126
30054;1986; 2; 1;20;  66;0.22; 145
30054;1986; 2; 2;20;  60;0.21; 126
30054;1986; 2; 1;28;  63;0.23; 145
30054;1986; 2; 2;28;  62;0.21; 130
30054;1986; 3; 1;10;  55;0.21; 116
30054;1986; 3; 2;10;  63;0.21; 132
30054;1986; 3; 1;15;  54;0.22; 119
30054;1986; 3; 2;15;  63;0.21; 132
30054;1986; 3; 1;20;  55;0.23; 127
30054;1986; 3; 2;20;  66;0.22; 145
30054;1986; 3; 1;25;  56;0.23; 129
30054;1986; 3; 2;25;  66;0.22; 145
30054;1986; 3; 1;31;  54;0.21; 113
30054;1986; 3; 2;31;  66;0.21; 139
30054;1986; 4; 1; 5;  60;0.22; 132
30054;1986; 4; 2; 5;  63;0.21; 132
30054;1986; 4; 1;10;  55;0.23; 127
30054;1986; 4; 2;10;  61;0.22; 134
30054;1986; 4; 1;15;  55;0.24; 132
30054;1986; 4; 2;15;  63;0.23; 145
30054;1986; 4; 1;20;  53;0.25; 133
30054;1986; 4; 2;20;  63;0.24; 151
30054;1986; 4; 1;25;  48;0.25; 120
30054;1986; 4; 2;25;  61;0.25; 153
30054;1986; 4; 1;30;  14;0.28;  39
30054;1986;10; 1;20;   7;0.12;   8
30054;1986;10; 2;20;   4;0.12;   5
30054;1986;10; 1;31;  19;0.19;  36
30054;1986;11; 1;10;  29;0.15;  44
30054;1986;11; 1;20;  37;0.15;  56
30054;1986;11; 2;20;  33;0.16;  53
30054;1986;11; 1;30;  49;0.08;  39
30054;1986;12; 1;10;  42;0.20;  84
30054;1986;12; 1;20;  51;0.21; 107
30054;1986;12; 2;20;  35;0.20;  70
30054;1986;12; 1;31;  52;0.22; 114
30054;1987; 1; 1;10;  53;0.23; 122
30054;1987; 1; 1;20;  54;0.24; 130
30054;1987; 1; 2;20;  57;0.23; 131
30054;1987; 1; 1;31;  55;0.24; 132
30054;1987; 1; 2;31;  64;0.20; 128
30054;1987; 2; 1;10;  63;0.25; 158
30054;1987; 2; 2;10;  61;0.24; 146
30054;1987; 2; 1;20;  64;0.24; 154
30054;1987; 2; 2;20;  64;0.24; 154
30054;1987; 2; 1;28;  63;0.23; 145
30054;1987; 2; 2;28;  69;0.25; 173
30054;1987; 3; 1;10;  75;0.25; 188
30054;1987; 3; 2;10;  65;0.24; 156
30054;1987; 3; 1;15;  75;0.25; 188
30054;1987; 3; 2;15;  66;0.24; 158
30054;1987; 3; 1;20;  74;0.26; 192
30054;1987; 3; 2;20;  66;0.24; 158
30054;1987; 3; 1;25;  54;0.23; 124
30054;1987; 3; 2;25;  65;0.25; 163
30054;1987; 3; 1;31;  58;0.26; 151
30054;1987; 3; 2;31;  67;0.25; 168
30054;1987; 4; 1; 5;  58;0.26; 151
30054;1987; 4; 2; 5;  64;0.26; 166
30054;1987; 4; 1;10;  56;0.25; 140
30054;1987; 4; 2;10;  65;0.26; 169
30054;1987; 4; 1;15;  51;0.32; 163
30054;1987; 4; 2;15;  60;0.28; 168
30054;1987; 4; 1;20;  31;0.33; 102
30054;1987; 4; 1;25;  27;0.43; 116
30054;1987;10; 1;10;   3;    ;    
30054;1987;10; 1;20;  12;0.17;  20
30054;1987;10; 2;20;   9;0.14;  13
30054;1987;10; 1;31;  16;0.17;  27
30054;1987;11; 1;10;  16;0.19;  30
30054;1987;11; 1;20;  28;0.19;  53
30054;1987;11; 2;20;  24;0.16;  38
30054;1987;11; 1;30;  27;0.19;  51
30054;1987;12; 1;10;  28;0.19;  53
30054;1987;12; 1;20;  40;0.19;  76
30054;1987;12; 2;20;  47;0.16;  75
30054;1987;12; 1;31;  41;0.19;  78
30054;1988; 1; 1;10;  47;0.19;  89
30054;1988; 1; 1;20;  66;0.20; 132
30054;1988; 1; 2;20;  60;0.16;  96
30054;1988; 1; 1;31;  63;0.22; 139
30054;1988; 1; 2;31;  62;0.19; 118
30054;1988; 2; 1;10;  54;0.23; 124
30054;1988; 2; 2;10;  62;0.21; 130
30054;1988; 2; 1;20;  56;0.23; 129
30054;1988; 2; 2;20;  63;0.21; 132
30054;1988; 2; 1;29;  63;0.23; 145
30054;1988; 2; 2;29;  66;0.22; 145
30054;1988; 3; 1;10;  56;0.26; 146
30054;1988; 3; 2;10;  65;0.21; 137
30054;1988; 3; 1;15;  58;0.26; 151
30054;1988; 3; 2;15;  66;0.23; 152
30054;1988; 3; 1;20;  59;0.26; 153
30054;1988; 3; 2;20;  66;0.23; 152
30054;1988; 3; 1;25;  62;0.27; 167
30054;1988; 3; 2;25;  66;0.23; 152
30054;1988; 3; 1;31;  64;0.27; 173
30054;1988; 3; 2;31;  67;0.24; 161
30054;1988; 4; 1; 5;  52;0.27; 140
30054;1988; 4; 2; 5;  66;0.27; 178
30054;1988; 4; 1;10;  32;0.28;  90
30054;1988; 4; 2;10;  54;0.27; 146
30054;1988; 4; 1;15;  14;0.29;  41
30054;1988;10; 1;31;   3;0.17;   5
30054;1988;11; 1;10;  10;0.19;  19
30054;1988;11; 1;20;  19;0.19;  36
30054;1988;11; 2;20;  18;0.14;  25
30054;1988;11; 1;30;  23;0.19;  44
30054;1988;12; 1;10;  30;0.19;  57
30054;1988;12; 1;20;  35;0.20;  70
30054;1988;12; 2;20;  29;0.16;  46
30054;1988;12; 1;31;  33;0.20;  66
30054;1989; 1; 1;10;  40;0.21;  84
30054;1989; 1; 1;20;  45;0.21;  95
30054;1989; 1; 2;20;  41;0.20;  82
30054;1989; 1; 1;31;  51;0.21; 107
30054;1989; 1; 2;31;  45;0.21;  95
30054;1989; 2; 1;10;  55;0.22; 121
30054;1989; 2; 2;10;  47;0.21;  99
30054;1989; 2; 1;20;  63;0.26; 164
30054;1989; 2; 2;20;  53;0.23; 122
30054;1989; 2; 1;28;  71;0.26; 185
30054;1989; 2; 2;28;  56;0.23; 129
30054;1989; 3; 1;10;  77;0.27; 208
30054;1989; 3; 2;10;  58;0.23; 133
30054;1989; 3; 1;15;  77;0.27; 208
30054;1989; 3; 2;15;  60;0.24; 144
30054;1989; 3; 1;20;  66;0.27; 178
30054;1989; 3; 2;20;  62;0.25; 155
30054;1989; 3; 1;25;  63;0.29; 183
30054;1989; 3; 2;25;  61;0.26; 159
30054;1989; 3; 1;31;  48;0.30; 144
30054;1989; 3; 2;31;  54;0.26; 140
30054;1989; 4; 1; 5;  45;0.30; 135
30054;1989; 4; 2; 5;  51;0.26; 133
30054;1989; 4; 1;10;  45;0.32; 144
30054;1989; 4; 2;10;  43;0.30; 129
30054;1989; 4; 1;15;  39;0.34; 133
30054;1989; 4; 2;15;  46;0.30; 138
30054;1989; 4; 1;20;  35;0.34; 119
30054;1989; 4; 2;20;  45;0.30; 135
30054;1989; 4; 1;25;  28;0.35;  98
30054;1989; 4; 2;25;  40;0.32; 128
30054;1989;10; 1;20;   8;0.08;   6
30054;1989;10; 2;20;   6;0.05;   3
30054;1989;10; 1;31;  26;0.17;  44
30054;1989;11; 1;10;  27;0.16;  43
30054;1989;11; 1;20;  34;0.16;  54
30054;1989;11; 2;20;  30;0.16;  48
30054;1989;11; 1;30;  37;0.16;  59
30054;1989;12; 1;10;  44;0.16;  70
30054;1989;12; 1;20;  66;0.18; 119
30054;1989;12; 2;20;  54;0.16;  86
30054;1989;12; 1;31;  68;0.19; 129
30054;1990; 1; 1;10;  63;0.20; 126
30054;1990; 1; 1;20;  63;0.20; 126
30054;1990; 1; 2;20;  63;0.18; 113
30054;1990; 1; 1;31;  68;0.20; 136
30054;1990; 1; 2;31;  69;0.18; 124
30054;1990; 2; 1;10;  65;0.20; 130
30054;1990; 2; 2;10;  68;0.18; 122
30054;1990; 2; 1;20;  69;0.21; 145
30054;1990; 2; 2;20;  73;0.19; 139
30054;1990; 2; 1;28;  66;0.21; 139
30054;1990; 2; 2;28;  72;0.20; 144
30054;1990; 3; 1;10;  60;0.21; 126
30054;1990; 3; 2;10;  68;0.20; 136
30054;1990; 3; 1;20;  57;0.22; 125
30054;1990; 3; 2;20;  65;0.21; 137
30054;1990; 3; 1;25;  54;0.23; 124
30054;1990; 3; 2;25;  63;0.22; 139
30054;1990; 3; 1;31;  37;0.26;  96
30054;1990; 3; 2;31;  45;0.27; 122
30054;1990; 4; 1; 5;  29;0.27;  78
30054;1990; 4; 2; 5;  42;0.27; 113
30054;1990; 4; 1;10;  28;0.27;  76
30054;1990; 4; 2;10;  47;0.27; 127
30054;1990; 4; 1;15;  25;0.28;  70
30054;1990; 4; 2;15;  44;0.27; 119
30054;1990; 4; 1;20;  12;0.30;  36
30054;1990; 4; 2;20;  42;0.30; 126
30054;1990; 4; 1;25;   8;0.30;  24
30054;1990; 4; 2;25;  41;0.30; 123
30054;1990;10; 1;31;   5;0.19;  10
30054;1990;11; 1;10;  15;0.09;  14
30054;1990;11; 1;20;  29;0.15;  44
30054;1990;11; 2;20;  23;0.14;  32
30054;1990;11; 1;30;  39;0.16;  62
30054;1990;12; 1;10;  36;0.22;  79
30054;1990;12; 1;20;  39;0.22;  86
30054;1990;12; 2;20;  41;0.20;  82
30054;1990;12; 1;31;  42;0.21;  88
30054;1991; 1; 1;10;  43;0.22;  95
30054;1991; 1; 1;20;  44;0.22;  97
30054;1991; 1; 2;20;  49;0.20;  98
30054;1991; 1; 1;31;  38;0.24;  91
30054;1991; 1; 2;31;  50;0.20; 100
30054;1991; 2; 1;10;  48;0.21; 101
30054;1991; 2; 2;10;  52;0.20; 104
30054;1991; 2; 1;20;  48;0.21; 101
30054;1991; 2; 2;20;  53;0.20; 106
30054;1991; 2; 1;28;  57;0.23; 131
30054;1991; 2; 2;28;  59;0.22; 130
30054;1991; 3; 1;10;  60;0.23; 138
30054;1991; 3; 2;10;  61;0.22; 134
30054;1991; 3; 1;15;  59;0.23; 136
30054;1991; 3; 2;15;  59;0.23; 136
30054;1991; 3; 1;20;  60;0.23; 138
30054;1991; 3; 2;20;  59;0.21; 124
30054;1991; 3; 1;25;  59;0.23; 136
30054;1991; 3; 2;25;  59;0.22; 130
30054;1991; 3; 1;31;  60;0.24; 144
30054;1991; 3; 2;31;  58;0.23; 133
30054;1991; 4; 1; 5;  47;0.26; 122
30054;1991; 4; 2; 5;  51;0.24; 122
30054;1991; 4; 1;10;  29;0.31;  90
30054;1991; 4; 2;10;  49;0.25; 123
30054;1991; 4; 1;15;  27;0.32;  86
30054;1991; 4; 1;20;  18;0.43;  77
30054;1991;10; 1;20;   5;0.16;   8
30054;1991;10; 2;20;   6;0.15;   9
30054;1991;10; 1;31;   9;0.17;  15
30054;1991;11; 1;10;  13;0.18;  23
30054;1991;11; 1;20;  38;0.18;  68
30054;1991;11; 2;20;  36;0.17;  61
30054;1991;11; 1;30;  45;0.18;  81
30054;1991;12; 1;10;  44;0.18;  79
30054;1991;12; 1;20;  47;0.18;  85
30054;1991;12; 2;20;  49;0.18;  88
30054;1991;12; 1;31;  48;0.18;  86
30054;1992; 1; 1;10;  65;0.18; 117
30054;1992; 1; 1;20;  69;0.18; 124
30054;1992; 1; 2;20;  63;0.20; 126
30054;1992; 1; 1;31;  68;0.20; 136
30054;1992; 1; 2;31;  63;0.20; 126
30054;1992; 2; 1;10;  77;0.20; 154
30054;1992; 2; 2;10;  71;0.20; 142
30054;1992; 2; 1;20;  80;0.20; 160
30054;1992; 2; 2;20;  76;0.20; 152
30054;1992; 2; 1;29;  73;0.21; 153
30054;1992; 2; 2;29;  77;0.21; 162
30054;1992; 3; 1;10;  92;0.23; 212
30054;1992; 3; 2;10;  86;0.22; 189
30054;1992; 3; 1;15;  93;0.23; 214
30054;1992; 3; 2;15;  87;0.23; 200
30054;1992; 3; 1;20;  86;0.26; 224
30054;1992; 3; 2;20;  85;0.24; 204
30054;1992; 3; 1;25;  82;0.26; 213
30054;1992; 3; 2;25;  84;0.27; 227
30054;1992; 3; 1;31;  75;0.27; 203
30054;1992; 3; 2;31;  84;0.27; 227
30054;1992; 4; 1; 5;  72;0.27; 194
30054;1992; 4; 2; 5;  78;0.27; 211
30054;1992; 4; 1;10;  69;0.28; 193
30054;1992; 4; 2;10;  77;0.27; 208
30054;1992; 4; 1;15;  66;0.28; 185
30054;1992; 4; 2;15;  75;0.28; 210
30054;1992; 4; 1;20;  65;0.28; 182
30054;1992; 4; 1;25;  60;0.29; 174
30054;1992; 4; 1;30;  40;0.30; 120
30054;1992; 5; 1; 5;  17;0.30;  51
30054;1992;11; 1;10;  13;0.12;  16
30054;1992;11; 1;20;  22;0.13;  29
30054;1992;11; 2;20;  19;0.12;  23
30054;1992;11; 1;30;  31;0.13;  40
30054;1992;12; 1;10;  31;0.13;  40
30054;1992;12; 1;20;  32;0.16;  51
30054;1992;12; 2;20;  21;0.14;  29
30054;1992;12; 1;31;  38;0.17;  65
30054;1993; 1; 1;10;  45;0.17;  77
30054;1993; 1; 1;20;  47;0.18;  85
30054;1993; 1; 2;20;  43;0.18;  77
30054;1993; 1; 1;31;  57;0.19; 108
30054;1993; 1; 2;31;  56;0.18; 101
30054;1993; 2; 1;10;  63;0.20; 126
30054;1993; 2; 2;10;  58;0.19; 110
30054;1993; 2; 1;20;  65;0.20; 130
30054;1993; 2; 2;20;  59;0.21; 124
30054;1993; 2; 1;28;  68;0.22; 150
30054;1993; 2; 2;28;  60;0.20; 120
30054;1993; 3; 1;10;  65;0.23; 150
30054;1993; 3; 2;10;  59;0.21; 124
30054;1993; 3; 1;15;  62;0.25; 155
30054;1993; 3; 2;15;  60;0.21; 126
30054;1993; 3; 1;20;  60;0.25; 150
30054;1993; 3; 2;20;  60;0.22; 132
30054;1993; 3; 1;25;  58;0.26; 151
30054;1993; 3; 2;25;  59;0.23; 136
30054;1993; 3; 1;31;  49;0.24; 118
30054;1993; 3; 2;31;  57;0.23; 131
30054;1993; 4; 1; 5;  52;0.25; 130
30054;1993; 4; 2; 5;  58;0.24; 139
30054;1993; 4; 1;10;  51;0.28; 143
30054;1993; 4; 2;10;  56;0.29; 162
30054;1993; 4; 1;15;  42;0.30; 126
30054;1993; 4; 1;20;  33;0.32; 106
30054;1993;10; 1;20;   3;    ;    
30054;1993;10; 2;20;   2;    ;    
30054;1993;10; 1;31;   4;    ;    
30054;1993;11; 1;10;   9;0.09;   8
30054;1993;11; 1;20;  19;0.12;  23
30054;1993;11; 2;20;   8;0.09;   7
30054;1993;11; 1;30;  24;0.16;  38
30054;1993;12; 1;10;  34;0.17;  58
30054;1993;12; 1;20;  40;0.17;  68
30054;1993;12; 2;20;  42;0.16;  67
30054;1993;12; 1;31;  53;0.17;  90
30054;1994; 1; 1;10;  56;0.17;  95
30054;1994; 1; 1;20;  60;0.19; 114
30054;1994; 1; 2;20;  55;0.17;  94
30054;1994; 1; 1;31;  60;0.19; 114
30054;1994; 1; 2;31;  60;0.17; 102
30054;1994; 2; 1;10;  69;0.20; 138
30054;1994; 2; 2;10;  70;0.18; 126
30054;1994; 2; 1;20;  70;0.18; 126
30054;1994; 2; 2;20;  64;0.20; 128
30054;1994; 2; 1;28;  67;0.21; 141
30054;1994; 2; 2;28;  63;0.21; 132
30054;1994; 3; 1;10;  63;0.22; 139
30054;1994; 3; 2;10;  64;0.21; 134
30054;1994; 3; 1;15;  61;0.23; 140
30054;1994; 3; 2;15;  63;0.20; 126
30054;1994; 3; 1;20;  62;0.23; 143
30054;1994; 3; 2;20;  66;0.20; 132
30054;1994; 3; 1;25;  62;0.23; 143
30054;1994; 3; 2;25;  67;0.20; 134
30054;1994; 3; 1;31;  72;0.24; 173
30054;1994; 3; 2;31;  66;0.21; 139
30054;1994; 4; 1; 5;  72;0.24; 173
30054;1994; 4; 2; 5;  66;0.21; 139
30054;1994; 4; 1;10;  69;0.25; 173
30054;1994; 4; 2;10;  67;0.22; 147
30054;1994; 4; 1;15;  69;0.25; 173
30054;1994; 4; 2;15;  66;0.23; 152
30054;1994; 4; 1;20;  69;0.25; 173
30054;1994; 4; 2;20;  66;0.23; 152
30054;1994; 4; 1;25;  63;0.28; 176
30054;1994; 4; 2;25;  62;0.26; 161
30054;1994; 4; 1;30;  49;0.30; 147
30054;1994;10; 1;31;  11;0.12;  13
30054;1994;11; 1;10;  19;0.13;  25
30054;1994;11; 1;20;  26;0.13;  34
30054;1994;11; 2;20;  26;0.13;  34
30054;1994;11; 1;30;  34;0.13;  44
30054;1994;12; 1;10;  30;0.16;  48
30054;1994;12; 1;20;  39;0.14;  55
30054;1994;12; 2;20;  33;0.15;  50
30054;1994;12; 1;31;  48;0.15;  72
30054;1995; 1; 1;10;  56;0.19; 106
30054;1995; 1; 1;20;  61;0.21; 128
30054;1995; 1; 2;20;  62;0.20; 124
30054;1995; 1; 1;31;  70;0.20; 140
30054;1995; 1; 2;31;  66;0.20; 132
30054;1995; 2; 1;10;  73;0.21; 153
30054;1995; 2; 2;10;  69;0.20; 138
30054;1995; 2; 1;20;  72;0.21; 151
30054;1995; 2; 2;20;  71;0.21; 149
30054;1995; 2; 1;28;  71;0.22; 156
30054;1995; 2; 2;28;  72;0.21; 151
30054;1995; 3; 1;10;  77;0.22; 169
30054;1995; 3; 2;10;  76;0.22; 167
30054;1995; 3; 1;15;  73;0.24; 175
30054;1995; 3; 2;15;  74;0.23; 170
30054;1995; 3; 1;20;  73;0.24; 175
30054;1995; 3; 2;20;  75;0.23; 173
30054;1995; 3; 1;25;  73;0.24; 175
30054;1995; 3; 2;25;  75;0.23; 173
30054;1995; 3; 1;31;  72;0.24; 173
30054;1995; 3; 2;31;  73;0.24; 175
30054;1995; 4; 1; 5;  67;0.26; 174
30054;1995; 4; 2; 5;  69;0.24; 166
30054;1995; 4; 1;10;  70;0.26; 182
30054;1995; 4; 2;10;  69;0.26; 179
30054;1995; 4; 1;15;  68;0.26; 177
30054;1995; 4; 2;15;  60;0.26; 156
30054;1995; 4; 1;20;  57;0.27; 154
30054;1995; 4; 2;20;  60;0.26; 156
30054;1995; 4; 1;25;  51;0.30; 153
30054;1995; 4; 2;25;  58;0.28; 162
30054;1995; 4; 1;30;  48;0.32; 154
30054;1995; 5; 1; 5;  32;0.38; 122
30054;1995;10; 1;31;   5;0.16;   8
30054;1995;11; 1;10;  16;0.17;  27
30054;1995;11; 1;20;  33;0.18;  59
30054;1995;11; 2;20;  27;0.13;  35
30054;1995;11; 1;30;  43;0.18;  77
30054;1995;12; 1;10;  44;0.18;  79
30054;1995;12; 1;20;  50;0.18;  90
30054;1995;12; 2;20;  47;0.13;  61
30054;1995;12; 1;31;  52;0.19;  99
30054;1996; 1; 1;10;  52;0.19;  99
30054;1996; 1; 1;20;  53;0.19; 101
30054;1996; 1; 2;20;  57;0.14;  80
30054;1996; 1; 1;31;  57;0.20; 114
30054;1996; 1; 2;31;  57;0.19; 108
30054;1996; 2; 1;10;  60;0.20; 120
30054;1996; 2; 2;10;  60;0.20; 120
30054;1996; 2; 1;20;  61;0.20; 122
30054;1996; 2; 2;20;  60;0.20; 120
30054;1996; 2; 1;29;  61;0.20; 122
30054;1996; 2; 2;29;  61;0.20; 122
30054;1996; 3; 1;10;  76;0.21; 160
30054;1996; 3; 2;10;  69;0.19; 131
30054;1996; 3; 1;20;  80;0.21; 168
30054;1996; 3; 2;20;  69;0.20; 138
30054;1996; 3; 1;31;  76;0.22; 167
30054;1996; 3; 2;31;  66;0.21; 139
30054;1996; 4; 1; 5;  74;0.23; 170
30054;1996; 4; 2; 5;  64;0.22; 141
30054;1996; 4; 1;10;  69;0.23; 159
30054;1996; 4; 2;10;  65;0.23; 150
30054;1996; 4; 1;15;  64;0.23; 147
30054;1996; 4; 2;15;  61;0.23; 140
30054;1996; 4; 1;20;  61;0.23; 140
30054;1996; 4; 2;20;  58;0.23; 133
30054;1996; 4; 1;25;  47;0.24; 113
30054;1996; 4; 2;25;  60;0.24; 144
30054;1996; 4; 1;30;  44;0.26; 114
30054;1996; 4; 2;30;  56;0.26; 146
30054;1996; 5; 1; 5;  15;0.29;  44
30054;1996;10; 1;31;  13;0.12;  16
30054;1996;11; 1;10;  16;0.13;  21
30054;1996;11; 1;20;  31;0.13;  40
30054;1996;11; 2;20;  29;0.13;  38
30054;1996;11; 1;30;  33;0.14;  46
30054;1996;12; 1;10;  41;0.14;  57
30054;1996;12; 1;20;  43;0.14;  60
30054;1996;12; 2;20;  39;0.14;  55
30054;1996;12; 1;31;  53;0.14;  74
30054;1997; 1; 1;10;  58;0.15;  87
30054;1997; 1; 2;20;  59;0.15;  89
30054;1997; 1; 3;20;  58;0.16;  93
30054;1997; 1; 3;31;  57;0.18; 103
30054;1997; 2; 1;10;  62;0.19; 118
30054;1997; 2; 2;10;  57;0.18; 103
30054;1997; 2; 3;20;  59;0.19; 112
30054;1997; 2; 3;28;  59;0.21; 124
30054;1997; 3; 1;10;  69;0.21; 145
30054;1997; 3; 2;10;  67;0.19; 127
30054;1997; 3; 3;20;  63;0.20; 126
30054;1997; 3; 3;31;  62;0.21; 130
30054;1997; 4; 1; 5;  56;0.25; 140
30054;1997; 4; 2; 5;  57;0.24; 137
30054;1997; 4; 3;10;  49;0.25; 123
30054;1997; 4; 3;15;   3;0.32;  10
30054;1997;10; 1;10;   2;    ;    
30054;1997;10; 2;20;  13;0.08;  10
30054;1997;10; 3;20;  16;0.10;  16
30054;1997;10; 3;31;  17;0.16;  27
30054;1997;11; 1;10;  19;0.15;  29
30054;1997;11; 2;20;  33;0.17;  56
30054;1997;11; 3;20;  27;0.17;  46
30054;1997;11; 3;30;  35;0.18;  63
30054;1997;12; 1;10;  37;0.22;  81
30054;1997;12; 2;20;  45;0.20;  90
30054;1997;12; 3;20;  51;0.20; 102
30054;1997;12; 3;31;  51;0.21; 107
30054;1998; 1; 1;10;  53;0.21; 111
30054;1998; 1; 2;20;  49;0.20;  98
30054;1998; 1; 3;20;  55;0.21; 116
30054;1998; 1; 3;31;  57;0.21; 120
30054;1998; 2; 1;10;  68;0.22; 150
30054;1998; 2; 2;10;  63;0.21; 132
30054;1998; 2; 3;20;  65;0.22; 143
30054;1998; 2; 3;28;  64;0.22; 141
30054;1998; 3; 1;10;  63;0.25; 158
30054;1998; 3; 2;10;  55;0.26; 143
30054;1998; 3; 3;20;  53;0.27; 143
30054;1998; 3; 3;31;  53;0.27; 143
30054;1998; 4; 1;10;  48;0.25; 120
30054;1998; 4; 2;10;  46;0.24; 110
30054;1998; 4; 3;20;  40;0.26; 104
30054;1998; 4; 3;25;  28;0.30;  84
30054;1998; 4; 3;30;  21;0.36;  76
30054;1998;10; 1;10;   8;0.09;   7
30054;1998;10; 2;20;   4;0.08;   3
30054;1998;10; 3;20;   4;0.08;   3
30054;1998;10; 3;31;   5;0.09;   5
30054;1998;11; 1;10;   7;0.12;   8
30054;1998;11; 2;20;  15;0.12;  18
30054;1998;11; 3;20;  13;0.13;  17
30054;1998;11; 3;30;  15;0.14;  21
30054;1998;12; 1;10;  16;0.13;  21
30054;1998;12; 2;20;  39;0.12;  47
30054;1998;12; 3;20;  41;0.13;  53
30054;1998;12; 3;30;  45;0.14;  63
30054;1999; 1; 1;10;  49;0.14;  69
30054;1999; 1; 2;20;  47;0.14;  66
30054;1999; 1; 3;20;  50;0.15;  75
30054;1999; 1; 3;31;  53;0.16;  85
30054;1999; 2; 1;10;  68;0.17; 116
30054;1999; 2; 2;10;  63;0.17; 107
30054;1999; 2; 3;20;  66;0.18; 119
30054;1999; 2; 3;28;  67;0.19; 127
30054;1999; 3; 1;10;  72;0.21; 151
30054;1999; 3; 2;10;  70;0.19; 133
30054;1999; 3; 3;20;  69;0.20; 138
30054;1999; 3; 3;31;  68;0.21; 143
30054;1999; 4; 1;10;  54;0.25; 135
30054;1999; 4; 2;10;  55;0.24; 132
30054;1999; 4; 3;20;  46;0.25; 115
30054;1999; 4; 3;25;  40;0.31; 124
30054;1999; 4; 3;30;  15;0.38;  57
30054;1999;10; 1;20;   5;0.07;   4
30054;1999;10; 2;20;   8;0.05;   4
30054;1999;10; 3;31;  12;0.08;  10
30054;1999;11; 1;10;  31;0.12;  37
30054;1999;11; 2;20;  37;0.13;  48
30054;1999;11; 3;20;  35;0.14;  49
30054;1999;11; 3;30;  42;0.14;  59
30054;1999;12; 1;10;  54;0.17;  92
30054;1999;12; 2;20;  49;0.17;  83
30054;1999;12; 3;20;  58;0.17;  99
30054;1999;12; 3;30;  63;0.17; 107
30054;2000; 1; 1;10;  61;0.18; 110
30054;2000; 1; 2;20;  56;0.18; 101
30054;2000; 1; 3;20;  61;0.19; 116
30054;2000; 1; 3;31;  59;0.19; 112
30054;2000; 2; 1;10;  65;0.19; 124
30054;2000; 2; 2;10;  68;0.19; 129
30054;2000; 2; 3;20;  62;0.19; 118
30054;2000; 2; 3;29;  74;0.20; 148
30054;2000; 3; 1;10;  78;0.21; 164
30054;2000; 3; 2;10;  67;0.21; 141
30054;2000; 3; 3;20;  67;0.22; 147
30054;2000; 3; 3;31;  70;0.23; 161
30054;2000; 4; 1;10;  74;0.24; 178
30054;2000; 4; 2;10;  69;0.23; 159
30054;2000; 4; 3;20;  64;0.25; 160
30054;2000; 4; 3;25;  20;0.30;  60
30054;2000;10; 1;20;  12;0.09;  11
30054;2000;10; 2;20;  12;0.11;  13
30054;2000;10; 3;31;  39;0.12;  47
30054;2000;11; 1;10;  34;0.12;  41
30054;2000;11; 2;20;  37;0.17;  63
30054;2000;11; 3;20;  36;0.17;  61
30054;2000;11; 3;30;  41;0.17;  70
30054;2000;12; 1;10;  41;0.17;  70
30054;2000;12; 2;20;  44;0.17;  75
30054;2000;12; 3;20;  46;0.17;  78
30054;2000;12; 3;30;  47;0.17;  80
30054;2001; 1; 1;10;  47;0.18;  85
30054;2001; 1; 2;20;  43;0.19;  82
30054;2001; 1; 3;20;  51;0.19;  97
30054;2001; 1; 3;31;  46;0.19;  87
30054;2001; 2; 1;10;  54;0.20; 108
30054;2001; 2; 2;10;  49;0.19;  93
30054;2001; 2; 3;20;  57;0.19; 108
30054;2001; 2; 3;28;  60;0.20; 120
30054;2001; 3; 1;10;  66;0.23; 152
30054;2001; 3; 2;10;  61;0.21; 128
30054;2001; 3; 3;20;  66;0.21; 139
30054;2001; 3; 3;31;  60;0.22; 132
30054;2001; 4; 1;10;  50;0.26; 130
30054;2001; 4; 2;10;  56;0.24; 134
30054;2001; 4; 3;15;  55;0.26; 143
30054;2001; 4; 3;20;  54;0.26; 140
30054;2001; 4; 3;25;  46;0.27; 124
30054;2001; 4; 3;30;  15;0.28;  42
30054;2001; 5; 1; 5;   8;0.30;  24
30054;2001;10; 1;20;   9;0.10;   9
30054;2001;10; 2;20;   4;0.10;   4
30054;2001;10; 3;31;  13;0.11;  14
30054;2001;11; 1;10;  24;0.14;  34
30054;2001;11; 2;20;  27;0.18;  49
30054;2001;11; 3;20;  26;0.20;  52
30054;2001;11; 3;30;  34;0.21;  71
30054;2001;12; 1;10;  35;0.21;  74
30054;2001;12; 2;20;  40;0.19;  76
30054;2001;12; 3;20;  39;0.22;  86
30054;2001;12; 3;30;  44;0.22;  97
30054;2002; 1; 1;10;  60;0.22; 132
30054;2002; 1; 2;20;  57;0.22; 125
30054;2002; 1; 3;20;  69;0.22; 152
30054;2002; 1; 3;31;  76;0.23; 175
30054;2002; 2; 1;10;  85;0.25; 213
30054;2002; 2; 2;10;  80;0.23; 184
30054;2002; 2; 3;20;  80;0.24; 192
30054;2002; 2; 3;28;  83;0.24; 199
30054;2002; 3; 1;10;  87;0.25; 218
30054;2002; 3; 2;10;  82;0.24; 197
30054;2002; 3; 3;20;  77;0.26; 200
30054;2002; 3; 3;31;  79;0.26; 205
30054;2002; 4; 1;10;  77;0.26; 200
30054;2002; 4; 2;10;  77;0.26; 200
30054;2002; 4; 3;15;  72;0.26; 187
30054;2002; 4; 3;20;  62;0.26; 161
30054;2002; 4; 3;25;  58;0.26; 151
30054;2002; 4; 3;30;  36;0.26;  94
30054;2002; 5; 1; 5;   5;0.32;  16
30054;2002;10; 1;20;  14;0.10;  14
30054;2002;10; 2;20;  14;0.07;  10
30054;2002;10; 3;31;  14;0.11;  15
30054;2002;11; 1;10;  34;0.11;  37
30054;2002;11; 2;20;  39;0.11;  43
30054;2002;11; 3;20;  37;0.12;  44
30054;2002;11; 3;30;  40;0.13;  52
30054;2002;12; 1;10;  42;0.14;  59
30054;2002;12; 2;20;  45;0.13;  59
30054;2002;12; 3;20;  47;0.15;  71
30054;2002;12; 3;30;  50;0.16;  80
30054;2003; 1; 1;10;  63;0.17; 107
30054;2003; 1; 2;20;  56;0.17;  95
30054;2003; 1; 3;20;  72;0.18; 130
30054;2003; 1; 3;31;  58;0.17;  99
30054;2003; 2; 1;10;  76;0.19; 144
30054;2003; 2; 2;10;  58;0.18; 104
30054;2003; 2; 3;20;  62;0.19; 118
30054;2003; 2; 3;28;  63;0.20; 126
30054;2003; 3; 1;10;  81;0.21; 170
30054;2003; 3; 2;10;  64;0.20; 128
30054;2003; 3; 3;20;  58;0.21; 122
30054;2003; 3; 3;31;  57;0.22; 125
30054;2003; 4; 1;10;  47;0.32; 150
30054;2003; 4; 2;10;  40;0.24;  96
30054;2003; 4; 3;15;  44;0.33; 145
30054;2003; 4; 3;20;  36;0.33; 119
30054;2003;10; 1;10;   2;    ;    
30054;2003;10; 2;20;  17;0.11;  19
30054;2003;10; 3;20;  14;0.11;  15
30054;2003;10; 3;31;  26;0.13;  34
30054;2003;11; 1;10;  29;0.14;  41
30054;2003;11; 2;20;  30;0.15;  45
30054;2003;11; 3;20;  34;0.13;  44
30054;2003;11; 3;30;  36;0.14;  50
30054;2003;12; 1;10;  39;0.14;  55
30054;2003;12; 2;20;  51;0.15;  77
30054;2003;12; 3;20;  47;0.16;  75
30054;2003;12; 3;30;  63;0.17; 107
30054;2004; 1; 1;10;  68;0.18; 122
30054;2004; 1; 2;20;  68;0.17; 116
30054;2004; 1; 3;20;  71;0.19; 135
30054;2004; 1; 3;31;  72;0.18; 130
30054;2004; 2; 1;10;  76;0.21; 160
30054;2004; 2; 2;10;  76;0.20; 152
30054;2004; 2; 3;20;  81;0.21; 170
30054;2004; 2; 3;29;  82;0.22; 180
30054;2004; 3; 1;10;  92;0.22; 202
30054;2004; 3; 2;10;  81;0.22; 178
30054;2004; 3; 3;20;  81;0.23; 186
30054;2004; 3; 3;31;  78;0.23; 179
30054;2004; 4; 1;10;  78;0.26; 203
30054;2004; 4; 2;10;  75;0.25; 188
30054;2004; 4; 3;20;  75;0.26; 195
30054;2004; 4; 3;25;  70;0.27; 189
30054;2004; 4; 3;30;  63;0.32; 202
30054;2004; 5; 1; 5;  50;0.33; 165
30054;2004;10; 1;20;   2;    ;    
30054;2004;10; 2;20;   1;    ;    
30054;2004;10; 3;31;  20;0.06;  12
30054;2004;11; 1;10;  22;0.11;  24
30054;2004;11; 2;20;  41;0.14;  57
30054;2004;11; 3;20;  39;0.16;  62
30054;2004;11; 3;30;  38;0.16;  61
30054;2004;12; 1;10;  41;0.16;  66
30054;2004;12; 2;20;  47;0.82; 385
30054;2004;12; 3;20;  47;0.17;  80
30054;2004;12; 3;30;  50;0.17;  85
30054;2005; 1; 1;10;  54;0.17;  92
30054;2005; 1; 2;20;  74;0.17; 126
30054;2005; 1; 3;20;  71;0.18; 128
30054;2005; 1; 3;31;  75;0.18; 135
30054;2005; 2; 1;10;  72;0.20; 144
30054;2005; 2; 2;10;  75;0.18; 135
30054;2005; 2; 3;20;  76;0.19; 144
30054;2005; 2; 3;28;  73;0.19; 139
30054;2005; 3; 1;10;  73;0.20; 146
30054;2005; 3; 2;10;  68;0.22; 150
30054;2005; 3; 3;20;  66;0.23; 152
30054;2005; 3; 3;31;  62;0.25; 155
30054;2005; 4; 1;10;  41;0.27; 111
30054;2005; 4; 2;10;  53;0.25; 133
30054;2005; 4; 3;15;  51;0.26; 133
30054;2005; 4; 3;20;  30;0.30;  90
30054;2005;10; 1;20;   9;0.11;  10
30054;2005;10; 2;20;  11;0.10;  11
30054;2005;10; 3;31;   3;    ;    
30054;2005;11; 1;10;  11;0.09;  10
30054;2005;11; 2;20;  40;0.11;  44
30054;2005;11; 3;20;  40;0.12;  48
30054;2005;11; 3;30;  44;0.13;  57
30054;2005;12; 1;10;  43;0.15;  65
30054;2005;12; 2;20;  47;0.14;  66
30054;2005;12; 3;20;  50;0.16;  80
30054;2005;12; 3;30;  50;0.16;  80
30054;2006; 1; 1;10;  52;0.16;  83
30054;2006; 1; 2;20;  51;0.14;  71
30054;2006; 1; 3;20;  53;0.16;  85
30054;2006; 1; 3;31;  52;0.15;  78
30054;2006; 2; 1;10;  55;0.16;  88
30054;2006; 2; 2;10;  54;0.16;  86
30054;2006; 2; 3;20;  59;0.17; 100
30054;2006; 2; 3;28;  60;0.17; 102
30054;2006; 3; 1;10;  61;0.18; 110
30054;2006; 3; 2;10;  60;0.17; 102
30054;2006; 3; 3;20;  62;0.18; 112
30054;2006; 3; 3;31;  61;0.20; 122
30054;2006; 4; 1;10;  63;0.25; 158
30054;2006; 4; 2;10;  60;0.23; 138
30054;2006; 4; 3;15;  57;0.25; 143
30054;2006; 4; 3;20;  56;0.26; 146
30054;2006; 4; 3;25;  37;0.29; 107
30054;2006; 4; 3;30;  14;0.32;  45
30054;2006;10; 1;10;  18;0.06;  11
30054;2006;10; 1;20;  18;0.08;  14
30054;2006;10; 2;20;  16;0.06;  10
30054;2006;10; 1;31;  23;0.10;  23
30054;2006;11; 1;10;  35;0.10;  35
30054;2006;11; 1;20;  50;0.12;  60
30054;2006;11; 2;20;  47;0.11;  52
30054;2006;11; 1;30;  57;0.13;  74
30054;2006;12; 1;10;  59;0.13;  77
30054;2006;12; 1;20;  71;0.14;  99
30054;2006;12; 2;20;  67;0.14;  94
30054;2006;12; 1;31;  73;0.15; 110
30054;2007; 1; 1;10;  76;0.16; 122
30054;2007; 1; 1;20;  92;0.16; 147
30054;2007; 1; 2;20;  81;0.15; 122
30054;2007; 1; 1;31;  97;0.18; 175
30054;2007; 1; 2;31;  99;0.17; 168
30054;2007; 2; 1;10;  97;0.19; 184
30054;2007; 2; 2;10; 100;0.18; 180
30054;2007; 2; 1;20;  99;0.19; 188
30054;2007; 2; 2;20; 100;0.19; 190
30054;2007; 2; 1;28; 100;0.19; 190
30054;2007; 2; 2;28; 102;0.20; 204
30054;2007; 3; 1;10;  99;0.20; 198
30054;2007; 3; 2;10; 101;0.20; 202
30054;2007; 3; 1;20;  96;0.20; 192
30054;2007; 3; 2;20;  99;0.20; 198
30054;2007; 3; 1;31;  92;0.23; 212
30054;2007; 3; 2;31;  96;0.22; 211
30054;2007; 4; 1;10;  65;0.26; 169
30054;2007; 4; 2;10;  66;0.24; 158
30054;2007; 4; 1;15;  35;0.28;  98
30054;2007; 4; 1;20;  24;0.31;  74
30054;2007;10; 1;10;   2;    ;    
30054;2007;10; 1;20;  15;0.05;   8
30054;2007;10; 2;20;  12;0.04;   5
30054;2007;10; 1;31;  18;0.10;  18
30054;2007;11; 1;10;  26;0.12;  31
30054;2007;11; 1;20;  31;0.13;  40
30054;2007;11; 2;20;  28;0.11;  31
30054;2007;11; 1;30;  40;0.13;  52
30054;2007;12; 1;10;  51;0.14;  71
30054;2007;12; 1;20;  61;0.14;  85
30054;2007;12; 2;20;  49;0.15;  74
30054;2007;12; 1;31;  69;0.15; 104
30054;2008; 1; 1;10;  74;0.16; 118
30054;2008; 1; 1;20;  79;0.17; 134
30054;2008; 1; 2;20;  70;0.16; 112
30054;2008; 1; 1;31;  80;0.20; 160
30054;2008; 1; 2;31;  71;0.18; 128
30054;2008; 2; 1;10;  80;0.20; 160
30054;2008; 2; 2;10;  77;0.18; 139
30054;2008; 2; 1;20;  82;0.20; 164
30054;2008; 2; 2;20;  76;0.19; 144
30054;2008; 2; 1;29;  86;0.22; 189
30054;2008; 2; 2;29;  79;0.21; 166
30054;2008; 3; 1;10;  85;0.22; 187
30054;2008; 3; 2;10;  78;0.22; 172
30054;2008; 3; 1;20;  87;0.24; 209
30054;2008; 3; 2;20;  79;0.23; 182
30054;2008; 3; 1;31;  78;0.25; 195
30054;2008; 3; 2;31;  72;0.24; 173
30054;2008; 4; 1;10;  76;0.25; 190
30054;2008; 4; 2;10;  70;0.24; 168
30054;2008; 4; 1;15;  73;0.25; 183
30054;2008; 4; 2;15;  73;0.24; 175
30054;2008; 4; 1;20;  72;0.26; 187
30054;2008; 4; 2;20;  71;0.25; 178
30054;2008; 4; 1;25;  68;0.28; 190
30054;2008; 4; 2;25;  68;0.26; 177
30054;2008; 4; 1;30;  63;0.30; 189
30054;2008; 5; 1; 5;  21;0.39;  82
30054;2008;10; 1;31;  12;0.12;  14
30054;2008;11; 1;10;  12;0.12;  14
30054;2008;11; 1;20;  17;0.13;  22
30054;2008;11; 2;20;  15;0.12;  18
30054;2008;11; 1;30;  39;0.13;  51
30054;2008;12; 1;10;  44;0.15;  66
30054;2008;12; 1;20;  46;0.16;  74
30054;2008;12; 2;20;  47;0.14;  66
30054;2008;12; 1;31;  56;0.17;  95
30054;2009; 1; 1;10;  62;0.18; 112
30054;2009; 1; 1;20;  65;0.19; 124
30054;2009; 1; 2;20;  56;0.17;  95
30054;2009; 1; 1;31;  65;0.19; 124
30054;2009; 1; 2;31;  57;0.18; 103
30054;2009; 2; 1;10;  69;0.19; 131
30054;2009; 2; 2;10;  62;0.18; 112
30054;2009; 2; 1;20;  70;0.20; 140
30054;2009; 2; 2;20;  63;0.19; 120
30054;2009; 2; 1;28;  75;0.22; 165
30054;2009; 2; 2;28;  65;0.20; 130
30054;2009; 3; 1;10;  76;0.22; 167
30054;2009; 3; 2;10;  67;0.21; 141
30054;2009; 3; 1;20;  77;0.23; 177
30054;2009; 3; 2;20;  68;0.22; 150
30054;2009; 3; 1;31;  75;0.25; 188
30054;2009; 3; 2;31;  66;0.24; 158
30054;2009; 4; 1;10;  44;0.27; 119
30054;2009; 4; 2;10;  40;0.26; 104
30054;2009; 4; 1;15;  37;0.26;  96
30054;2009; 4; 2;15;  38;0.26;  99
30054;2009; 4; 1;20;  22;0.26;  57
30054;2009;10; 1;20;   3;    ;    
30054;2009;10; 2;20;   3;    ;    
30054;2009;10; 1;31;  11;0.11;  12
30054;2009;11; 1;10;  28;0.12;  34
30054;2009;11; 1;20;  30;0.13;  39
30054;2009;11; 2;20;  28;0.12;  34
30054;2009;11; 1;30;  36;0.13;  47
30054;2009;12; 1;10;  43;0.14;  60
30054;2009;12; 1;20;  43;0.15;  65
30054;2009;12; 2;20;  40;0.15;  60
30054;2009;12; 1;31;  43;0.15;  65
30054;2010; 1; 1;10;  43;0.17;  73
30054;2010; 1; 1;20;  44;0.17;  75
30054;2010; 1; 2;20;  43;0.16;  69
30054;2010; 1; 1;31;  43;0.20;  86
30054;2010; 1; 2;31;  43;0.20;  86
30054;2010; 2; 1;10;  45;0.20;  90
30054;2010; 2; 2;10;  44;0.20;  88
30054;2010; 2; 1;20;  45;0.20;  90
30054;2010; 2; 2;20;  46;0.20;  92
30054;2010; 2; 1;28;  50;0.20; 100
30054;2010; 2; 2;28;  48;0.20;  96
30054;2010; 3; 1;10;  50;0.19;  95
30054;2010; 3; 2;10;  49;0.19;  93
30054;2010; 3; 1;20;  48;0.22; 106
30054;2010; 3; 2;20;  48;0.20;  96
30054;2010; 3; 1;31;  47;0.23; 108
30054;2010; 3; 2;31;  47;0.22; 103
30054;2010; 4; 1;10;  42;0.26; 109
30054;2010; 4; 2;10;  45;0.24; 108
30054;2010; 4; 1;15;  39;0.26; 101
30054;2010; 4; 2;15;  42;0.24; 101
30054;2010; 4; 1;20;  25;0.26;  65
30054;2010; 4; 2;20;  37;0.24;  89
30054;2010;10; 1;20;   1;    ;    
30054;2010;10; 2;20;   1;    ;    
30054;2010;10; 1;31;  15;0.08;  12
30054;2010;11; 1;10;  18;0.12;  22
30054;2010;11; 1;20;  18;0.12;  22
30054;2010;11; 2;20;  19;0.12;  23
30054;2010;11; 1;30;  20;0.15;  30
30054;2010;12; 1;10;  26;0.18;  47
30054;2010;12; 1;20;  30;0.19;  57
30054;2010;12; 2;20;  29;0.18;  52
30054;2010;12; 1;31;  32;0.20;  64
30054;2011; 1; 1;10;  38;0.21;  80
30054;2011; 1; 1;20;  39;0.21;  82
30054;2011; 1; 2;20;  39;0.21;  82
30054;2011; 1; 1;31;  45;0.22;  99
30054;2011; 1; 2;31;  45;0.22;  99
30054;2011; 2; 1;10;  48;0.23; 110
30054;2011; 2; 2;10;  47;0.23; 108
30054;2011; 2; 1;20;  55;0.23; 127
30054;2011; 2; 2;20;  55;0.24; 132
30054;2011; 2; 1;28;  55;0.25; 138
30054;2011; 2; 2;28;  54;0.24; 130
30054;2011; 3; 1;10;  57;0.26; 148
30054;2011; 3; 2;10;  56;0.25; 140
30054;2011; 3; 1;20;  58;0.26; 151
30054;2011; 3; 2;20;  58;0.26; 151
30054;2011; 3; 1;31;  49;0.28; 137
30054;2011; 3; 2;31;  54;0.27; 146
30054;2011; 4; 1;10;  50;0.28; 140
30054;2011; 4; 2;10;  53;0.27; 143
30054;2011; 4; 1;15;  44;0.28; 123
30054;2011; 4; 2;15;  47;0.27; 127
30054;2011; 4; 1;20;  36;0.28; 101
30054;2011; 4; 2;20;  42;0.27; 113
30054;2011;10; 1;31;  17;0.10;  17
30054;2011;11; 1;10;  20;0.11;  22
30054;2011;11; 1;20;  21;0.13;  27
30054;2011;11; 2;20;  20;0.12;  24
30054;2011;11; 1;30;  27;0.15;  41
30054;2011;12; 1;10;  45;0.13;  59
30054;2011;12; 1;20;  48;0.14;  67
30054;2011;12; 2;20;  45;0.17;  77
30054;2011;12; 1;31;  52;0.14;  73
30054;2012; 1; 1;10;  59;0.16;  94
30054;2012; 1; 1;20;  62;0.17; 105
30054;2012; 1; 2;20;  60;0.19; 114
30054;2012; 1; 1;31;  63;0.18; 113
30054;2012; 1; 2;31;  61;0.20; 122
30054;2012; 2; 1;10;  68;0.19; 129
30054;2012; 2; 2;10;  65;0.19; 124
30054;2012; 2; 1;20;  72;0.19; 137
30054;2012; 2; 2;20;  70;0.19; 133
30054;2012; 2; 1;29;  76;0.19; 144
30054;2012; 2; 2;29;  73;0.19; 139
30054;2012; 3; 1;10;  78;0.19; 148
30054;2012; 3; 2;10;  75;0.19; 143
30054;2012; 3; 1;20;  85;0.19; 162
30054;2012; 3; 2;20;  81;0.19; 154
30054;2012; 3; 1;31;  85;0.19; 162
30054;2012; 3; 2;31;  80;0.20; 160
30054;2012; 4; 1;10;  80;0.30; 240
30054;2012; 4; 2;10;  77;0.30; 231
30054;2012; 4; 1;20;  76;0.32; 243
30054;2012; 4; 2;20;  75;0.31; 233
30054;2012; 4; 1;25;  72;0.33; 238
30054;2012; 4; 2;25;  70;0.32; 224
30054;2012; 4; 1;30;  55;0.35; 193
30054;2012;10; 1;20;   1;    ;    
30054;2012;10; 2;20;   1;    ;    
30054;2012;10; 1;31;  12;0.08;  10
30054;2012;11; 1;10;  19;0.21;  40
30054;2012;11; 1;20;  33;0.16;  53
30054;2012;11; 2;20;  25;0.18;  45
30054;2012;11; 1;30;  34;0.17;  58
30054;2012;12; 1;10;  35;0.18;  63
30054;2012;12; 1;20;  36;0.19;  68
30054;2012;12; 2;20;  33;0.18;  59
30054;2012;12; 1;31;  38;0.19;  72
30054;2013; 1; 1;10;  39;0.20;  78
30054;2013; 1; 1;20;  44;0.21;  92
30054;2013; 1; 2;20;  41;0.20;  82
30054;2013; 1; 1;31;  51;0.22; 112
30054;2013; 1; 2;31;  48;0.22; 106
30054;2013; 2; 1;10;  58;0.23; 133
30054;2013; 2; 2;10;  55;0.22; 121
30054;2013; 2; 1;20;  59;0.24; 142
30054;2013; 2; 2;20;  57;0.23; 131
30054;2013; 2; 1;28;  59;0.24; 142
30054;2013; 2; 2;28;  58;0.23; 133
30054;2013; 3; 1;10;  65;0.25; 163
30054;2013; 3; 2;10;  62;0.24; 149
30054;2013; 3; 1;20;  68;0.26; 177
30054;2013; 3; 2;20;  65;0.25; 163
30054;2013; 3; 1;31;  68;0.26; 177
30054;2013; 3; 2;31;  65;0.25; 163
30054;2013; 4; 1;10;  65;0.27; 176
30054;2013; 4; 2;10;  64;0.26; 166
30054;2013; 4; 1;15;  55;0.29; 160
30054;2013; 4; 2;15;  58;0.28; 162
30054;2013; 4; 1;20;  47;0.31; 146
30054;2013; 4; 2;20;  53;0.29; 154
30054;2013; 4; 1;25;  28;0.35;  98
30054;2013;10; 1;31;   3;    ;    
30054;2013;11; 1;10;  12;0.12;  14
30054;2013;11; 1;20;  21;0.13;  27
30054;2013;11; 2;20;  19;0.12;  23
30054;2013;11; 1;30;  32;0.14;  45
30054;2013;12; 1;10;  41;0.16;  66
30054;2013;12; 1;20;  42;0.17;  71
30054;2013;12; 2;20;  40;0.16;  64
30054;2013;12; 1;31;  48;0.18;  86
30054;2014; 1; 1;10;  57;0.19; 108
30054;2014; 1; 1;20;  63;0.20; 126
30054;2014; 1; 2;20;  59;0.19; 112
30054;2014; 1; 1;31;  69;0.21; 145
30054;2014; 1; 2;31;  65;0.20; 130
30054;2014; 2; 1;10;  67;0.22; 147
30054;2014; 2; 2;10;  65;0.21; 137
30054;2014; 2; 1;20;  66;0.23; 152
30054;2014; 2; 2;20;  66;0.21; 139
30054;2014; 2; 1;28;  67;0.24; 161
30054;2014; 2; 2;28;  67;0.22; 147
30054;2014; 3; 1;10;  65;0.25; 163
30054;2014; 3; 2;10;  67;0.23; 154
30054;2014; 3; 1;20;  63;0.25; 158
30054;2014; 3; 2;20;  64;0.23; 147
30054;2014; 3; 1;31;  41;0.23;  94
30054;2014; 3; 2;31;  51;0.20; 102
30054;2014; 4; 1;10;  33;0.30;  99
30054;2014; 4; 1;15;   7;0.36;  25
30054;2014;10; 1;20;   7;0.09;   6
30054;2014;10; 2;20;   7;0.08;   6
30054;2014;10; 1;31;  13;0.10;  13
30054;2014;11; 1;10;  15;0.15;  23
30054;2014;11; 1;20;  27;0.16;  43
30054;2014;11; 2;20;  26;0.15;  39
30054;2014;11; 1;30;  35;0.17;  60
30054;2014;12; 1;10;  37;0.18;  67
30054;2014;12; 1;20;  44;0.20;  88
30054;2014;12; 2;20;  44;0.19;  84
30054;2014;12; 1;31;  60;0.18; 108
30054;2015; 1; 1;10;  63;0.20; 126
30054;2015; 1; 1;20;  72;0.20; 144
30054;2015; 1; 2;20;  72;0.20; 144
30054;2015; 1; 1;31;  73;0.20; 146
30054;2015; 1; 2;31;  73;0.20; 146
30054;2015; 2; 1;10;  71;0.22; 156
30054;2015; 2; 2;10;  73;0.22; 161
30054;2015; 2; 1;20;  72;0.23; 166
30054;2015; 2; 2;20;  73;0.23; 168
30054;2015; 2; 1;28;  72;0.24; 173
30054;2015; 2; 2;28;  72;0.24; 173
30054;2015; 3; 1;10;  73;0.27; 197
30054;2015; 3; 2;10;  76;0.26; 198
30054;2015; 3; 1;20;  77;0.26; 200
30054;2015; 3; 2;20;  76;0.27; 205
30054;2015; 3; 1;31;  63;0.30; 189
30054;2015; 3; 2;31;  65;0.29; 189
30054;2015; 4; 1;10;  64;0.30; 192
30054;2015; 4; 2;10;  64;0.30; 192
30054;2015; 4; 1;15;  58;0.33; 191
30054;2015; 4; 2;15;  63;0.32; 202
30054;2015; 4; 1;20;  54;0.34; 184
30054;2015; 4; 2;20;  57;0.33; 188
30054;2015; 4; 1;25;  29;0.35; 102
30054;2015;10; 1;20;   3;    ;    
30054;2015;10; 2;20;   3;    ;    
30054;2015;10; 1;31;  13;0.10;  13
30054;2015;11; 1;10;  14;0.12;  17
30054;2015;11; 1;20;  23;0.12;  28
30054;2015;11; 2;20;  21;0.12;  25
30054;2015;11; 1;30;  25;0.13;  33
30054;2015;12; 1;10;  44;0.14;  62
30054;2015;12; 1;20;  50;0.14;  70
30054;2015;12; 2;20;  48;0.15;  72
30054;2015;12; 1;31;  52;0.15;  78
30054;2016; 1; 1;10;  66;0.16; 106
30054;2016; 1; 1;20;  65;0.17; 111
30054;2016; 1; 2;20;  66;0.17; 112
30054;2016; 1; 1;31;  64;0.18; 115
30054;2016; 1; 2;31;  65;0.17; 111
30054;2016; 2; 1;10;  71;0.18; 128
30054;2016; 2; 2;10;  69;0.18; 124
30054;2016; 2; 1;20;  83;0.17; 141
30054;2016; 2; 2;20;  81;0.18; 146
30054;2016; 2; 1;29;  83;0.18; 149
30054;2016; 2; 2;29;  80;0.18; 144
30054;2016; 3; 1;10;  85;0.19; 162
30054;2016; 3; 2;10;  84;0.18; 151
30054;2016; 3; 1;20;  87;0.19; 165
30054;2016; 3; 2;20;  86;0.18; 155
30054;2016; 3; 1;31;  77;0.20; 154
30054;2016; 3; 2;31;  76;0.19; 144
30054;2016; 4; 1;10;  70;0.23; 161
30054;2016; 4; 2;10;  77;0.21; 162
30054;2016; 4; 1;15;  67;0.33; 221
30054;2016; 4; 2;15;  75;0.31; 233
30054;2016; 4; 1;20;  55;0.24; 132
30054;2016; 4; 2;20;  65;0.22; 143
30054;2016; 4; 1;25;  41;0.24;  98
30054;2016;10; 1;20;   4;    ;    
30054;2016;10; 2;20;   4;    ;    
30054;2016;10; 1;31;   6;0.10;   6
30054;2016;11; 1;10;  13;0.09;  12
30054;2016;11; 1;20;  15;0.09;  14
30054;2016;11; 2;20;  11;0.08;   9
30054;2016;11; 1;30;  30;0.11;  33
30054;2016;12; 1;10;  36;0.13;  47
30054;2016;12; 1;20;  48;0.16;  77
30054;2016;12; 2;20;  46;0.15;  69
30054;2016;12; 1;31;  51;0.18;  92
30054;2017; 1; 1;10;  60;0.20; 120
30054;2017; 1; 1;20;  64;0.21; 134
30054;2017; 1; 2;20;  65;0.20; 130
30054;2017; 1; 1;31;  65;0.22; 143
30054;2017; 1; 2;31;  67;0.21; 141
30054;2017; 2; 1;10;  65;0.23; 150
30054;2017; 2; 2;10;  64;0.22; 141
30054;2017; 2; 1;20;  63;0.23; 145
30054;2017; 2; 2;20;  65;0.22; 143
30054;2017; 2; 1;28;  72;0.24; 173
30054;2017; 2; 2;28;  73;0.23; 168
30054;2017; 3; 1;10;  72;0.26; 187
30054;2017; 3; 2;10;  71;0.25; 178
30054;2017; 3; 1;20;  69;0.27; 186
30054;2017; 3; 2;20;  70;0.26; 182
30054;2017; 3; 1;31;  63;0.29; 183
30054;2017; 3; 2;31;  65;0.28; 182
30054;2017; 4; 1;10;  43;0.32; 138
30054;2017; 4; 2;10;  45;0.30; 135
30054;2017; 4; 1;15;  40;0.32; 128
30054;2017; 4; 2;15;  43;0.30; 129
30054;2017; 4; 1;20;  35;0.34; 119
30054;2017; 4; 2;20;  38;0.33; 125
30054;2017;10; 1;20;   7;0.07;   5
30054;2017;10; 2;20;   8;0.07;   6
30054;2017;10; 1;31;  19;0.12;  23
30054;2017;11; 1;10;  33;0.12;  40
30054;2017;11; 1;20;  34;0.13;  44
30054;2017;11; 2;20;  35;0.12;  42
30054;2017;11; 1;30;  42;0.15;  63
30054;2017;12; 1;10;  49;0.17;  83
30054;2017;12; 1;20;  57;0.18; 103
30054;2017;12; 2;20;  56;0.17;  95
30054;2017;12; 1;31;  64;0.18; 115
30054;2018; 1; 1;10;  81;0.17; 138
30054;2018; 1; 1;20;  80;0.18; 144
30054;2018; 1; 2;20;  80;0.18; 144
30054;2018; 1; 1;31;  83;0.20; 166
30054;2018; 1; 2;31;  81;0.20; 162
30054;2018; 2; 1;10;  84;0.20; 168
30054;2018; 2; 2;10;  82;0.20; 164
30054;2018; 2; 1;20;  85;0.21; 179
30054;2018; 2; 2;20;  83;0.21; 174
30054;2018; 2; 1;28;  86;0.21; 181
30054;2018; 2; 2;28;  85;0.21; 179
30054;2018; 3; 1;10;  89;0.21; 187
30054;2018; 3; 2;10;  88;0.22; 194
30054;2018; 3; 1;20;  89;0.22; 196
30054;2018; 3; 2;20;  86;0.24; 206
30054;2018; 3; 1;31;  85;0.25; 213
30054;2018; 3; 2;31;  84;0.26; 218
30054;2018; 4; 1;10;  85;0.26; 221
30054;2018; 4; 2;10;  85;0.26; 221
30054;2018; 4; 1;15;  80;0.27; 216
30054;2018; 4; 2;15;  82;0.26; 213
30054;2018; 4; 1;20;  60;0.30; 180
30054;2018; 4; 2;20;  73;0.29; 212
30054;2018; 4; 1;25;  40;0.32; 128
30054;2018; 4; 2;25;  65;0.30; 195
30054;2018;10; 1;31;   2;    ;    
