30138;1966; 1; 1;10;  30;0.19;  57
30138;1966; 1; 1;20;  29;0.20;  58
30138;1966; 1; 1;31;  24;0.22;  53
30138;1966; 2; 1;10;  30;0.20;  60
30138;1966; 2; 1;20;  32;0.19;  61
30138;1966; 2; 1;28;  35;0.22;  77
30138;1966; 3; 1;10;  29;0.23;  67
30138;1966; 3; 1;20;  32;0.20;  64
30138;1966; 3; 1;31;  39;0.17;  66
30138;1966; 4; 1;10;  34;0.25;  85
30138;1966; 4; 1;15;  33;0.25;  83
30138;1966; 4; 1;20;  30;0.26;  78
30138;1966; 4; 1;25;  31;0.25;  78
30138;1966; 4; 1;30;  19;0.27;  51
30138;1966;10; 1;31;  10;0.10;  10
30138;1966;11; 1;10;  10;0.22;  22
30138;1966;11; 1;20;  17;0.18;  31
30138;1966;11; 2;20;  35;0.15;  53
30138;1966;11; 1;30;  20;0.21;  42
30138;1966;12; 1;10;  26;0.22;  57
30138;1966;12; 1;20;  25;0.22;  55
30138;1966;12; 2;20;  50;0.17;  85
30138;1966;12; 1;31;  30;0.25;  75
30138;1967; 1; 1;10;  27;0.27;  73
30138;1967; 1; 2;10;    ;    ;   0
30138;1967; 1; 1;20;  28;0.27;  76
30138;1967; 1; 2;20;  56;0.19; 106
30138;1967; 1; 1;31;  29;0.27;  78
30138;1967; 1; 2;31;  58;0.21; 122
30138;1967; 2; 1;10;  30;0.26;  78
30138;1967; 2; 2;10;  65;0.19; 124
30138;1967; 2; 1;20;  30;0.26;  78
30138;1967; 2; 2;20;  66;0.19; 125
30138;1967; 2; 1;28;  27;0.27;  73
30138;1967; 2; 2;28;  70;0.20; 140
30138;1967; 3; 2; 5;    ;    ;   0
30138;1967; 3; 1;10;  28;0.26;  73
30138;1967; 3; 2;10;  66;0.21; 139
30138;1967; 3; 1;15;  31;0.23;  71
30138;1967; 3; 2;15;  68;0.22; 150
30138;1967; 3; 1;20;  32;0.24;  77
30138;1967; 3; 2;20;  69;0.25; 173
30138;1967; 3; 1;25;  31;0.27;  84
30138;1967; 3; 2;25;  68;0.25; 170
30138;1967; 3; 1;31;  34;0.25;  85
30138;1967; 3; 2;31;  67;0.25; 168
30138;1967; 4; 1; 5;  34;0.26;  88
30138;1967; 4; 2; 5;  69;0.24; 166
30138;1967; 4; 1;10;  34;0.26;  88
30138;1967; 4; 2;10;  69;0.25; 173
30138;1967; 4; 1;15;  29;0.28;  81
30138;1967; 4; 2;15;  62;0.29; 180
30138;1967; 4; 2;20;  37;0.31; 115
30138;1967; 4; 2;25;   8;0.29;  23
30138;1967;10; 1;31;   3;    ;    
30138;1967;11; 1;10;   7;0.20;  14
30138;1967;11; 1;20;  14;0.22;  31
30138;1967;11; 2;20;  21;0.17;  36
30138;1967;11; 1;30;  18;0.21;  38
30138;1967;12; 1;10;  19;0.19;  36
30138;1967;12; 1;20;  19;0.22;  42
30138;1967;12; 2;20;  40;0.15;  60
30138;1967;12; 1;31;  21;0.21;  44
30138;1968; 1; 1;10;  22;0.20;  44
30138;1968; 1; 2;10;    ;    ;   0
30138;1968; 1; 1;20;  26;0.22;  57
30138;1968; 1; 2;20;  54;0.18;  97
30138;1968; 1; 1;31;  28;0.23;  64
30138;1968; 1; 2;31;  56;0.17;  95
30138;1968; 2; 1;10;  28;0.23;  64
30138;1968; 2; 2;10;  57;0.17;  97
30138;1968; 2; 1;20;  29;0.22;  64
30138;1968; 2; 2;20;  56;0.17;  95
30138;1968; 2; 1;29;  29;0.23;  67
30138;1968; 2; 2;29;  56;0.17;  95
30138;1968; 3; 2; 5;    ;    ;   0
30138;1968; 3; 1;10;  28;0.26;  73
30138;1968; 3; 2;10;  57;0.17;  97
30138;1968; 3; 2;15;    ;    ;   0
30138;1968; 3; 1;20;  26;0.27;  70
30138;1968; 3; 2;20;  53;0.19; 101
30138;1968; 3; 1;25;  26;0.27;  70
30138;1968; 3; 2;25;    ;    ;   0
30138;1968; 3; 1;31;  22;0.29;  64
30138;1968; 3; 2;31;  46;0.22; 101
30138;1968; 4; 1; 5;  10;0.31;  31
30138;1968; 4; 2; 5;  43;0.23;    
30138;1968; 4; 1;10;  33;0.23;  76
30138;1968; 4; 2;10;  63;0.23; 145
30138;1968; 4; 1;15;  26;0.26;  68
30138;1968; 4; 2;15;  48;0.26; 125
30138;1968; 4; 2;20;  24;0.33;  79
30138;1968; 4; 2;25;  10;0.31;  31
30138;1968;11; 1;10;   9;0.11;  10
30138;1968;11; 1;20;  13;0.12;  16
30138;1968;11; 2;20;  14;0.08;  11
30138;1968;11; 1;30;  17;0.15;  26
30138;1968;12; 1;10;  22;0.15;  33
30138;1968;12; 1;20;  20;0.16;  32
30138;1968;12; 2;20;  31;0.14;  43
30138;1968;12; 1;31;  21;0.19;  40
30138;1969; 1; 1;10;  26;0.18;  47
30138;1969; 1; 2;10;    ;    ;   0
30138;1969; 1; 1;20;  28;0.23;  64
30138;1969; 1; 2;20;  40;0.18;  72
30138;1969; 1; 1;31;  27;0.22;  59
30138;1969; 1; 2;31;  41;0.18;  74
30138;1969; 2; 1;10;  30;0.21;  63
30138;1969; 2; 2;10;  41;0.18;  74
30138;1969; 2; 1;20;  32;0.19;  61
30138;1969; 2; 2;20;  46;0.18;  83
30138;1969; 2; 1;28;  34;0.20;  68
30138;1969; 2; 2;28;  47;0.18;  85
30138;1969; 3; 2; 5;    ;    ;   0
30138;1969; 3; 1;10;  31;0.24;  74
30138;1969; 3; 2;10;  49;0.18;  88
30138;1969; 3; 1;15;  32;0.23;  74
30138;1969; 3; 2;15;  50;0.19;  95
30138;1969; 3; 1;20;  32;0.21;  67
30138;1969; 3; 2;20;    ;    ;   0
30138;1969; 3; 1;25;  40;    ;    
30138;1969; 3; 2;25;  55;0.20; 110
30138;1969; 3; 1;31;  35;0.22;  77
30138;1969; 3; 2;31;  54;0.20; 108
30138;1969; 4; 1; 5;  33;0.24;  79
30138;1969; 4; 2; 5;  54;0.20; 108
30138;1969; 4; 1;10;  29;0.26;  75
30138;1969; 4; 2;10;  42;0.23;  97
30138;1969; 4; 1;15;  26;0.30;  78
30138;1969; 4; 2;15;  40;0.23;  92
30138;1969; 4; 1;20;  17;0.38;  65
30138;1969; 4; 2;20;  28;0.26;  73
30138;1969; 4; 1;25;  20;0.26;  52
30138;1969; 4; 2;25;  37;0.26;  96
30138;1969; 4; 1;30;   0;    ;   0
30138;1969; 4; 2;30;  22;0.31;  68
30138;1969; 5; 2; 5;  22;0.31;  68
30138;1969; 5; 2;10;  10;0.31;  31
30138;1969; 5; 2;15;   1;    ;    
30138;1970;10; 1;31;  11;0.19;  21
30138;1970;11; 1;10;  14;0.16;  22
30138;1970;11; 1;20;  14;0.17;  24
30138;1970;11; 1;30;  16;0.18;  29
30138;1970;12; 1;10;  17;0.18;  31
30138;1970;12; 1;20;  19;0.19;  36
30138;1970;12; 1;31;  23;0.19;  44
30138;1971; 1; 1;10;  24;0.19;  46
30138;1971; 1; 1;20;  24;0.19;  46
30138;1971; 1; 1;31;  30;0.17;  51
30138;1971; 2; 1;10;  28;0.19;  53
30138;1971; 2; 1;20;  34;0.20;  68
30138;1971; 2; 1;28;  31;0.22;  68
30138;1971; 3; 1;10;  31;0.23;  71
30138;1971; 3; 1;15;  32;0.23;  74
30138;1971; 3; 1;20;  47;0.17;  80
30138;1971; 3; 1;25;  42;0.19;  80
30138;1971; 3; 1;31;  42;0.23;  97
30138;1971; 4; 1; 5;  41;0.24;  98
30138;1971; 4; 1;10;  36;0.26;  94
30138;1971; 4; 1;15;  28;0.30;  84
30138;1971; 4; 1;20;   1;    ;    
30138;1971;10; 1;31;  11;0.07;   8
30138;1971;11; 1;10;  10;0.19;  19
30138;1971;11; 1;20;   9;0.20;  18
30138;1971;11; 1;30;  18;0.19;  34
30138;1971;12; 1;10;  20;0.20;  40
30138;1971;12; 1;20;  23;0.21;  48
30138;1971;12; 1;31;  25;0.22;  55
30138;1974; 2; 1;10;  28;0.24;  67
30138;1974; 2; 2;10;  66;0.20; 132
30138;1974; 2; 1;20;  36;0.22;  79
30138;1974; 2; 1;28;  33;0.23;  76
30138;1974; 3; 1; 5;    ;    ;   0
30138;1974; 3; 2; 5;    ;    ;   0
30138;1974; 3; 1;10;  36;0.22;  79
30138;1974; 3; 2;10;  72;0.21; 151
30138;1974; 3; 1;15;    ;    ;   0
30138;1974; 3; 2;15;  72;0.22; 158
30138;1974; 3; 1;20;  31;    ;    
30138;1974; 3; 2;20;  72;0.22; 158
30138;1974; 3; 1;25;  32;0.23;  74
30138;1974; 3; 2;25;  71;0.22; 156
30138;1974; 3; 1;31;  31;0.23;  71
30138;1974; 3; 2;31;  69;0.23; 159
30138;1974; 4; 1; 5;  32;0.27;  86
30138;1974; 4; 2; 5;  69;0.24; 166
30138;1974; 4; 1;10;  35;0.23;  80
30138;1974; 4; 1;15;  32;0.25;  80
30138;1974; 4; 1;20;  34;0.26;  88
30138;1974; 4; 1;25;   6;0.29;  17
30138;1974; 4; 1;30;   2;    ;    
30138;1974;10; 1;10;   8;0.20;  16
30138;1974;10; 2;10;    ;    ;   0
30138;1974;10; 1;20;   4;    ;    
30138;1974;10; 2;20;  10;0.19;  19
30138;1974;10; 1;31;  13;0.21;  27
30138;1974;10; 2;31;    ;    ;   0
30138;1974;11; 1;10;  15;0.16;  24
30138;1974;11; 2;10;    ;    ;   0
30138;1974;11; 1;20;  19;0.23;  44
30138;1974;11; 2;20;  34;0.12;  41
30138;1974;11; 1;30;  21;0.21;  44
30138;1974;11; 2;30;    ;    ;   0
30138;1974;12; 1;10;  20;0.22;  44
30138;1974;12; 2;10;    ;    ;   0
30138;1974;12; 1;20;  23;0.21;  48
30138;1974;12; 2;20;  59;0.17; 100
30138;1974;12; 1;31;  30;0.24;  72
30138;1974;12; 2;31;    ;    ;   0
30138;1975; 1; 1;10;  36;    ;    
30138;1975; 1; 2;10;  71;    ;    
30138;1975; 1; 2;20;  43;0.18; 131
30138;1975; 1; 2;30;  40;0.24; 162
30138;1975; 2; 1;10;  79;    ;    
30138;1975; 2; 2;10;  42;0.24; 101
30138;1975; 2; 2;20;  78;0.21; 164
30138;1975; 2; 2;28;  78;0.22; 172
30138;1975; 3; 1; 5;    ;    ;   0
30138;1975; 3; 2; 5;    ;    ;   0
30138;1975; 3; 2;10;  44;0.23; 101
30138;1975; 3; 2;15;  47;0.23; 108
30138;1975; 3; 2;20;  42;0.24; 101
30138;1975; 3; 2;25;  41;0.25; 102
30138;1975; 3; 2;30;  37;    ;    
30138;1975; 4; 1; 5;  32;0.33; 106
30138;1975; 4; 2; 5;  65;0.25; 162
30138;1975; 4; 2;10;  29;0.34;    
30138;1975; 4; 2;15;  24;0.33;  79
30138;1975; 4; 2;20;  13;0.34;  44
30138;1975; 4; 2;25;   4;    ;    
30138;1975; 4; 2;30;    ;    ;   0
30138;1975;10; 1;10;    ;    ;   0
30138;1975;10; 2;10;    ;    ;   0
30138;1975;10; 1;20;   2;    ;    
30138;1975;10; 1;30;   1;    ;    
30138;1975;11; 1;10;   6;0.05;   3
30138;1975;11; 2;10;    ;    ;   0
30138;1975;11; 2;20;  11;0.06;   7
30138;1975;11; 2;30;  15;    ;    
30138;1975;12; 1;10;  13;    ;    
30138;1975;12; 2;10;    ;    ;   0
30138;1975;12; 2;20;   8;0.18;  14
30138;1975;12; 2;30;   9;0.20;  18
30138;1976; 1; 1;10;  18;    ;    
30138;1976; 1; 1;20;  23;0.19;  44
30138;1976; 1; 2;20;  39;0.15;  58
30138;1976; 1; 1;31;  27;0.19;  51
30138;1976; 1; 2;31;  47;0.15;  70
30138;1976; 2; 1;10;  28;0.20;  56
30138;1976; 2; 2;10;  49;0.16;  78
30138;1976; 2; 1;20;  18;0.22;  40
30138;1976; 2; 2;20;  51;0.19;  97
30138;1976; 2; 1;29;  25;    ;    
30138;1976; 2; 2;29;  57;0.19; 108
30138;1976; 3; 1;10;  29;0.22;  64
30138;1976; 3; 2;10;  64;0.19; 122
30138;1976; 3; 1;15;  28;0.22;  62
30138;1976; 3; 2;15;  63;0.18; 113
30138;1976; 3; 1;20;  26;0.22;  57
30138;1976; 3; 2;20;  61;0.19; 116
30138;1976; 3; 1;25;  19;0.23;  44
30138;1976; 3; 2;25;  61;0.20; 122
30138;1976; 3; 1;31;  19;0.23;  44
30138;1976; 3; 2;31;  62;0.21; 130
30138;1976; 4; 1; 5;  22;    ;    
30138;1976; 4; 2; 5;  53;0.20; 106
30138;1976; 4; 1;10;  19;0.27;  46
30138;1976; 4; 2;10;  51;0.24; 122
30138;1976; 4; 1;15;   5;    ;    
30138;1976; 4; 2;15;  40;0.28; 112
30138;1976; 4; 1;20;   2;    ;    
30138;1976; 4; 2;20;  36;0.30; 108
30138;1976; 4; 2;25;  27;0.32;  86
30138;1976; 4; 2;30;  17;0.33;  56
30138;1976;10; 1;20;   6;0.08;   5
30138;1976;10; 2;20;   8;0.08;   6
30138;1976;10; 1;31;   6;0.10;   6
30138;1976;11; 1;10;  12;0.10;  12
30138;1976;11; 1;20;  17;    ;    
30138;1976;11; 2;20;  35;0.11;  38
30138;1976;11; 1;30;  21;0.15;  32
30138;1976;12; 1;10;  30;0.19;  57
30138;1976;12; 1;20;  39;0.20;  78
30138;1976;12; 2;20;  55;0.17;  94
30138;1976;12; 1;31;  39;0.19;  74
30138;1977; 1; 1;10;  41;0.28; 115
30138;1977; 1; 1;20;  38;0.23;  87
30138;1977; 1; 2;20;  63;0.20; 126
30138;1977; 1; 1;31;  34;0.23;  78
30138;1977; 1; 2;31;  64;0.20; 128
30138;1977; 2; 1;20;  42;0.25; 105
30138;1977; 2; 2;20;  63;0.20; 126
30138;1977; 2; 1;28;  39;0.29; 113
30138;1977; 2; 2;28;  69;0.22; 152
30138;1977; 3; 1;10;  46;0.21;  97
30138;1977; 3; 2;10;  75;0.25; 188
30138;1977; 3; 1;15;  47;0.21;    
30138;1977; 3; 2;15;  77;0.27; 208
30138;1977; 3; 1;20;  42;0.25; 105
30138;1977; 3; 2;20;  75;0.26; 195
30138;1977; 3; 1;25;  45;0.26; 117
30138;1977; 3; 2;25;  76;0.26; 198
30138;1977; 3; 1;31;  42;0.26; 109
30138;1977; 3; 2;31;  76;0.27; 205
30138;1977; 4; 1; 5;  41;0.27; 111
30138;1977; 4; 2; 5;  70;0.28; 196
30138;1977; 4; 1;10;  39;0.30; 117
30138;1977; 4; 2;10;  69;0.28; 193
30138;1977; 4; 1;15;  40;0.25; 100
30138;1977; 4; 2;15;  72;0.26; 187
30138;1977; 4; 1;20;  10;0.14;  14
30138;1977; 4; 2;20;  67;0.31; 208
30138;1977; 4; 1;25;   4;0.18;   7
30138;1977; 4; 2;25;  61;0.35; 214
30138;1977; 4; 2;30;  36;0.40; 144
30138;1977;10; 1;20;   3;    ;    
30138;1977;10; 2;20;   9;0.14;  13
30138;1977;10; 1;31;   3;    ;    
30138;1977;11; 1;10;  16;0.17;  27
30138;1977;11; 1;20;  28;0.19;  53
30138;1977;11; 2;20;  48;0.16;  77
30138;1977;11; 1;30;  32;0.21;  67
30138;1977;12; 1;10;  38;0.22;  84
30138;1977;12; 1;20;  38;0.22;  84
30138;1977;12; 2;20;  62;0.18; 112
30138;1977;12; 1;31;  40;0.21;  84
30138;1978; 1; 1;10;  38;0.23;  87
30138;1978; 1; 1;20;  39;0.24;  94
30138;1978; 1; 2;20;  77;0.21; 162
30138;1978; 1; 1;31;  44;0.24; 106
30138;1978; 1; 2;31;  76;0.21; 160
30138;1978; 2; 1;10;  45;0.28; 126
30138;1978; 2; 2;10;  76;0.23; 175
30138;1978; 2; 1;20;  45;0.30; 135
30138;1978; 2; 2;20;  80;0.22; 176
30138;1978; 2; 1;28;  40;0.22;  88
30138;1978; 2; 2;28;  82;0.22; 180
30138;1978; 3; 1;10;  40;0.27; 108
30138;1978; 3; 2;10;  81;0.27; 219
30138;1978; 3; 1;15;  42;0.23;  97
30138;1978; 3; 2;15;  79;0.28; 221
30138;1978; 3; 1;20;  38;0.26;    
30138;1978; 3; 2;20;  79;0.28; 221
30138;1978; 3; 1;25;  40;0.26; 104
30138;1978; 3; 2;25;  79;0.26; 205
30138;1978; 3; 1;31;  42;0.25; 105
30138;1978; 3; 2;31;  78;0.27; 211
30138;1978; 4; 1; 5;  42;0.26; 109
30138;1978; 4; 2; 5;  79;0.27; 213
30138;1978; 4; 1;10;  22;0.35;  77
30138;1978; 4; 2;10;  60;0.30; 180
30138;1978; 4; 1;15;  20;0.34;  68
30138;1978; 4; 2;15;  60;0.24; 144
30138;1978; 4; 1;20;  21;0.29;  61
30138;1978; 4; 2;20;  53;0.33; 175
30138;1978; 4; 1;25;   1;    ;    
30138;1978; 4; 2;25;  34;0.32; 109
30138;1978; 4; 2;30;  28;0.32;  90
30138;1978; 5; 2; 5;   7;0.15;  11
30138;1978; 5; 2;10;   1;    ;    
30138;1978;10; 1;10;   3;    ;    
30138;1978;10; 1;20;  11;0.19;  21
30138;1978;10; 2;20;  11;0.25;  28
30138;1978;10; 1;31;   9;0.19;  17
30138;1978;11; 1;10;   8;0.20;  16
30138;1978;11; 1;20;  14;0.18;  25
30138;1978;11; 1;30;  18;0.16;  29
30138;1979; 1; 1;10;  23;0.19;  44
30138;1979; 1; 1;20;  21;0.21;  44
30138;1979; 1; 1;31;  22;0.23;  51
30138;1979; 2; 1;10;  26;0.22;  57
30138;1979; 2; 1;20;  26;0.22;  57
30138;1979; 2; 1;28;  22;0.22;  48
30138;1979; 3; 1;10;  19;0.27;  51
30138;1979; 3; 1;15;  19;0.27;  51
30138;1979; 3; 1;20;  26;0.26;  68
30138;1979; 3; 1;25;  25;0.27;  68
30138;1979; 3; 1;31;  26;0.28;  73
30138;1979; 4; 1; 5;  28;0.29;  81
30138;1979; 4; 1;10;  27;0.29;  78
30138;1979; 4; 1;15;  25;0.28;  70
30138;1979; 4; 1;20;  20;0.32;  64
30138;1979; 4; 1;25;  14;0.35;  49
30138;1979; 4; 1;30;   4;0.12;   5
30138;1979;10; 1;20;  10;0.09;   9
30138;1979;10; 1;31;  15;0.16;  24
30138;1979;11; 1;10;  16;0.16;  26
30138;1979;11; 1;20;  24;0.16;  38
30138;1979;11; 1;30;  25;0.17;  43
30138;1979;12; 1;10;  28;0.17;  48
30138;1979;12; 1;20;  27;0.17;  46
30138;1979;12; 1;31;  30;0.17;  51
30138;1980; 1; 1;10;  27;0.18;  49
30138;1980; 1; 1;20;  33;0.18;  59
30138;1980; 1; 1;31;  40;0.19;  76
30138;1980; 2; 1;10;  42;0.20;  84
30138;1980; 2; 1;20;  46;0.21;  97
30138;1980; 2; 1;29;  43;0.21;  90
30138;1980; 3; 1;10;  43;0.23;    
30138;1980; 3; 1;15;  42;0.23;  97
30138;1980; 3; 1;20;  43;0.23;    
30138;1980; 3; 1;25;  34;0.25;  85
30138;1980; 3; 1;31;  36;0.24;  86
30138;1980; 4; 1; 5;  40;0.24;  96
30138;1980; 4; 1;10;  39;0.25;  98
30138;1980; 4; 1;15;  39;0.26; 101
30138;1980; 4; 1;20;  37;0.27; 100
30138;1980; 4; 1;25;   8;0.22;  18
30138;1980; 4; 1;30;   4;0.27;  11
30138;1980;10; 1;20;  10;0.09;   9
30138;1980;10; 1;31;  11;0.15;  17
30138;1980;11; 1;10;  11;0.14;  15
30138;1980;11; 1;20;  12;0.17;  20
30138;1980;11; 1;30;  21;0.16;  34
30138;1980;12; 1;10;  24;0.17;  41
30138;1980;12; 1;20;  31;0.18;  56
30138;1980;12; 1;31;  37;0.18;  67
30138;1981; 1; 1;10;  38;0.17;  65
30138;1981; 1; 1;20;  36;0.20;  72
30138;1981; 1; 1;31;  32;0.20;  64
30138;1981; 2; 1;10;  38;0.18;  68
30138;1981; 2; 1;20;  41;0.23;  94
30138;1981; 2; 2;20;  69;0.21; 145
30138;1981; 2; 1;28;  43;0.23;    
30138;1981; 2; 2;28;  72;0.21; 151
30138;1981; 3; 1;10;  49;0.22; 108
30138;1981; 3; 2;10;  78;0.20; 156
30138;1981; 3; 1;15;  47;0.22; 103
30138;1981; 3; 2;15;  74;0.20; 148
30138;1981; 3; 1;20;  42;0.23;  97
30138;1981; 3; 2;20;  72;0.21; 151
30138;1981; 3; 1;25;  41;0.24;  98
30138;1981; 3; 2;25;  73;0.21; 153
30138;1981; 3; 1;31;  43;0.24; 103
30138;1981; 3; 2;31;  69;0.22; 152
30138;1981; 4; 1; 5;  34;0.27;  92
30138;1981; 4; 2; 5;  60;0.27; 162
30138;1981; 4; 1;10;  30;0.26;  78
30138;1981; 4; 2;10;  52;0.28; 146
30138;1981; 4; 1;15;  28;0.27;  76
30138;1981; 4; 2;15;  45;0.26; 117
30138;1981; 4; 1;20;   3;0.16;   5
30138;1981; 4; 2;20;  25;0.16;  40
30138;1981; 4; 2;25;   8;0.14;  11
30138;1981; 4; 2;30;   2;0.05;   1
30138;1981;10; 1;20;   2;    ;    
30138;1981;10; 2;20;   3;    ;    
30138;1981;10; 1;31;   6;0.10;   6
30138;1981;11; 1;10;  17;0.12;  20
30138;1981;11; 1;20;  13;0.16;  21
30138;1981;11; 1;30;  17;0.21;  36
30138;1981;12; 1;10;  22;0.21;  46
30138;1981;12; 1;20;  22;0.24;  53
30138;1981;12; 2;20;  42;0.18;  76
30138;1981;12; 1;31;  25;0.22;  55
30138;1982; 1; 1;10;  25;0.24;  60
30138;1982; 1; 1;20;  29;0.22;  64
30138;1982; 1; 2;20;  57;0.19; 108
30138;1982; 1; 1;31;  27;0.21;  57
30138;1982; 1; 2;31;  57;0.19; 108
30138;1982; 2; 1;10;  27;0.23;  62
30138;1982; 2; 2;10;  59;0.20; 118
30138;1982; 2; 1;20;  27;0.22;  59
30138;1982; 2; 2;20;  59;0.20; 118
30138;1982; 2; 1;28;  27;0.24;  65
30138;1982; 2; 2;28;  58;0.20; 116
30138;1982; 3; 1;10;  29;0.24;  70
30138;1982; 3; 2;10;  60;0.21; 126
30138;1982; 3; 1;15;  29;0.26;  75
30138;1982; 3; 2;15;  60;0.21; 126
30138;1982; 3; 1;20;  29;0.25;  73
30138;1982; 3; 2;20;  61;0.21; 128
30138;1982; 3; 1;25;  29;0.25;  73
30138;1982; 3; 2;25;  60;0.22; 132
30138;1982; 3; 1;31;  26;0.25;  65
30138;1982; 3; 2;31;  56;0.22; 123
30138;1982; 4; 1; 5;  12;0.31;  37
30138;1982; 4; 2; 5;  41;0.24;  98
30138;1982; 4; 1;10;   4;0.57;  23
30138;1982; 4; 2;10;  30;0.30;  90
30138;1982; 4; 2;15;  29;0.39; 113
30138;1982; 4; 2;20;  20;0.42;  84
30138;1982; 4; 2;25;  10;0.50;  50
30138;1982;10; 1;10;   1;    ;    
30138;1982;10; 1;20;  10;0.10;  10
30138;1982;10; 2;20;  16;0.10;  16
30138;1982;10; 1;31;  12;0.11;  13
30138;1982;11; 1;10;   9;0.14;  13
30138;1982;11; 1;20;  21;0.16;  34
30138;1982;11; 2;20;  40;0.16;  64
30138;1982;11; 1;30;  31;0.17;  53
30138;1982;12; 1;10;  30;0.20;  60
30138;1982;12; 1;20;  30;0.22;  66
30138;1982;12; 2;20;  60;0.22; 132
30138;1982;12; 1;31;  37;0.23;  85
30138;1983; 1; 1;10;  42;0.27; 113
30138;1983; 1; 1;20;  47;0.25; 118
30138;1983; 1; 2;20;  74;0.25; 185
30138;1983; 1; 1;31;  48;0.26; 125
30138;1983; 2; 1;10;  47;0.26; 122
30138;1983; 2; 1;20;  47;0.27; 127
30138;1983; 2; 1;28;  47;0.27; 127
30138;1983; 3; 1;10;  47;0.27; 127
30138;1983; 3; 1;15;  57;0.26; 148
30138;1983; 3; 1;20;  57;0.26; 148
30138;1983; 3; 1;25;  58;0.28; 162
30138;1983; 3; 1;31;  58;0.28; 162
30138;1983; 4; 1; 5;  55;0.29; 160
30138;1983; 4; 1;10;  53;0.30; 159
30138;1983; 4; 1;15;  51;0.31; 158
30138;1983; 4; 1;20;  51;0.32; 163
30138;1983; 4; 1;25;  50;0.33; 165
30138;1983; 4; 1;30;  48;0.33; 158
30138;1983; 5; 1; 5;  41;0.36; 148
30138;1983; 5; 1;10;   9;0.42;  38
30138;1983;10; 1;20;   4;0.08;   3
30138;1983;10; 2;20;   5;0.11;   6
30138;1983;10; 1;31;   7;0.14;  10
30138;1983;11; 1;10;   0;    ;   0
30138;1983;11; 1;20;  16;0.14;  22
30138;1983;11; 2;20;  16;0.16;  26
30138;1983;11; 1;30;  16;0.15;  24
30138;1983;12; 1;10;  20;0.29;  58
30138;1983;12; 1;20;  33;0.18;  59
30138;1983;12; 2;20;  43;0.16;  69
30138;1983;12; 1;31;  33;0.18;  59
30138;1984; 1; 1;10;  39;0.19;  74
30138;1984; 1; 1;20;  40;0.19;  76
30138;1984; 1; 2;20;  58;0.19; 110
30138;1984; 1; 1;31;  42;0.22;  92
30138;1984; 1; 2;31;  58;0.19; 110
30138;1984; 2; 1;10;  42;0.22;  92
30138;1984; 2; 2;10;  58;0.19; 110
30138;1984; 2; 1;20;  37;0.25;  93
30138;1984; 2; 2;20;  63;0.19; 120
30138;1984; 2; 1;29;  35;0.25;  88
30138;1984; 2; 2;29;  67;0.20; 134
30138;1984; 3; 1;10;  35;0.25;  88
30138;1984; 3; 2;10;  68;0.20; 136
30138;1984; 3; 1;15;  36;0.25;  90
30138;1984; 3; 2;15;  69;0.20; 138
30138;1984; 3; 1;20;  43;0.24; 103
30138;1984; 3; 2;20;  69;0.21; 145
30138;1984; 3; 1;25;  43;0.26; 112
30138;1984; 3; 2;25;  70;0.21; 147
30138;1984; 3; 1;31;  42;0.25; 105
30138;1984; 3; 2;31;  70;0.21; 147
30138;1984; 4; 1; 5;  43;0.25; 108
30138;1984; 4; 2; 5;  68;0.21; 143
30138;1984; 4; 1;10;  40;0.26; 104
30138;1984; 4; 2;10;  66;0.19; 125
30138;1984; 4; 1;15;  39;0.25;  98
30138;1984; 4; 2;15;  64;0.19; 122
30138;1984; 4; 1;20;  36;0.29; 104
30138;1984; 4; 2;20;  62;0.25; 155
30138;1984; 4; 1;25;  34;0.23;  78
30138;1984; 4; 2;25;  57;0.17;  97
30138;1984; 4; 1;30;  22;0.18;  40
30138;1984; 4; 2;30;  50;0.23; 115
30138;1984; 5; 2; 5;  33;0.27;  89
30138;1984;10; 1;20;  12;0.12;  14
30138;1984;10; 2;20;  17;0.11;  19
30138;1984;10; 1;31;  29;0.16;  46
30138;1984;11; 1;10;  36;0.16;  58
30138;1984;11; 1;20;  32;0.18;  58
30138;1984;11; 2;20;  35;0.17;  60
30138;1984;11; 1;30;  47;0.18;  85
30138;1984;12; 1;10;  38;0.25;  95
30138;1984;12; 1;20;  36;0.27;  97
30138;1984;12; 2;20;  65;0.19; 124
30138;1984;12; 1;31;  41;0.27; 111
30138;1985; 1; 1;10;  45;0.26; 117
30138;1985; 1; 1;20;  50;0.25; 125
30138;1985; 1; 2;20;  72;0.20; 144
30138;1985; 1; 1;31;  59;0.22; 130
30138;1985; 1; 2;31;  81;0.19; 154
30138;1985; 2; 1;10;  59;0.21; 124
30138;1985; 2; 2;10;  82;0.18; 148
30138;1985; 2; 1;20;  60;0.20; 120
30138;1985; 2; 2;20;  83;0.18; 149
30138;1985; 2; 1;28;  59;0.21; 124
30138;1985; 2; 2;28;  83;0.19; 158
30138;1985; 3; 1;10;  50;0.25; 125
30138;1985; 3; 2;10;  82;0.20; 164
30138;1985; 3; 1;15;  45;0.24; 108
30138;1985; 3; 2;15;  81;0.20; 162
30138;1985; 3; 1;20;  46;0.23; 106
30138;1985; 3; 2;20;  85;0.19; 162
30138;1985; 3; 1;25;  49;0.22; 108
30138;1985; 3; 2;25;  83;0.19; 158
30138;1985; 3; 1;31;  49;0.22; 108
30138;1985; 3; 2;31;  86;0.20; 172
30138;1985; 4; 1; 5;  49;0.23; 113
30138;1985; 4; 2; 5;  86;0.19; 163
30138;1985; 4; 1;10;  51;0.24; 122
30138;1985; 4; 2;10;  86;0.19; 163
30138;1985; 4; 1;15;  32;0.27;  86
30138;1985; 4; 2;15;  76;0.20; 152
30138;1985; 4; 1;20;  17;0.25;  43
30138;1985; 4; 2;20;  54;0.29; 157
30138;1985; 4; 1;25;  19;0.28;  53
30138;1985; 4; 2;25;  47;0.27; 127
30138;1985; 4; 2;30;  43;0.23;  99
30138;1985; 5; 2; 5;  28;0.27;  76
30138;1985;10; 1;20;  12;0.17;  20
30138;1985;10; 2;20;  15;0.12;  18
30138;1985;10; 1;31;  14;0.19;  27
30138;1985;11; 1;10;  18;0.19;  34
30138;1985;11; 1;20;  21;0.19;  40
30138;1985;11; 2;20;  28;0.18;  50
30138;1985;11; 1;30;  23;0.18;  41
30138;1985;12; 1;10;  24;0.19;  46
30138;1985;12; 1;20;  28;0.20;  56
30138;1985;12; 2;20;  37;0.18;  67
30138;1985;12; 1;31;  30;0.21;  63
30138;1986; 1; 1;10;  40;0.20;  80
30138;1986; 1; 1;20;  40;0.22;  88
30138;1986; 1; 2;20;  54;0.17;  92
30138;1986; 1; 1;31;  40;0.22;  88
30138;1986; 1; 2;31;  55;0.19; 105
30138;1986; 2; 1;10;  40;0.22;  88
30138;1986; 2; 2;10;  58;0.20; 116
30138;1986; 2; 1;20;  40;0.22;  88
30138;1986; 2; 2;20;  57;0.20; 114
30138;1986; 2; 1;28;  41;0.22;  90
30138;1986; 2; 2;28;  57;0.20; 114
30138;1986; 3; 1;10;  38;0.23;  87
30138;1986; 3; 2;10;  58;0.20; 116
30138;1986; 3; 1;15;  40;0.24;  96
30138;1986; 3; 2;15;  59;0.20; 118
30138;1986; 3; 1;20;  35;0.22;  77
30138;1986; 3; 2;20;  59;0.20; 118
30138;1986; 3; 1;25;  40;0.23;  92
30138;1986; 3; 2;25;  61;0.19; 116
30138;1986; 3; 1;31;  53;0.20; 106
30138;1986; 3; 2;31;  76;0.20; 152
30138;1986; 4; 1; 5;  53;0.22; 117
30138;1986; 4; 2; 5;  77;0.20; 154
30138;1986; 4; 1;10;  45;0.24; 108
30138;1986; 4; 2;10;  68;0.20; 136
30138;1986; 4; 1;15;  36;0.27;  97
30138;1986; 4; 2;15;  62;0.22; 136
30138;1986; 4; 1;20;  36;0.26;  94
30138;1986; 4; 2;20;  62;0.22; 136
30138;1986; 4; 1;25;  10;0.34;  34
30138;1986; 4; 2;25;  42;0.24; 101
30138;1986; 4; 2;30;  31;0.26;  81
30138;1986; 5; 2; 5;  18;0.29;  52
30138;1986; 5; 2;10;  15;0.35;  53
30138;1986; 5; 2;15;   4;0.31;  12
30138;1986;10; 1;20;   6;0.21;  13
30138;1986;10; 2;20;   5;0.20;  10
30138;1986;10; 1;31;  16;0.20;  32
30138;1986;11; 1;10;  24;0.19;  46
30138;1986;11; 1;20;  28;0.19;  53
30138;1986;11; 2;20;  38;0.17;  65
30138;1986;11; 1;30;  36;0.21;  76
30138;1986;12; 1;10;  33;0.22;  73
30138;1986;12; 1;20;  34;0.22;  75
30138;1986;12; 2;20;  44;0.18;  79
30138;1986;12; 1;31;  34;0.22;  75
30138;1987; 1; 1;10;  35;0.22;  77
30138;1987; 1; 1;20;  39;0.24;  94
30138;1987; 1; 2;20;  59;0.20; 118
30138;1987; 1; 1;31;  40;0.25; 100
30138;1987; 1; 2;31;  61;0.21; 128
30138;1987; 2; 1;10;  42;0.25; 105
30138;1987; 2; 2;10;  61;0.20; 122
30138;1987; 2; 1;20;  46;0.25; 115
30138;1987; 2; 2;20;  67;0.21; 141
30138;1987; 2; 1;28;  48;0.25; 120
30138;1987; 2; 2;28;  71;0.21; 149
30138;1987; 3; 1;10;  47;0.25; 118
30138;1987; 3; 2;10;  72;0.21; 151
30138;1987; 3; 1;15;  47;0.26; 122
30138;1987; 3; 2;15;  72;0.21; 151
30138;1987; 3; 1;20;  45;0.27; 122
30138;1987; 3; 2;20;  73;0.20; 146
30138;1987; 3; 1;25;  48;0.26; 125
30138;1987; 3; 2;25;  73;0.20; 146
30138;1987; 3; 1;31;  48;0.26; 125
30138;1987; 3; 2;31;  74;0.20; 148
30138;1987; 4; 1; 5;  49;0.26; 127
30138;1987; 4; 2; 5;  75;0.20; 150
30138;1987; 4; 1;10;  47;0.25; 118
30138;1987; 4; 2;10;  74;0.19; 141
30138;1987; 4; 1;15;  41;0.27; 111
30138;1987; 4; 2;15;  70;0.23; 161
30138;1987; 4; 1;20;  35;0.28;  98
30138;1987; 4; 2;20;  64;0.23; 147
30138;1987; 4; 1;25;  27;0.32;  86
30138;1987; 4; 2;25;  46;0.26; 120
30138;1987; 4; 1;30;  17;0.43;  73
30138;1987; 4; 2;30;  35;0.30; 105
30138;1987; 5; 2; 5;  32;0.31;  99
30138;1987; 5; 2;10;  15;0.34;  51
30138;1987;10; 1;20;  17;0.12;  20
30138;1987;10; 2;20;  14;0.12;  17
30138;1987;10; 1;31;  22;0.18;  40
30138;1987;11; 1;10;  26;0.20;  52
30138;1987;11; 1;20;  29;0.20;  58
30138;1987;11; 2;20;  34;0.16;  54
30138;1987;11; 1;30;  33;0.20;  66
30138;1987;12; 1;10;  35;0.22;  77
30138;1987;12; 1;20;  36;0.22;  79
30138;1987;12; 2;20;  62;0.18; 112
30138;1987;12; 1;31;  42;0.22;  92
30138;1988; 1; 1;10;  47;0.23; 108
30138;1988; 1; 1;20;  46;0.24; 110
30138;1988; 1; 2;20;  73;0.19; 139
30138;1988; 1; 1;31;  47;0.25; 118
30138;1988; 1; 2;31;  77;0.19; 146
30138;1988; 2; 1;10;  48;0.24; 115
30138;1988; 2; 2;10;  76;0.21; 160
30138;1988; 2; 1;20;  51;0.25; 128
30138;1988; 2; 2;20;  79;0.21; 166
30138;1988; 2; 1;29;  52;0.25; 130
30138;1988; 2; 2;29;  80;0.21; 168
30138;1988; 3; 1;10;  51;0.25; 128
30138;1988; 3; 2;10;  79;0.21; 166
30138;1988; 3; 1;15;  48;0.25; 120
30138;1988; 3; 2;15;  79;0.21; 166
30138;1988; 3; 1;20;  46;0.25; 115
30138;1988; 3; 2;20;  78;0.21; 164
30138;1988; 3; 1;25;  46;0.25; 115
30138;1988; 3; 2;25;  79;0.21; 166
30138;1988; 3; 1;31;  51;0.25; 128
30138;1988; 3; 2;31;  80;0.22; 176
30138;1988; 4; 1; 5;  46;0.26; 120
30138;1988; 4; 2; 5;  73;0.22; 161
30138;1988; 4; 1;10;  37;0.28; 104
30138;1988; 4; 2;10;  67;0.23; 154
30138;1988; 4; 2;15;  45;0.26; 117
30138;1988; 4; 2;20;  37;0.28; 104
30138;1988; 4; 2;25;  30;0.34; 102
30138;1988; 4; 2;30;  30;0.32;  96
30138;1988; 5; 2; 5;  22;0.30;  66
30138;1988; 5; 2;10;   8;0.33;  26
30138;1988;10; 1;31;   1;    ;    
30138;1988;11; 1;10;  11;0.14;  15
30138;1988;11; 1;20;  18;0.16;  29
30138;1988;11; 2;20;  24;0.15;  36
30138;1988;11; 1;30;  19;0.18;  34
30138;1988;12; 1;10;  26;0.18;  47
30138;1988;12; 1;20;  31;0.19;  59
30138;1988;12; 2;20;  41;0.17;  70
30138;1988;12; 1;31;  29;0.20;  58
30138;1989; 1; 1;10;  28;0.20;  56
30138;1989; 1; 1;20;  33;0.21;  69
30138;1989; 1; 2;20;  49;0.17;  83
30138;1989; 1; 1;31;  42;0.20;  84
30138;1989; 1; 2;31;  54;0.16;  86
30138;1989; 2; 1;10;  41;0.20;  82
30138;1989; 2; 2;10;  56;0.18; 101
30138;1989; 2; 1;20;  42;0.22;  92
30138;1989; 2; 2;20;  58;0.18; 104
30138;1989; 2; 1;28;  44;0.22;  97
30138;1989; 2; 2;28;  60;0.18; 108
30138;1989; 3; 1;10;  42;0.23;  97
30138;1989; 3; 2;10;  59;0.18; 106
30138;1989; 3; 1;15;  46;0.23; 106
30138;1989; 3; 2;15;  70;0.18; 126
30138;1989; 3; 1;20;  45;0.23; 104
30138;1989; 3; 2;20;  70;0.19; 133
30138;1989; 3; 1;25;  44;0.26; 114
30138;1989; 3; 2;25;  65;0.18; 117
30138;1989; 3; 1;31;  38;0.26;  99
30138;1989; 3; 2;31;  63;0.21; 132
30138;1989; 4; 1; 5;  36;0.27;  97
30138;1989; 4; 2; 5;  60;0.22; 132
30138;1989; 4; 1;10;  22;0.28;  62
30138;1989; 4; 2;10;  53;0.25; 133
30138;1989; 4; 1;15;  20;0.28;  56
30138;1989; 4; 2;15;  51;0.26; 133
30138;1989; 4; 1;20;  18;0.30;  54
30138;1989; 4; 2;20;  46;0.26; 120
30138;1989; 4; 1;25;  12;0.32;  38
30138;1989; 4; 2;25;  41;0.28; 115
30138;1989; 4; 2;30;  33;0.31; 102
30138;1989; 5; 2; 5;  24;0.34;  82
30138;1989; 5; 2;10;  15;0.38;  57
30138;1989;10; 1;20;   7;0.22;  15
30138;1989;10; 2;20;  14;0.23;  32
30138;1989;10; 1;31;  11;0.17;  19
30138;1989;11; 1;10;  13;0.18;  23
30138;1989;11; 1;20;  17;0.20;  34
30138;1989;11; 2;20;  30;0.14;  42
30138;1989;11; 1;30;  19;0.20;  38
30138;1989;12; 1;10;  23;0.22;  51
30138;1989;12; 1;20;  27;0.21;  57
30138;1989;12; 2;20;  43;0.14;  60
30138;1989;12; 1;31;  30;0.21;  63
30138;1990; 1; 1;10;  31;0.22;  68
30138;1990; 1; 1;20;  35;0.22;  77
30138;1990; 1; 2;20;  47;0.15;  71
30138;1990; 1; 1;31;  34;0.21;  71
30138;1990; 1; 2;31;  50;0.16;  80
30138;1990; 2; 1;10;  39;0.21;  82
30138;1990; 2; 2;10;  54;0.16;  86
30138;1990; 2; 1;20;  44;0.21;  92
30138;1990; 2; 2;20;  56;0.16;  90
30138;1990; 2; 1;28;  36;0.22;  79
30138;1990; 2; 2;28;  56;0.17;  95
30138;1990; 3; 1;10;  33;0.22;  73
30138;1990; 3; 2;10;  53;0.18;  95
30138;1990; 3; 1;15;  33;0.22;  73
30138;1990; 3; 2;15;  52;0.19;  99
30138;1990; 3; 1;20;  31;0.22;  68
30138;1990; 3; 2;20;  50;0.19;  95
30138;1990; 3; 1;25;  27;0.24;  65
30138;1990; 3; 2;25;  46;0.20;  92
30138;1990; 3; 1;31;  17;0.25;  43
30138;1990; 3; 2;31;  36;0.20;  72
30138;1990; 4; 1; 5;  11;0.27;  30
30138;1990; 4; 2; 5;  31;0.23;  71
30138;1990; 4; 1;10;  24;0.26;  62
30138;1990; 4; 2;10;  40;0.22;  88
30138;1990; 4; 1;15;   6;0.32;  19
30138;1990; 4; 2;15;  33;0.24;  79
30138;1990; 4; 2;20;  25;0.29;  73
30138;1990; 4; 2;25;  22;0.31;  68
30138;1990; 4; 2;30;  16;0.34;  54
30138;1990;10; 1;31;   3;    ;    
30138;1990;11; 1;10;   9;0.18;  16
30138;1990;11; 1;20;  10;0.20;  20
30138;1990;11; 2;20;  17;0.13;  22
30138;1990;11; 1;30;  14;0.20;  28
30138;1990;12; 1;10;  18;0.20;  36
30138;1990;12; 1;20;  14;0.22;  31
30138;1990;12; 2;20;  36;0.17;  61
30138;1990;12; 1;31;  17;0.24;  41
30138;1991; 1; 1;10;  16;0.24;  38
30138;1991; 1; 1;20;  19;0.24;  46
30138;1991; 1; 2;20;  44;0.16;  70
30138;1991; 1; 1;31;  20;0.24;  48
30138;1991; 1; 2;31;  48;0.16;  77
30138;1991; 2; 1;10;  19;0.22;  42
30138;1991; 2; 2;10;  47;0.18;  85
30138;1991; 2; 1;20;  21;0.22;  46
30138;1991; 2; 2;20;  48;0.18;  86
30138;1991; 2; 1;28;  28;0.22;  62
30138;1991; 2; 2;28;  58;0.19; 110
30138;1991; 3; 1;10;  30;0.22;  66
30138;1991; 3; 2;10;  58;0.19; 110
30138;1991; 3; 1;15;  28;0.22;  62
30138;1991; 3; 2;15;  55;0.19; 105
30138;1991; 3; 1;20;  31;0.22;  68
30138;1991; 3; 2;20;  56;0.19; 106
30138;1991; 3; 1;25;  28;0.22;  62
30138;1991; 3; 2;25;  56;0.19; 106
30138;1991; 3; 1;31;  24;0.23;  55
30138;1991; 3; 2;31;  52;0.20; 104
30138;1991; 4; 1; 5;  21;0.25;  53
30138;1991; 4; 2; 5;  47;0.21;  99
30138;1991; 4; 1;10;  12;0.27;  32
30138;1991; 4; 2;10;  45;0.21;  95
30138;1991; 4; 1;15;   9;0.28;  25
30138;1991; 4; 2;15;  42;0.22;  92
30138;1991; 4; 2;20;  38;0.22;  84
30138;1991; 4; 2;25;  28;0.26;  73
30138;1991; 4; 2;30;  18;0.27;  49
30138;1991;10; 1;10;   4;    ;    
30138;1991;10; 1;20;   4;0.17;   7
30138;1991;10; 2;20;   9;0.15;  14
30138;1991;10; 1;31;  11;0.16;  18
30138;1991;11; 1;10;  16;0.15;  24
30138;1991;11; 1;20;  19;0.18;  34
30138;1991;11; 2;20;  30;0.15;  45
30138;1991;11; 1;30;  23;0.19;  44
30138;1991;12; 1;10;  23;0.20;  46
30138;1991;12; 1;20;  22;0.21;  46
30138;1991;12; 2;20;  40;0.16;  64
30138;1991;12; 1;31;  28;0.21;  59
30138;1992; 1; 1;10;  30;0.22;  66
30138;1992; 1; 1;20;  35;0.21;  74
30138;1992; 1; 2;20;  48;0.17;  82
30138;1992; 1; 1;31;  37;0.21;  78
30138;1992; 1; 2;31;  51;0.17;  87
30138;1992; 2; 1;10;  39;0.22;  86
30138;1992; 2; 2;10;  60;0.18; 108
30138;1992; 2; 1;20;  42;0.23;  97
30138;1992; 2; 2;20;  69;0.18; 124
30138;1992; 2; 1;29;  45;0.24; 108
30138;1992; 2; 2;29;  72;0.19; 137
30138;1992; 3; 1;10;  49;0.23; 113
30138;1992; 3; 2;10;  75;0.20; 150
30138;1992; 3; 1;15;  49;0.23; 113
30138;1992; 3; 2;15;  73;0.20; 146
30138;1992; 3; 1;20;  48;0.23; 110
30138;1992; 3; 2;20;  73;0.20; 146
30138;1992; 3; 1;25;  47;0.24; 113
30138;1992; 3; 2;25;  74;0.20; 148
30138;1992; 3; 1;31;  46;0.24; 110
30138;1992; 3; 2;31;  76;0.20; 152
30138;1992; 4; 1; 5;  46;0.24; 110
30138;1992; 4; 2; 5;  73;0.20; 146
30138;1992; 4; 1;10;  48;0.23; 110
30138;1992; 4; 2;10;  74;0.19; 141
30138;1992; 4; 1;15;  43;0.23;  99
30138;1992; 4; 2;15;  71;0.20; 142
30138;1992; 4; 1;20;  37;0.25;  93
30138;1992; 4; 2;20;  59;0.23; 136
30138;1992; 4; 1;25;  32;0.30;  96
30138;1992; 4; 2;25;  55;0.27; 149
30138;1992; 4; 1;30;  21;0.32;  67
30138;1992; 4; 2;30;  46;0.28; 129
30138;1992; 5; 2; 5;  29;0.33;  96
30138;1992; 5; 2;10;  15;0.37;  56
30138;1992;10; 1;20;   4;    ;    
30138;1992;10; 2;20;   5;0.15;   8
30138;1992;11; 1;10;  14;0.11;  15
30138;1992;11; 1;20;  19;0.13;  25
30138;1992;11; 2;20;  22;0.12;  26
30138;1992;11; 1;30;  27;0.13;  35
30138;1992;12; 1;10;  30;0.14;  42
30138;1992;12; 1;20;  28;0.17;  48
30138;1992;12; 2;20;  30;0.14;  42
30138;1992;12; 1;31;  30;0.18;  54
30138;1993; 1; 1;10;  30;0.20;  60
30138;1993; 1; 1;20;  30;0.21;  63
30138;1993; 1; 2;20;  52;0.16;  83
30138;1993; 1; 1;31;  32;0.21;  67
30138;1993; 1; 2;31;  54;0.18;  97
30138;1993; 2; 1;10;  32;0.22;  70
30138;1993; 2; 2;10;  52;0.19;  99
30138;1993; 2; 1;20;  34;0.22;  75
30138;1993; 2; 2;20;  55;0.19; 105
30138;1993; 2; 1;28;  35;0.22;  77
30138;1993; 2; 2;28;  54;0.20; 108
30138;1993; 3; 1;10;  33;0.22;  73
30138;1993; 3; 2;10;  56;0.20; 112
30138;1993; 3; 1;15;  30;0.23;  69
30138;1993; 3; 2;15;  58;0.20; 116
30138;1993; 3; 1;20;  30;0.24;  72
30138;1993; 3; 2;20;  56;0.20; 112
30138;1993; 3; 1;25;  29;0.25;  73
30138;1993; 3; 2;25;  51;0.20; 102
30138;1993; 3; 1;31;  29;0.25;  73
30138;1993; 3; 2;31;  47;0.21;  99
30138;1993; 4; 1; 5;  26;0.26;  68
30138;1993; 4; 2; 5;  47;0.22; 103
30138;1993; 4; 1;10;  16;0.02;   3
30138;1993; 4; 2;10;  45;0.24; 108
30138;1993; 4; 2;15;  37;0.25;  93
30138;1993; 4; 2;20;  26;0.27;  70
30138;1993; 4; 2;25;  18;0.30;  54
30138;1993;10; 1;31;   3;    ;    
30138;1993;11; 1;10;  14;0.17;  24
30138;1993;11; 1;20;  18;0.16;  29
30138;1993;11; 2;20;  19;0.13;  25
30138;1993;11; 1;30;  24;0.18;  43
30138;1993;12; 1;10;  29;0.20;  58
30138;1993;12; 1;20;  32;0.24;  77
30138;1993;12; 2;20;  29;0.24;  70
30138;1993;12; 1;31;  37;0.24;  89
30138;1994; 1; 1;10;  38;0.25;  95
30138;1994; 1; 1;20;  38;0.27; 103
30138;1994; 1; 2;20;  60;0.20; 120
30138;1994; 1; 1;31;  40;0.30; 120
30138;1994; 1; 2;31;  66;0.19; 125
30138;1994; 2; 1;10;  46;0.27; 124
30138;1994; 2; 2;10;  61;0.19; 116
30138;1994; 2; 1;20;  46;0.24; 110
30138;1994; 2; 2;20;  63;0.20; 126
30138;1994; 2; 1;28;  47;0.24; 113
30138;1994; 2; 2;28;  64;0.20; 128
30138;1994; 3; 1;10;  43;0.23;  99
30138;1994; 3; 2;10;  66;0.20; 132
30138;1994; 3; 1;15;  47;0.25; 118
30138;1994; 3; 2;15;  63;0.19; 120
30138;1994; 3; 1;20;  41;0.23;  94
30138;1994; 3; 2;20;  66;0.20; 132
30138;1994; 3; 1;25;  40;0.26; 104
30138;1994; 3; 2;25;  64;0.20; 128
30138;1994; 3; 1;31;  39;0.25;  98
30138;1994; 3; 2;31;  62;0.22; 136
30138;1994; 4; 1; 5;  39;0.27; 105
30138;1994; 4; 2; 5;  64;0.23; 147
30138;1994; 4; 1;10;  40;0.25; 100
30138;1994; 4; 2;10;  63;0.23; 145
30138;1994; 4; 1;15;  41;0.25; 103
30138;1994; 4; 2;15;  64;0.23; 147
30138;1994; 4; 1;20;  44;0.26; 114
30138;1994; 4; 2;20;  66;0.23; 152
30138;1994; 4; 1;25;  39;0.29; 113
30138;1994; 4; 2;25;  58;0.26; 151
30138;1994; 4; 2;30;  43;0.28; 120
30138;1994; 5; 2; 5;  24;0.29;  70
30138;1994;10; 1;31;  12;0.16;  19
30138;1994;10; 2;31;  17;0.14;  24
30138;1994;11; 1;10;  24;0.16;  38
30138;1994;11; 1;20;  23;0.16;  37
30138;1994;11; 2;20;  31;0.14;  43
30138;1994;11; 1;30;  25;0.17;  43
30138;1994;12; 1;10;  31;0.17;  53
30138;1994;12; 1;20;  39;0.17;  66
30138;1994;12; 2;20;  46;0.14;  64
30138;1994;12; 1;31;  43;0.18;  77
30138;1995; 1; 1;10;  40;0.20;  80
30138;1995; 1; 1;20;  40;0.20;  80
30138;1995; 1; 2;20;  69;0.17; 117
30138;1995; 1; 1;31;  45;0.20;  90
30138;1995; 1; 2;31;  70;0.19; 133
30138;1995; 2; 1;10;  49;0.21; 103
30138;1995; 2; 2;10;  75;0.20; 150
30138;1995; 2; 1;20;  51;0.22; 112
30138;1995; 2; 2;20;  77;0.20; 154
30138;1995; 2; 1;28;  56;0.22; 123
30138;1995; 2; 2;28;  79;0.20; 158
30138;1995; 3; 1;10;  54;0.23; 124
30138;1995; 3; 2;10;  82;0.21; 172
30138;1995; 3; 1;15;  54;0.23; 124
30138;1995; 3; 2;15;  85;0.21; 179
30138;1995; 3; 1;20;  54;0.24; 130
30138;1995; 3; 2;20;  85;0.21; 179
30138;1995; 3; 1;25;  55;0.23; 127
30138;1995; 3; 2;25;  84;0.21; 176
30138;1995; 3; 1;31;  55;0.24; 132
30138;1995; 3; 2;31;  84;0.22; 185
30138;1995; 4; 1; 5;  51;0.25; 128
30138;1995; 4; 2; 5;  80;0.23; 184
30138;1995; 4; 1;10;  51;0.25; 128
30138;1995; 4; 2;10;  78;0.23; 179
30138;1995; 4; 1;15;  50;0.26; 130
30138;1995; 4; 2;15;  75;0.23; 173
30138;1995; 4; 1;20;  43;0.26; 112
30138;1995; 4; 2;20;  63;0.24; 151
30138;1995; 4; 1;25;  39;0.26; 101
30138;1995; 4; 2;25;  68;0.24; 163
30138;1995; 4; 1;30;  38;0.26;  99
30138;1995; 4; 2;30;  71;0.24; 170
30138;1995; 5; 1; 5;  12;0.31;  37
30138;1995; 5; 2; 5;  50;0.28; 140
30138;1995; 5; 2;10;  25;0.32;  80
30138;1995;10; 1;31;  13;0.12;  16
30138;1995;10; 2;31;  12;0.13;  16
30138;1995;11; 1;10;  17;0.13;  22
30138;1995;11; 1;20;  22;0.14;  31
30138;1995;11; 2;20;  34;0.13;  44
30138;1995;11; 1;30;  33;0.17;  56
30138;1995;12; 1;10;  36;0.18;  65
30138;1995;12; 1;20;  35;0.20;  70
30138;1995;12; 2;20;  43;0.17;  73
30138;1995;12; 1;31;  36;0.22;  79
30138;1996; 1; 1;10;  39;0.22;  86
30138;1996; 1; 1;20;  38;0.23;  87
30138;1996; 1; 2;20;  58;0.19; 110
30138;1996; 1; 1;31;  40;0.24;  96
30138;1996; 1; 2;31;  61;0.20; 122
30138;1996; 2; 1;10;  43;0.24; 103
30138;1996; 2; 2;10;  64;0.20; 128
30138;1996; 2; 1;20;  43;0.25; 108
30138;1996; 2; 2;20;  66;0.20; 132
30138;1996; 2; 1;29;  44;0.25; 110
30138;1996; 2; 2;29;  67;0.20; 134
30138;1996; 3; 1;10;  44;0.25; 110
30138;1996; 3; 2;10;  68;0.20; 136
30138;1996; 3; 1;15;  45;0.25; 113
30138;1996; 3; 2;15;  67;0.21; 141
30138;1996; 3; 1;20;  45;0.25; 113
30138;1996; 3; 2;20;  67;0.21; 141
30138;1996; 3; 1;25;  44;0.25; 110
30138;1996; 3; 2;25;  66;0.21; 139
30138;1996; 3; 1;31;  44;0.25; 110
30138;1996; 3; 2;31;  60;0.22; 132
30138;1996; 4; 1; 5;  44;0.26; 114
30138;1996; 4; 2; 5;  60;0.22; 132
30138;1996; 4; 1;10;  40;0.26; 104
30138;1996; 4; 2;10;  59;0.23; 136
30138;1996; 4; 1;15;  38;0.26;  99
30138;1996; 4; 2;15;  58;0.23; 133
30138;1996; 4; 1;20;  36;0.29; 104
30138;1996; 4; 2;20;  56;0.24; 134
30138;1996; 4; 1;25;   6;0.32;  19
30138;1996; 4; 2;25;  34;0.27;  92
30138;1996; 4; 2;30;  11;0.32;  35
30138;1996; 5; 2; 5;   2;0.38;   8
30138;1996;10; 1;31;  18;0.13;  23
30138;1996;11; 1;10;  20;0.14;  28
30138;1996;11; 1;20;  27;0.14;  38
30138;1996;11; 2;20;  35;0.12;  42
30138;1996;11; 1;30;  30;0.16;  48
30138;1996;12; 1;10;  38;0.16;  61
30138;1996;12; 1;20;  46;0.17;  78
30138;1996;12; 2;20;  60;0.15;  90
30138;1996;12; 1;31;  45;0.19;  86
30138;1997; 1; 1;10;  45;0.22;  99
30138;1997; 1; 2;20;  62;0.18; 112
30138;1997; 1; 3;20;  46;0.23; 106
30138;1997; 1; 3;31;  67;0.19; 127
30138;1997; 2; 1;10;  49;0.23; 113
30138;1997; 2; 2;10;  68;0.19; 129
30138;1997; 2; 3;20;  70;0.19; 133
30138;1997; 2; 3;28;  71;0.19; 135
30138;1997; 3; 1;10;  60;0.23; 138
30138;1997; 3; 2;10;  71;0.19; 135
30138;1997; 3; 3;15;  71;0.19; 135
30138;1997; 3; 3;20;  71;0.19; 135
30138;1997; 3; 3;25;  66;    ;    
30138;1997; 3; 3;31;  66;0.21; 139
30138;1997; 4; 1; 5;  48;0.26; 125
30138;1997; 4; 2; 5;  60;0.22; 132
30138;1997; 4; 3;10;  44;0.28; 123
30138;1997; 4; 3;15;  26;0.32;  83
30138;1997; 4; 3;20;   4;0.36;  14
30138;1997;10; 1;20;  16;0.12;  19
30138;1997;10; 2;20;  13;0.12;  16
30138;1997;10; 3;31;  14;    ;    
30138;1997;11; 1;10;  18;0.16;  29
30138;1997;11; 2;20;  29;0.16;  46
30138;1997;11; 3;20;  23;0.18;  41
30138;1997;11; 3;30;  26;0.19;  49
30138;1997;12; 1;10;  26;0.19;  49
30138;1997;12; 2;20;  48;0.17;  82
30138;1997;12; 3;20;  27;0.20;  54
30138;1997;12; 3;31;  31;0.20;  62
30138;1998; 1; 1;10;  34;0.21;  71
30138;1998; 1; 2;20;  50;    ;    
30138;1998; 1; 3;20;  35;0.21;  74
30138;1998; 1; 3;31;  51;0.19;  97
30138;1998; 2; 1;10;  38;0.22;  84
30138;1998; 2; 2;10;  51;0.19;  97
30138;1998; 2; 3;20;  53;0.19; 101
30138;1998; 2; 3;28;  53;0.20; 106
30138;1998; 3; 1;10;  44;0.23; 101
30138;1998; 3; 2;10;  54;0.20; 108
30138;1998; 3; 3;15;  54;0.20; 108
30138;1998; 3; 3;20;  55;0.21; 116
30138;1998; 3; 3;25;  55;0.21; 116
30138;1998; 3; 3;31;  56;0.22; 123
30138;1998; 4; 1; 5;  26;0.27;  70
30138;1998; 4; 2; 5;  44;0.24; 106
30138;1998; 4; 3;10;  34;0.26;  88
30138;1998; 4; 3;15;  28;0.29;  81
30138;1998; 4; 3;20;  26;0.29;  75
30138;1998; 4; 3;25;  22;0.31;  68
30138;1998;10; 1;20;   8;    ;    
30138;1998;10; 2;20;   9;    ;    
30138;1998;10; 3;31;   5;    ;    
30138;1998;11; 1;10;  20;0.15;  30
30138;1998;11; 2;20;  25;0.15;  38
30138;1998;11; 3;20;  23;0.16;  37
30138;1998;11; 3;30;  25;0.16;  40
30138;1998;12; 1;10;  30;0.17;  51
30138;1998;12; 2;20;  51;0.15;  77
30138;1998;12; 3;20;  39;0.17;  66
30138;1998;12; 3;31;  46;0.18;  83
30138;1999; 1; 1;10;  48;0.19;  91
30138;1999; 1; 2;20;  58;0.16;  93
30138;1999; 1; 3;20;  48;0.20;  96
30138;1999; 1; 3;31;  64;0.17; 109
30138;1999; 2; 1;10;  49;0.21; 103
30138;1999; 2; 2;10;  64;0.17; 109
30138;1999; 2; 3;20;  65;0.17; 111
30138;1999; 2; 3;28;  65;0.18; 117
30138;1999; 4; 1; 5;  42;0.26; 109
30138;1999; 4; 2; 5;  63;    ;    
30138;1999; 4; 3;10;  50;0.25; 125
30138;1999; 4; 3;15;  44;0.28; 123
30138;1999; 4; 3;20;  47;    ;    
30138;1999; 4; 3;25;  32;0.32; 102
30138;1999; 4; 3;30;  22;    ;    
30138;1999; 5; 2; 5;   8;    ;    
30138;1999; 9; 1;30;   3;    ;    
30138;1999;10; 2;20;   2;    ;    
30138;1999;10; 1;31;  11;    ;    
30138;1999;11; 1;10;   9;0.15;  14
30138;1999;11; 2;20;  11;0.15;  17
30138;1999;11; 3;20;  13;0.16;  21
30138;1999;11; 3;30;  21;0.16;  34
30138;1999;12; 1;10;  33;0.16;  53
30138;1999;12; 2;20;  48;0.15;  72
30138;1999;12; 3;20;  35;0.17;  60
30138;1999;12; 3;31;  39;0.18;  70
30138;2000; 1; 1;10;  40;0.18;  72
30138;2000; 1; 2;20;  55;0.16;  88
30138;2000; 1; 3;20;  47;0.20;  94
30138;2000; 1; 3;31;  55;0.17;  94
30138;2000; 2; 1;10;  50;0.22; 110
30138;2000; 2; 2;10;  57;0.17;  97
30138;2000; 2; 3;20;  58;0.18; 104
30138;2000; 2; 3;29;  58;0.18; 104
30138;2000; 3; 1;10;  56;0.23; 129
30138;2000; 3; 2;10;  59;    ;    
30138;2000; 3; 3;15;  60;    ;    
30138;2000; 3; 3;20;  60;0.19; 114
30138;2000; 3; 3;25;  66;0.19; 125
30138;2000; 3; 3;31;  65;0.20; 130
30138;2000; 4; 1; 5;  61;0.24; 146
30138;2000; 4; 2; 5;  67;0.20; 134
30138;2000; 4; 3;10;  64;0.21; 134
30138;2000; 4; 3;15;  58;0.22; 128
30138;2000; 4; 3;20;  39;0.26; 101
30138;2000; 4; 3;25;  21;0.32;  67
30138;2000; 4; 3;30;   8;    ;    
30138;2000;10; 1;20;  14;0.13;  18
30138;2000;10; 2;20;  20;0.12;  24
30138;2000;10; 3;31;  16;0.14;  22
30138;2000;11; 1;10;  21;0.16;  34
30138;2000;11; 2;20;  23;0.13;  30
30138;2000;11; 3;20;  21;0.16;  34
30138;2000;11; 3;30;  28;0.16;  45
30138;2000;12; 1;10;  34;0.19;  65
30138;2000;12; 2;20;  47;0.15;  71
30138;2000;12; 3;20;  37;0.19;  70
30138;2000;12; 3;31;  48;0.15;  72
30138;2001; 1; 1;10;  40;0.20;  80
30138;2001; 1; 2;20;  51;0.18;  92
30138;2001; 1; 3;20;  40;0.20;  80
30138;2001; 1; 3;31;  53;0.19; 101
30138;2001; 2; 1;10;  45;0.22;  99
30138;2001; 2; 2;10;  53;0.19; 101
30138;2001; 2; 3;20;  54;0.20; 108
30138;2001; 2; 3;28;  56;0.20; 112
30138;2001; 3; 1;10;  51;0.23; 117
30138;2001; 3; 2;10;  59;0.20; 118
30138;2001; 3; 3;15;  60;0.20; 120
30138;2001; 3; 3;20;  61;0.20; 122
30138;2001; 3; 3;25;  62;0.20; 124
30138;2001; 3; 3;31;  64;0.21; 134
30138;2001; 4; 1; 5;  51;0.25; 128
30138;2001; 4; 2; 5;  66;0.21; 139
30138;2001; 4; 3;10;  66;0.22; 145
30138;2001; 4; 3;15;  63;0.23; 145
30138;2001; 4; 3;20;  63;0.24; 151
30138;2001; 4; 3;25;  45;0.28; 126
30138;2001; 4; 3;30;  40;0.29; 116
30138;2001; 5; 1; 5;   2;    ;    
30138;2001; 5; 2; 5;  22;0.31;  68
30138;2001; 5; 3;10;   4;    ;    
30138;2001;11; 1;10;   5;0.12;   6
30138;2001;11; 2;20;   4;0.10;   4
30138;2001;11; 3;30;   8;0.14;  11
30138;2001;12; 1;10;  14;0.16;  22
30138;2001;12; 2;20;  34;    ;    
30138;2001;12; 3;20;  16;0.16;  26
30138;2001;12; 3;31;  16;0.16;  26
30138;2002; 1; 1;10;  32;0.20;  64
30138;2002; 1; 2;20;  43;0.19;  82
30138;2002; 1; 3;20;  34;0.20;  68
30138;2002; 1; 3;31;  47;0.20;  94
30138;2002; 2; 1;10;  41;0.22;  90
30138;2002; 2; 2;10;  50;0.20; 100
30138;2002; 2; 3;20;  52;0.20; 104
30138;2002; 2; 3;28;  53;0.21; 111
30138;2002; 3; 1;10;  40;0.23;  92
30138;2002; 3; 2;10;  56;0.22; 123
30138;2002; 3; 3;15;  55;    ;    
30138;2002; 3; 3;20;  58;0.22; 128
30138;2002; 3; 3;25;  62;0.22; 136
30138;2002; 3; 3;31;  62;0.22; 136
30138;2002; 4; 1; 5;  40;0.25; 100
30138;2002; 4; 2; 5;  61;0.23; 140
30138;2002; 4; 3;10;  61;0.23; 140
30138;2002; 4; 3;15;  60;0.24; 144
30138;2002; 4; 3;20;  72;0.24; 173
30138;2002; 4; 3;25;  59;0.29; 171
30138;2002; 4; 3;30;  42;0.29; 122
30138;2002; 5; 1; 5;   1;    ;    
30138;2002; 5; 2; 5;  18;0.31;  56
30138;2002; 5; 3;10;   4;    ;    
30138;2002;10; 1;20;  13;0.13;  17
30138;2002;10; 2;20;  15;0.12;  18
30138;2002;10; 3;31;  13;0.13;  17
30138;2002;11; 1;10;  20;0.16;  32
30138;2002;11; 2;20;  38;0.13;  49
30138;2002;11; 3;20;  22;0.16;  35
30138;2002;11; 3;30;  25;0.17;  43
30138;2002;12; 1;10;  27;0.17;  46
30138;2002;12; 2;20;  48;0.14;  67
30138;2002;12; 3;20;  29;0.19;  55
30138;2002;12; 3;31;  30;0.19;  57
30138;2003; 1; 1;10;  40;0.22;  88
30138;2003; 1; 2;20;  53;0.18;  95
30138;2003; 1; 3;20;  43;0.22;  95
30138;2003; 1; 3;31;  62;0.19; 118
30138;2003; 2; 1;10;  46;0.22; 101
30138;2003; 2; 2;10;  63;0.19; 120
30138;2003; 2; 3;20;  64;0.20; 128
30138;2003; 2; 3;28;  64;0.20; 128
30138;2003; 3; 1;10;  45;0.24; 108
30138;2003; 3; 2;10;  66;0.20; 132
30138;2003; 3; 3;15;  66;0.21; 139
30138;2003; 3; 3;20;  65;0.20; 130
30138;2003; 3; 3;25;  64;0.21; 134
30138;2003; 3; 3;31;  64;0.23; 147
30138;2003; 4; 1; 5;  39;0.25;  98
30138;2003; 4; 2; 5;  62;0.23; 143
30138;2003; 4; 3;10;  57;0.23; 131
30138;2003; 4; 3;15;  55;0.24; 132
30138;2003; 4; 3;20;  40;0.25; 100
30138;2003; 4; 3;25;  36;0.28; 101
30138;2003; 4; 3;30;  28;0.31;  87
30138;2003;10; 1;10;  17;0.11;  19
30138;2003;10; 3;31;   3;    ;    
30138;2003;11; 1;10;  11;0.15;  17
30138;2003;11; 2;20;  28;0.14;  39
30138;2003;11; 3;20;  12;0.16;  19
30138;2003;11; 3;30;  17;0.16;  27
30138;2003;12; 1;10;  20;0.19;  38
30138;2003;12; 2;20;  30;0.15;  45
30138;2003;12; 3;20;  20;0.20;  40
30138;2003;12; 3;31;  25;0.20;  50
30138;2004; 1; 1;10;  25;0.22;  55
30138;2004; 1; 2;20;  50;0.19;  95
30138;2004; 1; 3;20;  35;0.22;  77
30138;2004; 1; 3;31;  53;0.19; 101
30138;2004; 2; 1;10;  37;0.22;  81
30138;2004; 2; 2;10;  65;0.20; 130
30138;2004; 2; 3;20;  68;0.20; 136
30138;2004; 2; 3;29;  69;0.20; 138
30138;2004; 3; 1;10;  43;0.23;  99
30138;2004; 3; 2;10;  78;    ;    
30138;2004; 3; 3;15;  77;    ;    
30138;2004; 3; 3;20;  78;0.20; 156
30138;2004; 3; 3;25;  80;0.20; 160
30138;2004; 3; 3;31;  80;0.21; 168
30138;2004; 4; 1; 5;  37;0.26;  96
30138;2004; 4; 2; 5;  78;0.22; 172
30138;2004; 4; 3;10;  75;0.23; 173
30138;2004; 4; 3;15;  72;0.23; 166
30138;2004; 4; 3;20;  69;0.24; 166
30138;2004; 4; 3;25;  62;0.25; 155
30138;2004; 4; 3;30;  52;0.28; 146
30138;2004; 5; 1; 5;   3;    ;    
30138;2004; 5; 2; 5;  31;0.31;  96
30138;2004; 5; 3;10;  10;0.32;  32
30138;2004; 5; 3;15;   4;    ;    
30138;2004;10; 1;31;   2;    ;    
30138;2004;11; 1;10;   3;    ;    
30138;2004;11; 2;20;  16;0.12;  19
30138;2004;11; 3;20;  12;0.14;  17
30138;2004;11; 3;30;  15;0.16;  24
30138;2004;12; 1;10;  28;0.19;  53
30138;2004;12; 2;20;  57;0.15;  86
30138;2004;12; 3;20;  28;0.19;  53
30138;2004;12; 3;31;  33;0.20;  66
30138;2005; 1; 1;10;  31;0.20;  62
30138;2005; 1; 2;20;  51;0.18;  92
30138;2005; 1; 3;20;  39;0.20;  78
30138;2005; 1; 3;31;  62;0.20; 124
30138;2005; 2; 1;10;  43;0.22;  95
30138;2005; 2; 2;10;  63;0.20; 126
30138;2005; 2; 3;20;  64;0.20; 128
30138;2005; 2; 3;28;  66;0.20; 132
30138;2005; 3; 1;10;  44;0.23; 101
30138;2005; 3; 2;10;  64;0.20; 128
30138;2005; 3; 3;15;  65;0.20; 130
30138;2005; 3; 3;20;  65;0.20; 130
30138;2005; 3; 3;25;  67;0.20; 134
30138;2005; 3; 3;31;  66;0.21; 139
30138;2005; 4; 1; 5;  39;0.25;  98
30138;2005; 4; 2; 5;  65;0.21; 137
30138;2005; 4; 3;10;  62;0.22; 136
30138;2005; 4; 3;15;  59;0.23; 136
30138;2005; 4; 3;20;  54;0.24; 130
30138;2005; 4; 3;25;  42;0.24; 101
30138;2005; 4; 3;30;   8;0.31;  25
30138;2005;10; 1;20;  11;0.13;  14
30138;2005;10; 2;20;  15;0.12;  18
30138;2005;11; 1;10;  12;0.14;  17
30138;2005;11; 2;20;  30;0.13;  39
30138;2005;11; 3;20;  18;0.15;  27
30138;2005;11; 3;30;  23;0.16;  37
30138;2005;12; 1;10;  26;0.19;  49
30138;2005;12; 2;20;  58;0.15;  87
30138;2005;12; 3;20;  31;0.19;  59
30138;2005;12; 3;31;  36;0.20;  72
30138;2006; 1; 1;10;  38;0.20;  76
30138;2006; 1; 2;20;  62;0.18; 112
30138;2006; 1; 3;20;  40;0.20;  80
30138;2006; 1; 3;31;  64;0.19; 122
30138;2006; 2; 1;10;  42;0.22;  92
30138;2006; 2; 2;10;  72;0.19; 137
30138;2006; 2; 1;20;  46;0.22; 101
30138;2006; 2; 2;20;  74;0.20; 148
30138;2006; 2; 1;28;  49;0.23; 113
30138;2006; 2; 2;28;  76;0.20; 152
30138;2006; 3; 1;10;  43;0.23;  99
30138;2006; 3; 2;10;  77;0.21; 162
30138;2006; 3; 1;15;  46;0.24; 110
30138;2006; 3; 2;15;  80;0.20; 160
30138;2006; 3; 1;20;  45;0.24; 108
30138;2006; 3; 2;20;  81;0.20; 162
30138;2006; 3; 1;25;  47;0.24; 113
30138;2006; 3; 2;25;  84;0.20; 168
30138;2006; 3; 1;31;  49;0.25; 123
30138;2006; 3; 2;31;  84;0.21; 176
30138;2006; 4; 1; 5;  50;0.25; 125
30138;2006; 4; 2; 5;  85;0.21; 179
30138;2006; 4; 3;10;  86;0.22; 189
30138;2006; 4; 3;15;  88;0.23; 202
30138;2006; 4; 3;20;  86;0.24; 206
30138;2006; 4; 3;25;  68;0.28; 190
30138;2006; 4; 3;30;  61;0.29; 177
30138;2006; 5; 2; 5;  33;0.31; 102
30138;2006; 5; 2;10;  29;0.32;  93
30138;2006;10; 1;10;  17;0.10;  17
30138;2006;10; 1;20;  19;0.13;  25
30138;2006;10; 2;20;  20;0.12;  24
30138;2006;10; 1;31;  12;0.14;  17
30138;2006;11; 1;10;  28;0.16;  45
30138;2006;11; 1;20;  40;0.16;  64
30138;2006;11; 2;20;  53;    ;    
30138;2006;11; 1;30;  41;0.17;  70
30138;2006;12; 1;10;  43;0.19;  82
30138;2006;12; 1;20;  50;0.19;  95
30138;2006;12; 2;20;  81;0.15; 122
30138;2006;12; 1;31;  58;0.20; 116
30138;2007; 1; 1;10;  64;0.20; 128
30138;2007; 1; 1;20;  67;0.20; 134
30138;2007; 1; 2;20;  93;0.18; 167
30138;2007; 1; 1;31;  66;0.20; 132
30138;2007; 1; 2;31;  94;0.19; 179
30138;2007; 2; 1;10;  72;0.22; 158
30138;2007; 2; 2;10; 102;0.20; 204
30138;2007; 2; 1;20;  75;0.22; 165
30138;2007; 2; 2;20; 105;0.20; 210
30138;2007; 2; 1;28;  78;0.23; 179
30138;2007; 2; 2;28; 102;0.20; 204
30138;2007; 3; 1;10;  74;0.23; 170
30138;2007; 3; 2;10; 106;0.20; 212
30138;2007; 3; 1;15;  74;0.24; 178
30138;2007; 3; 2;15; 105;0.20; 210
30138;2007; 3; 1;20;  72;0.24; 173
30138;2007; 3; 2;20; 105;0.20; 210
30138;2007; 3; 1;25;  70;0.24; 168
30138;2007; 3; 2;25; 103;0.20; 206
30138;2007; 3; 1;31;  71;0.25; 178
30138;2007; 3; 2;31; 109;0.21; 229
30138;2007; 4; 1; 5;  62;0.25; 155
30138;2007; 4; 2; 5; 101;0.21; 212
30138;2007; 4; 1;10;  53;0.26; 138
30138;2007; 4; 2;10;  97;0.22; 213
30138;2007; 4; 1;15;  49;0.26; 127
30138;2007; 4; 2;15;  82;0.23; 189
30138;2007; 4; 1;20;  41;0.27; 111
30138;2007; 4; 2;20;  74;0.24; 178
30138;2007; 4; 1;25;  28;0.30;  84
30138;2007; 4; 2;25;  41;0.28; 115
30138;2007; 4; 2;30;  29;0.29;  84
30138;2007; 5; 1; 5;  10;0.31;  31
30138;2007;10; 1;10;   7;0.10;   7
30138;2007;10; 1;20;   3;    ;    
30138;2007;10; 2;20;   5;    ;    
30138;2007;10; 1;31;   6;0.13;   8
30138;2007;11; 1;10;   5;    ;    
30138;2007;11; 1;20;   8;0.16;  13
30138;2007;11; 2;20;  12;0.13;  16
30138;2007;11; 1;30;  26;0.16;  42
30138;2007;12; 1;10;  30;0.19;  57
30138;2007;12; 1;20;  32;0.19;  61
30138;2007;12; 2;20;  35;0.15;  53
30138;2007;12; 1;31;  37;0.20;  74
30138;2008; 1; 1;10;  42;0.21;  88
30138;2008; 1; 1;20;  40;0.21;  84
30138;2008; 1; 2;20;  58;0.19; 110
30138;2008; 1; 1;31;  42;0.22;  92
30138;2008; 1; 2;31;  63;0.20; 126
30138;2008; 2; 1;10;  39;0.22;  86
30138;2008; 2; 2;10;  64;0.20; 128
30138;2008; 2; 1;20;  39;0.23;  90
30138;2008; 2; 2;20;  69;0.20; 138
30138;2008; 2; 1;29;  46;0.23; 106
30138;2008; 2; 2;29;  71;0.20; 142
30138;2008; 3; 1;10;  45;0.24; 108
30138;2008; 3; 2;10;  70;0.20; 140
30138;2008; 3; 1;15;  46;0.24; 110
30138;2008; 3; 2;15;  71;0.21; 149
30138;2008; 3; 1;20;  41;0.25; 103
30138;2008; 3; 2;20;  74;0.21; 155
30138;2008; 3; 1;25;  40;0.25; 100
30138;2008; 3; 2;25;  72;0.21; 151
30138;2008; 3; 1;31;  37;0.26;  96
30138;2008; 3; 2;31;  69;0.22; 152
30138;2008; 4; 1; 5;  34;0.26;  88
30138;2008; 4; 2; 5;  68;0.23; 156
30138;2008; 4; 1;10;  34;0.26;  88
30138;2008; 4; 2;10;  67;0.23; 154
30138;2008; 4; 1;15;  32;0.27;  86
30138;2008; 4; 2;15;  67;0.23; 154
30138;2008; 4; 1;20;  28;    ;    
30138;2008; 4; 2;20;  66;0.24; 158
30138;2008; 4; 1;25;  27;0.31;  84
30138;2008; 4; 2;25;  64;    ;    
30138;2008; 4; 1;30;   7;    ;    
30138;2008; 4; 2;30;  33;0.30;  99
30138;2008;10; 1;31;   3;    ;    
30138;2008;11; 1;10;   7;0.14;  10
30138;2008;11; 1;20;  22;0.16;  35
30138;2008;11; 2;20;  40;0.13;  52
30138;2008;11; 1;30;  38;0.16;  61
30138;2008;12; 1;10;  35;0.18;  63
30138;2008;12; 1;20;  45;0.20;  90
30138;2008;12; 2;20;  64;0.16; 102
30138;2008;12; 1;31;  48;0.20;  96
30138;2009; 1; 1;10;  49;0.20;  98
30138;2009; 1; 1;20;  50;0.20; 100
30138;2009; 1; 2;20;  74;0.18; 133
30138;2009; 1; 1;31;  54;0.20; 108
30138;2009; 1; 2;31;  77;0.18; 139
30138;2009; 2; 1;10;  56;0.21; 118
30138;2009; 2; 2;10;  79;0.19; 150
30138;2009; 2; 1;20;  57;0.22; 125
30138;2009; 2; 2;20;  80;0.20; 160
30138;2009; 2; 1;28;  56;0.23; 129
30138;2009; 2; 2;28;  83;0.20; 166
30138;2009; 3; 1;10;  57;0.23; 131
30138;2009; 3; 2;10;  85;0.21; 179
30138;2009; 3; 1;15;  61;0.24; 146
30138;2009; 3; 2;15;  89;0.21; 187
30138;2009; 3; 1;20;  63;0.24; 151
30138;2009; 3; 2;20;  90;0.21; 189
30138;2009; 3; 1;25;  63;0.24; 151
30138;2009; 3; 2;25;  90;0.21; 189
30138;2009; 3; 1;31;  61;0.25; 153
30138;2009; 3; 2;31;  90;0.22; 198
30138;2009; 4; 1; 5;  45;0.26; 117
30138;2009; 4; 2; 5;  82;0.23; 189
30138;2009; 4; 1;10;  12;0.27;  32
30138;2009; 4; 2;10;  58;0.23; 133
30138;2009; 4; 1;15;  13;0.28;  36
30138;2009; 4; 2;15;  60;0.25; 150
30138;2009; 4; 1;20;   8;0.30;  24
30138;2009; 4; 2;20;  48;0.27; 130
30138;2009; 4; 1;25;   1;    ;    
30138;2009; 4; 2;25;  33;0.29;  96
30138;2009; 4; 2;30;  22;0.31;  68
30138;2009; 5; 2; 5;   6;0.33;  20
30138;2009;10; 1;20;   4;    ;    
30138;2009;10; 2;20;   6;0.11;   7
30138;2009;10; 1;31;  11;0.14;  15
30138;2009;11; 1;10;  16;0.14;  22
30138;2009;11; 1;20;  20;0.16;  32
30138;2009;11; 2;20;  25;0.13;  33
30138;2009;11; 1;30;  22;0.16;  35
30138;2009;12; 1;10;  30;0.19;  57
30138;2009;12; 1;20;  29;0.19;  55
30138;2009;12; 2;20;  50;0.16;  80
30138;2009;12; 1;31;  32;0.20;  64
30138;2010; 1; 1;10;  34;0.20;  68
30138;2010; 1; 1;20;  39;0.20;  78
30138;2010; 1; 2;20;  64;0.19; 122
30138;2010; 1; 1;31;  38;0.20;  76
30138;2010; 1; 2;31;  63;0.19; 120
30138;2010; 2; 1;10;  41;0.20;  82
30138;2010; 2; 2;10;  66;0.19; 125
30138;2010; 2; 1;20;  47;0.22; 103
30138;2010; 2; 2;20;  71;0.20; 142
30138;2010; 2; 1;28;  48;0.23; 110
30138;2010; 2; 2;28;  73;0.20; 146
30138;2010; 3; 1;10;  43;0.23;  99
30138;2010; 3; 2;10;  74;0.20; 148
30138;2010; 3; 1;15;  41;0.23;  94
30138;2010; 3; 2;15;  72;0.20; 144
30138;2010; 3; 1;20;  39;0.24;  94
30138;2010; 3; 2;20;  72;0.21; 151
30138;2010; 3; 1;25;  39;0.24;  94
30138;2010; 3; 2;25;  72;0.21; 151
30138;2010; 3; 1;31;  40;0.25; 100
30138;2010; 3; 2;31;  70;0.21; 147
30138;2010; 4; 1; 5;  36;0.25;  90
30138;2010; 4; 2; 5;  64;0.22; 141
30138;2010; 4; 1;10;  33;0.26;  86
30138;2010; 4; 2;10;  60;0.23; 138
30138;2010; 4; 1;15;  30;0.26;  78
30138;2010; 4; 2;15;  60;0.24; 144
30138;2010; 4; 1;20;  25;0.27;  68
30138;2010; 4; 2;20;  56;0.25; 140
30138;2010; 4; 1;25;  11;0.31;  34
30138;2010; 4; 2;25;  48;0.27; 130
30138;2010; 4; 2;30;  23;0.29;  67
30138;2010; 5; 2; 5;   7;0.31;  22
30138;2010;10; 1;24;   8;0.11;   9
30138;2010;10; 2;24;  12;0.14;  17
30138;2010;10; 1;31;  21;0.15;  32
30138;2010;11; 1;10;  22;0.15;  33
30138;2010;11; 1;20;  24;0.17;  41
30138;2010;11; 2;20;  25;0.14;  35
30138;2010;11; 1;30;  26;0.17;  44
30138;2010;12; 1;10;  32;0.19;  61
30138;2010;12; 1;20;  36;0.19;  68
30138;2010;12; 2;20;  42;0.16;  67
30138;2010;12; 1;31;  38;0.19;  72
30138;2011; 1; 1;10;  44;0.20;  88
30138;2011; 1; 1;20;  46;0.20;  92
30138;2011; 1; 2;20;  49;0.18;  88
30138;2011; 1; 1;31;  45;0.21;  95
30138;2011; 1; 2;31;  49;0.19;  93
30138;2011; 2; 1;10;  47;0.20;  94
30138;2011; 2; 2;10;  53;0.19; 101
30138;2011; 2; 1;20;  49;0.22; 108
30138;2011; 2; 2;20;  54;0.20; 108
30138;2011; 2; 1;28;  52;0.23; 120
30138;2011; 2; 2;28;  56;0.20; 112
30138;2011; 3; 1;10;  52;0.23; 120
30138;2011; 3; 2;10;  63;0.20; 126
30138;2011; 3; 1;15;  54;0.24; 130
30138;2011; 3; 2;15;  64;0.20; 128
30138;2011; 3; 1;20;  55;0.24; 132
30138;2011; 3; 2;20;  68;0.20; 136
30138;2011; 3; 1;25;  56;0.24; 134
30138;2011; 3; 2;25;  69;0.20; 138
30138;2011; 3; 1;31;  48;0.25; 120
30138;2011; 3; 2;31;  68;0.21; 143
30138;2011; 4; 1; 5;  38;0.26;  99
30138;2011; 4; 2; 5;  68;0.22; 150
30138;2011; 4; 1;10;  37;0.25;  93
30138;2011; 4; 2;10;  66;0.22; 145
30138;2011; 4; 1;15;  28;0.26;  73
30138;2011; 4; 2;15;  50;0.23; 115
30138;2011; 4; 1;20;  10;0.30;  30
30138;2011; 4; 2;20;  40;0.27; 108
30138;2011; 4; 2;25;  20;0.29;  58
30138;2011; 4; 2;30;  11;0.31;  34
30138;2011;10; 1;31;   3;    ;    
30138;2011;11; 1;10;   9;0.11;  10
30138;2011;11; 1;20;  15;0.14;  21
30138;2011;11; 2;20;  16;0.12;  19
30138;2011;11; 1;30;  19;0.15;  29
30138;2011;12; 1;10;  28;0.16;  45
30138;2011;12; 1;20;  31;0.18;  56
30138;2011;12; 2;20;  40;0.19;  76
30138;2011;12; 1;31;  35;0.20;  70
30138;2012; 1; 1;10;  40;0.20;  80
30138;2012; 1; 1;20;  42;0.21;  88
30138;2012; 1; 2;20;  64;0.18; 115
30138;2012; 1; 1;31;  45;0.22;  99
30138;2012; 1; 2;31;  67;0.20; 134
30138;2012; 2; 1;10;  54;0.21; 113
30138;2012; 2; 2;10;  76;0.19; 144
30138;2012; 2; 1;20;  51;0.22; 112
30138;2012; 2; 2;20;  78;0.20; 156
30138;2012; 2; 1;29;  51;0.22; 112
30138;2012; 2; 2;29;  81;0.21; 170
30138;2012; 3; 1;10;  55;0.23; 127
30138;2012; 3; 2;10;  82;0.21; 172
30138;2012; 3; 1;15;  57;0.23; 131
30138;2012; 3; 2;15;  83;0.21; 174
30138;2012; 3; 1;20;  57;0.24; 137
30138;2012; 3; 2;20;  83;0.21; 174
30138;2012; 3; 1;25;  60;0.25; 150
30138;2012; 3; 2;25;  88;0.22; 194
30138;2012; 3; 1;31;  54;0.26; 140
30138;2012; 3; 2;31;  84;0.24; 202
30138;2012; 4; 1; 5;  48;0.26; 125
30138;2012; 4; 2; 5;  80;0.22; 176
30138;2012; 4; 1;10;  46;0.26; 120
30138;2012; 4; 2;10;  80;0.23; 184
30138;2012; 4; 1;15;  43;0.27; 116
30138;2012; 4; 2;15;  76;0.24; 182
30138;2012; 4; 1;20;  40;0.27; 108
30138;2012; 4; 2;20;  71;0.25; 178
30138;2012; 4; 1;25;  31;0.30;  93
30138;2012; 4; 2;25;  65;0.28; 182
30138;2012; 4; 1;30;  27;0.32;  86
30138;2012; 4; 2;30;  60;0.30; 180
30138;2012; 5; 2; 5;  28;0.25;  70
30138;2012;10; 1;20;   7;0.10;   7
30138;2012;10; 2;20;   7;0.10;   7
30138;2012;10; 1;31;  11;0.13;  14
30138;2012;11; 1;10;  20;0.16;  32
30138;2012;11; 1;20;  23;0.18;  41
30138;2012;11; 2;20;  36;    ;    
30138;2012;11; 1;30;  27;0.20;  54
30138;2012;12; 1;10;  31;0.20;  62
30138;2012;12; 1;20;  34;0.20;  68
30138;2012;12; 2;20;  61;    ;    
30138;2012;12; 1;31;  36;0.20;  72
30138;2013; 1; 1;10;  39;0.21;  82
30138;2013; 1; 1;20;  46;0.21;  97
30138;2013; 1; 2;20;  54;0.18;  97
30138;2013; 1; 1;31;  48;0.21; 101
30138;2013; 1; 2;31;  58;0.19; 110
30138;2013; 2; 1;10;  48;0.21; 101
30138;2013; 2; 2;10;  65;0.20; 130
30138;2013; 2; 1;20;  51;0.22; 112
30138;2013; 2; 2;20;  69;0.22; 152
30138;2013; 2; 1;28;  54;0.23; 124
30138;2013; 2; 2;28;  72;0.20; 144
30138;2013; 3; 1;10;  56;0.23; 129
30138;2013; 3; 2;10;  74;0.21; 155
30138;2013; 3; 1;15;  60;0.22; 132
30138;2013; 3; 2;15;  71;    ;    
30138;2013; 3; 1;20;  64;0.23; 147
30138;2013; 3; 2;20;  74;0.22; 163
30138;2013; 3; 1;25;  65;0.23; 150
30138;2013; 3; 2;25;  75;0.21; 158
30138;2013; 3; 1;31;  64;0.23; 147
30138;2013; 3; 2;31;  74;    ;    
30138;2013; 4; 1; 5;  64;0.25; 160
30138;2013; 4; 2; 5;  77;0.22; 169
30138;2013; 4; 1;10;  60;0.26; 156
30138;2013; 4; 2;10;  75;0.21; 158
30138;2013; 4; 1;15;  54;0.27; 146
30138;2013; 4; 2;15;  70;0.24; 168
30138;2013; 4; 1;20;  43;0.28; 120
30138;2013; 4; 2;20;  59;0.26; 153
30138;2013; 4; 1;25;  23;0.30;  69
30138;2013; 4; 2;25;  52;0.28; 146
30138;2013; 4; 1;30;   2;    ;    
30138;2013; 4; 2;30;  36;0.29; 104
30138;2013; 5; 2; 5;  14;0.31;  43
30138;2013;10; 1;31;   9;0.10;   9
30138;2013;11; 1;10;  13;0.12;  16
30138;2013;11; 1;20;  21;0.14;  29
30138;2013;11; 2;20;  41;0.16;  66
30138;2013;11; 1;30;  25;0.19;  48
30138;2013;12; 1;10;  34;0.19;  65
30138;2013;12; 1;20;  37;0.19;  70
30138;2013;12; 2;20;  47;0.15;  71
30138;2013;12; 1;31;  39;0.20;  78
30138;2014; 1; 2;20;  69;0.19; 131
30138;2014; 1; 2;31;  74;0.19; 141
30138;2014; 2; 2;10;  76;0.19; 144
30138;2014; 2; 2;20;  80;0.20; 160
30138;2014; 2; 2;28;  81;0.21; 170
30138;2014; 3; 2;10;  83;0.21; 174
30138;2014; 3; 2;15;  86;    ;    
30138;2014; 3; 2;20;  86;0.22; 189
30138;2014; 3; 2;25;  76;0.22; 167
30138;2014; 3; 2;31;  75;0.22; 165
30138;2014; 4; 2; 5;  73;0.22; 161
30138;2014; 4; 2;10;  35;0.28;  98
30138;2014; 4; 2;15;  19;0.28;  53
30138;2014; 4; 2;20;   5;0.26;  13
30138;2014;10; 2;20;   4;    ;    
30138;2014;11; 2;20;  24;0.12;  29
30138;2014;12; 2;20;  50;0.15;  75
30138;2015; 1; 2;20;  62;0.19; 118
30138;2015; 1; 2;31;  63;0.20; 126
30138;2015; 2; 2;10;  68;0.19; 129
30138;2015; 2; 2;20;  69;0.19; 131
30138;2015; 2; 2;28;  70;0.20; 140
30138;2015; 3; 2;10;  73;0.22; 161
30138;2015; 3; 2;15;  73;0.22; 161
30138;2015; 3; 2;20;  75;0.23; 173
30138;2015; 3; 2;25;  71;0.23; 163
30138;2015; 3; 2;31;  68;0.23; 156
30138;2015; 4; 2; 5;  65;0.24; 156
30138;2015; 4; 2;10;  58;0.24; 139
30138;2015; 4; 2;15;  54;0.26; 140
30138;2015; 4; 2;20;  46;0.28; 129
30138;2015; 4; 2;25;  39;0.32; 125
30138;2015; 4; 2;30;  25;0.34;  85
30138;2015;10; 2;20;   7;0.11;   8
30138;2015;11; 2;20;  25;0.13;  33
30138;2015;12; 2;20;  51;0.15;  77
30138;2016; 1; 2;20;  62;0.18; 112
30138;2016; 1; 2;31;  63;0.19; 120
30138;2016; 2; 2;10;  68;0.19; 129
30138;2016; 2; 2;20;  79;0.20; 158
30138;2016; 2; 2;29;  80;0.20; 160
30138;2016; 3; 2;10;  80;0.20; 160
30138;2016; 3; 2;15;  82;0.20; 164
30138;2016; 3; 2;20;  94;0.20; 188
30138;2016; 3; 2;25;  89;0.22; 196
30138;2016; 3; 2;31;  87;0.23; 200
30138;2016; 4; 2; 5;  85;0.23; 196
30138;2016; 4; 2;10;  77;    ;    
30138;2016; 4; 2;15;  75;0.25; 188
30138;2016; 4; 2;20;  64;    ;    
30138;2016; 4; 2;25;  62;    ;    
30138;2016; 4; 2;30;  43;0.31; 133
30138;2016;10; 2;20;   2;    ;    
30138;2016;11; 2;20;  14;0.11;  15
30138;2016;12; 2;20;  48;0.15;  72
30138;2017; 1; 2;20;  49;0.15;  74
30138;2017; 1; 2;31;  54;0.19; 103
30138;2017; 2; 2;10;  55;0.19; 105
30138;2017; 2; 2;20;  59;0.20; 118
30138;2017; 2; 2;28;  64;0.21; 134
30138;2017; 3; 2;10;  67;0.22; 147
30138;2017; 3; 2;15;  68;0.21; 143
30138;2017; 3; 2;20;  68;0.21; 143
30138;2017; 3; 2;25;  64;0.22; 141
30138;2017; 3; 2;31;  61;0.23; 140
30138;2017; 4; 2; 5;  52;0.23; 120
30138;2017; 4; 2;10;  47;0.23; 108
30138;2017; 4; 2;15;  41;0.25; 103
30138;2017; 4; 2;20;  32;0.28;  90
30138;2017; 4; 2;25;   4;    ;    
30138;2017;10; 2;20;   3;    ;    
30138;2017;11; 2;20;  18;0.12;  22
30138;2017;12; 2;20;  47;0.15;  71
30138;2018; 1; 2;20;  55;0.19; 105
30138;2018; 1; 2;31;  60;0.19; 114
30138;2018; 2; 2;10;  61;0.19; 116
30138;2018; 2; 2;20;  66;0.20; 132
30138;2018; 2; 2;28;  67;0.20; 134
30138;2018; 3; 2;10;  69;0.20; 138
30138;2018; 3; 2;15;  71;0.21; 149
30138;2018; 3; 2;20;  70;0.22; 154
30138;2018; 3; 2;25;  70;0.22; 154
30138;2018; 3; 2;31;  66;0.23; 152
30138;2018; 4; 2; 5;  66;0.23; 152
30138;2018; 4; 2;10;  64;0.23; 147
30138;2018; 4; 2;15;  59;0.24; 142
30138;2018; 4; 2;20;  56;0.24; 134
30138;2018; 4; 2;25;  33;0.28;  92
30138;2018; 4; 2;30;  13;0.30;  39
