30252;1966; 1; 2;20;  32;0.15;  48
30252;1966; 2; 2;20;  34;0.15;  51
30252;1966; 3; 2;20;  39;0.16;  62
30252;1966; 3; 2;31;  41;0.18;  74
30252;1966; 4; 2;10;  30;    ;    
30252;1966; 4; 2;20;  16;0.27;  43
30252;1966; 4; 2;30;  11;0.30;  33
30252;1966;10; 2;20;   0;    ;   0
30252;1966;11; 2;20;  14;0.11;  14
30252;1966;12; 2;20;  29;0.12;  35
30252;1967; 1; 2;20;  35;0.21;  74
30252;1967; 2; 2;20;  40;0.18;  72
30252;1967; 3; 2;20;  40;0.19;  76
30252;1967; 3; 2;31;  46;0.18;  83
30252;1967; 4; 2;10;  51;0.18;  92
30252;1967; 4; 2;20;  14;0.24;  34
30252;1967;11; 2;20;   6;0.90;   5
30252;1967;12; 2;20;  17;0.11;  19
30252;1968; 1; 2;20;  28;0.14;  39
30252;1968; 2; 2;20;  34;0.16;  54
30252;1968; 3; 2;10;  31;0.17;  53
30252;1968; 3; 2;20;  32;0.17;  54
30252;1968; 3; 2;31;  24;0.19;  46
30252;1968; 4; 2;10;  16;0.33;  58
30252;1968;10; 2;20;   0;    ;   0
30252;1968;11; 2;20;   9;0.80;   7
30252;1968;12; 2;20;  17;0.11;  19
30252;1969; 1; 2;20;  26;0.13;  34
30252;1969; 2; 2;20;  31;0.14;  43
30252;1969; 3; 2;20;  34;    ;    
30252;1969; 4; 2; 5;  32;    ;    
30252;1969; 4; 2;10;  22;    ;    
30252;1969; 4; 2;20;   0;    ;   0
30252;1969;10; 2;20;   6;0.90;   5
30252;1969;11; 2;20;  22;0.14;  31
30252;1969;12; 2;20;  41;0.14;  57
30252;1970; 1; 2;20;  52;0.12;  62
30252;1970; 1; 2;31;  54;0.16;  86
30252;1970; 2; 2;10;  64;0.13;  83
30252;1970; 2; 2;20;  62;0.14;  87
30252;1970; 2; 2;28;  63;0.17; 107
30252;1970; 3; 2;10;  59;    ;    
30252;1970; 3; 2;15;  59;    ;    
30252;1970; 3; 2;20;  61;0.18; 110
30252;1970; 3; 2;25;  56;0.19; 106
30252;1970; 3; 2;31;  52;0.22; 114
30252;1970; 4; 2; 5;  47;    ;    
30252;1970; 4; 2;10;  43;0.24; 103
30252;1970; 4; 2;15;  26;0.25;  65
30252;1970; 4; 2;20;  18;0.36;  65
30252;1970; 4; 2;25;   2;    ;    
30252;1970;10; 2; 4;   2;    ;    
30252;1970;10; 2;20;   0;    ;   0
30252;1970;11; 2;20;  18;0.14;  25
30252;1970;12; 2;20;  34;0.12;  41
30252;1971; 1; 2;20;  39;0.16;  62
30252;1971; 1; 2;31;  46;0.16;  74
30252;1971; 2; 2;10;  46;0.16;  74
30252;1971; 2; 2;20;  44;0.17;  75
30252;1971; 2; 2;28;  47;0.16;  75
30252;1971; 3; 2;10;  43;0.16;  69
30252;1971; 3; 2;20;  45;0.15;  68
30252;1971; 3; 2;25;  49;0.14;  69
30252;1971; 3; 2;31;  50;0.14;  70
30252;1971; 4; 2; 5;  48;0.17;  82
30252;1971; 4; 2;10;  41;0.19;  78
30252;1971; 4; 2;15;  34;0.21;  71
30252;1971; 4; 2;20;  12;0.25;  30
30252;1971; 4; 2;25;   2;0.30;   6
30252;1971;10; 2;10;   1;    ;    
30252;1971;10; 2;20;   0;    ;   0
30252;1971;11; 2;20;  10;0.16;  16
30252;1971;12; 2;20;  28;0.15;  42
30252;1972; 1; 2;20;  39;0.16;  62
30252;1972; 1; 2;31;  39;0.16;  62
30252;1972; 2; 2;10;  41;0.16;  66
30252;1972; 2; 2;20;  43;0.15;  64
30252;1972; 2; 2;29;  42;0.16;  67
30252;1972; 3; 2;10;  40;0.18;  72
30252;1972; 3; 2;15;  40;0.19;  76
30252;1972; 3; 2;20;  41;0.17;  70
30252;1972; 3; 2;25;  41;0.17;  70
30252;1972; 3; 2;31;  40;0.18;  72
30252;1972; 4; 2; 5;  39;0.19;  74
30252;1972; 4; 2;10;  32;0.20;  64
30252;1972; 4; 2;15;  18;0.22;  40
30252;1972; 4; 2;20;   8;0.24;  19
30252;1972; 4; 2;25;   0;    ;   0
30252;1972;10; 2;20;   2;    ;    
30252;1972;11; 2;20;  15;0.12;  18
30252;1972;12; 2;20;  36;0.17;  61
30252;1973; 1; 2;20;  37;    ;    
30252;1973; 1; 2;31;  38;0.17;  65
30252;1973; 2; 2;10;  39;0.16;  62
30252;1973; 2; 2;20;  39;0.16;  62
30252;1973; 2; 2;28;  43;    ;    
30252;1973; 3; 2;10;  43;0.17;  73
30252;1973; 3; 2;15;  42;0.18;  76
30252;1973; 3; 2;20;  41;0.18;  74
30252;1973; 3; 2;25;  42;0.18;  76
30252;1973; 3; 2;31;  42;0.19;  80
30252;1973; 4; 2; 5;  43;0.18;  77
30252;1973; 4; 2;10;  44;0.18;  79
30252;1973; 4; 2;15;  41;0.19;  78
30252;1973; 4; 2;20;  38;0.20;  76
30252;1973; 4; 2;25;  33;0.22;  73
30252;1973; 4; 2;30;  13;0.27;  35
30252;1973; 5; 2; 5;   3;0.32;  10
30252;1973; 9; 2;29;   3;    ;    
30252;1973;10; 2;20;   5;0.13;   6
30252;1973;11; 2;20;  20;0.14;  18
30252;1973;12; 2;20;  37;0.14;  52
30252;1974; 1; 2;20;  39;0.17;  66
30252;1974; 1; 2;31;  40;0.17;  68
30252;1974; 2; 2;10;  40;0.17;  68
30252;1974; 2; 2;20;  44;0.17;  75
30252;1974; 2; 2;28;  45;0.16;  72
30252;1974; 3; 2;10;  46;0.18;  83
30252;1974; 3; 2;15;  42;0.18;  76
30252;1974; 3; 2;20;  45;0.18;  81
30252;1974; 3; 2;25;  44;0.19;  84
30252;1974; 3; 2;31;  44;0.19;  84
30252;1974; 4; 2; 5;  36;0.22;  79
30252;1974; 4; 2;10;  29;0.22;  64
30252;1974; 4; 2;15;  26;    ;    
30252;1974; 4; 2;20;  23;0.24;  55
30252;1974; 4; 2;25;  10;0.26;  26
30252;1974; 4; 2;30;   3;    ;    
30252;1974;10; 2;10;   2;    ;    
30252;1974;10; 2;20;   3;    ;    
30252;1974;11; 2;20;  10;0.16;  16
30252;1974;12; 2;20;  27;0.16;  43
30252;1975; 1; 2;20;  41;0.14;  57
30252;1975; 1; 2;31;  43;0.16;  69
30252;1975; 2; 2;10;  45;0.15;  68
30252;1975; 2; 2;20;  43;0.16;  69
30252;1975; 2; 2;28;  49;0.15;  74
30252;1975; 3; 2;10;  43;    ;    
30252;1975; 3; 2;15;  44;    ;    
30252;1975; 3; 2;20;  47;    ;    
30252;1975; 3; 2;25;  45;    ;    
30252;1975; 3; 2;31;  37;    ;    
30252;1975; 4; 2; 5;  34;0.20;  68
30252;1975; 4; 2;10;  33;0.22;  73
30252;1975; 4; 2;15;  29;0.23;  67
30252;1975; 4; 2;20;   6;0.25;  15
30252;1975; 4; 2;25;   0;    ;   0
30252;1975;10; 2; 9;   0;    ;   0
30252;1975;11; 2; 5;   2;    ;    
30252;1975;11; 2;20;   8;0.90;   7
30252;1975;12; 2;20;  25;0.13;  32
30252;1976; 1; 2;20;  35;0.13;  46
30252;1976; 1; 2;31;  38;0.14;  53
30252;1976; 2; 2;10;  37;0.15;  56
30252;1976; 2; 2;20;  40;0.16;  64
30252;1976; 2; 2;29;  40;0.17;  68
30252;1976; 3; 2;10;  37;0.16;  59
30252;1976; 3; 2;15;  39;0.17;  66
30252;1976; 3; 2;20;  39;0.19;  74
30252;1976; 3; 2;25;  36;0.19;  68
30252;1976; 3; 2;31;  32;0.20;  64
30252;1976; 4; 2; 5;  30;0.20;  60
30252;1976; 4; 2;10;  21;0.23;  48
30252;1976; 4; 2;15;  11;0.26;  29
30252;1976;10; 2;20;   3;    ;    
30252;1976;11; 2;20;  15;0.90;  14
30252;1976;12; 2;20;  31;0.14;  43
30252;1977; 1; 2;20;  39;0.14;  55
30252;1977; 1; 2;31;  42;0.15;  63
30252;1977; 2; 2;10;  44;0.16;  70
30252;1977; 2; 2;20;  44;0.18;  79
30252;1977; 2; 2;28;  43;0.15;  65
30252;1977; 3; 2;10;  51;0.12;  61
30252;1977; 3; 2;15;  49;0.15;  74
30252;1977; 3; 2;20;  48;0.16;  77
30252;1977; 3; 2;25;  47;0.17;  80
30252;1977; 3; 2;31;  39;0.18;  70
30252;1977; 4; 2; 5;  51;0.14;  71
30252;1977; 4; 2;10;  47;0.15;  71
30252;1977; 4; 2;15;  47;0.20;  94
30252;1977; 4; 2;20;  34;0.19;  65
30252;1977; 4; 2;25;  27;0.25;  68
30252;1977; 4; 2;30;   3;0.29;   9
30252;1977; 5; 2; 5;   0;    ;   0
30252;1977;10; 2;12;  10;0.10;  10
30252;1977;10; 2;20;  20;0.14;  28
30252;1977;11; 2;20;  41;0.11;  45
30252;1977;12; 2;20;  47;0.17;  80
30252;1978; 1; 2;20;  56;0.16;  90
30252;1978; 1; 2;31;  53;0.17;  90
30252;1978; 2; 2;10;  58;0.18; 104
30252;1978; 2; 2;20;  60;0.17; 102
30252;1978; 2; 2;28;  64;0.17; 109
30252;1978; 3; 2;10;  60;0.20; 120
30252;1978; 3; 2;15;  62;0.19; 118
30252;1978; 3; 2;20;  61;0.19; 116
30252;1978; 3; 2;25;  54;0.19; 103
30252;1978; 3; 2;31;  54;0.20; 108
30252;1978; 4; 2; 5;  50;0.22; 110
30252;1978; 4; 2;10;  45;0.24; 108
30252;1978; 4; 2;15;  30;0.27;  81
30252;1978; 4; 2;20;  10;0.33;  33
30252;1978; 4; 2;25;   1;    ;    
30252;1978;10; 2; 6;   0;    ;   0
30252;1978;10; 2;16;   2;    ;    
30252;1978;10; 2;20;   2;    ;    
30252;1978;11; 2;20;   5;0.13;   7
30252;1978;12; 2;20;  22;0.13;  29
30252;1979; 1; 2;20;  28;0.14;  39
30252;1979; 1; 2;31;  31;0.16;  50
30252;1979; 2; 2;10;  36;0.15;  54
30252;1979; 2; 2;20;  35;0.15;  53
30252;1979; 2; 2;28;  34;0.17;  58
30252;1979; 3; 2;10;  36;0.17;  61
30252;1979; 3; 2;15;  33;0.17;  56
30252;1979; 3; 2;20;  35;0.16;  56
30252;1979; 3; 2;25;  29;0.18;  52
30252;1979; 3; 2;31;  32;0.19;  61
30252;1979; 4; 2; 5;  29;0.21;  61
30252;1979; 4; 2;10;  39;0.18;  70
30252;1979; 4; 2;15;  36;0.19;  68
30252;1979; 4; 2;20;  29;0.21;  61
30252;1979; 4; 2;25;   9;0.23;  21
30252;1979;10; 2; 8;   2;    ;    
30252;1979;10; 2;20;   2;    ;    
30252;1979;11; 2;20;  13;0.11;  14
30252;1979;12; 2;20;  31;0.16;  50
30252;1980; 1; 2;20;  45;0.16;  72
30252;1980; 1; 2;31;  43;0.18;  77
30252;1980; 2; 2;10;  44;0.17;  75
30252;1980; 2; 2;20;  44;0.18;  79
30252;1980; 2; 2;29;  49;0.18;  88
30252;1980; 3; 2;10;  50;0.18;  90
30252;1980; 3; 2;15;  47;0.19;  89
30252;1980; 3; 2;20;  47;0.19;  89
30252;1980; 3; 2;25;  45;0.19;  86
30252;1980; 3; 2;31;  47;0.19;  89
30252;1980; 4; 2; 5;  46;0.20;  92
30252;1980; 4; 2;10;  44;0.20;  88
30252;1980; 4; 2;15;  31;0.21;  65
30252;1980; 4; 2;20;  25;0.27;  68
30252;1980; 4; 2;25;  10;0.25;  25
30252;1980; 4; 2;30;   0;    ;   0
30252;1980;10; 2;15;   2;    ;    
30252;1980;10; 2;20;   2;    ;    
30252;1980;11; 2;20;  26;0.11;  29
30252;1980;12; 2;20;  38;0.16;  61
30252;1981; 1; 2;20;  48;0.16;  77
30252;1981; 1; 2;31;  48;0.16;  77
30252;1981; 2; 2;10;  50;0.16;  80
30252;1981; 2; 2;20;  50;0.16;  80
30252;1981; 2; 2;28;  51;0.16;  82
30252;1981; 3; 2;10;  54;0.17;  92
30252;1981; 3; 2;15;  51;0.18;  92
30252;1981; 3; 2;20;  48;0.18;  86
30252;1981; 3; 2;25;  50;0.17;  85
30252;1981; 3; 2;31;  46;0.18;  83
30252;1981; 4; 2; 5;  41;0.20;  82
30252;1981; 4; 2;10;  35;0.22;  77
30252;1981; 4; 2;15;   9;0.28;  25
30252;1981;10; 2;13;   1;    ;    
30252;1981;10; 2;20;   1;    ;    
30252;1981;11; 2;20;  22;0.13;  29
30252;1981;12; 2;20;  24;0.14;  34
30252;1982; 1; 2;20;  39;0.13;  51
30252;1982; 1; 2;31;  38;0.15;  57
30252;1982; 2; 2;10;  37;0.15;  56
30252;1982; 2; 2;20;  35;0.15;  53
30252;1982; 2; 2;28;  39;0.15;  59
30252;1982; 3; 2;10;  41;0.15;  62
30252;1982; 3; 2;15;  38;0.14;  53
30252;1982; 3; 2;20;  41;0.16;  66
30252;1982; 3; 2;25;  37;0.16;  59
30252;1982; 3; 2;31;  36;0.17;  61
30252;1982; 4; 2; 5;  30;0.19;  57
30252;1982; 4; 2;10;  10;0.24;  24
30252;1982; 4; 2;15;   3;0.28;   8
30252;1982; 4; 2;20;   0;    ;   0
30252;1982; 5; 2;10;   3;    ;    
30252;1982;10; 2; 4;   1;    ;    
30252;1982;10; 2; 6;   5;0.10;   5
30252;1982;10; 2;20;  12;0.11;  13
30252;1982;11; 2;20;  34;0.14;  48
30252;1982;12; 2;20;  49;0.15;  74
30252;1983; 1; 2;20;  52;0.16;  83
30252;1983; 1; 2;31;  62;0.17; 105
30252;1983; 2; 2;10;  59;0.18; 106
30252;1983; 2; 2;20;  62;0.19; 118
30252;1983; 2; 2;28;  60;0.19; 114
30252;1983; 3; 2;10;  59;0.19; 112
30252;1983; 3; 2;15;  58;0.19; 110
30252;1983; 3; 2;20;  57;0.19; 108
30252;1983; 3; 2;25;  54;0.19; 103
30252;1983; 3; 2;31;  52;0.19;    
30252;1983; 4; 2; 5;  56;0.18; 101
30252;1983; 4; 2;10;  51;0.19;  97
30252;1983; 4; 2;15;  47;0.19;  89
30252;1983; 4; 2;20;  41;0.24;  98
30252;1983; 4; 2;25;  41;0.25; 103
30252;1983; 4; 2;30;  34;0.25;  85
30252;1983; 5; 2; 5;   7;0.30;  21
30252;1983; 5; 2;10;   0;    ;   0
30252;1983;10; 2;20;   5;0.11;   6
30252;1983;11; 2;20;  24;0.13;  31
30252;1983;12; 2;20;  39;0.13;  51
30252;1984; 1; 2;20;  49;0.17;  83
30252;1984; 1; 2;31;  51;0.17;  87
30252;1984; 2; 2;10;  52;0.18;  94
30252;1984; 2; 2;20;  54;0.19; 103
30252;1984; 2; 2;29;  54;0.19; 103
30252;1984; 3; 2;10;  52;0.19;    
30252;1984; 3; 2;15;  53;0.19; 101
30252;1984; 3; 2;20;  50;0.19;  95
30252;1984; 3; 2;25;  51;0.19;  97
30252;1984; 3; 2;31;  50;0.19;  95
30252;1984; 4; 2; 5;  49;0.20;  98
30252;1984; 4; 2;10;  44;0.21;  92
30252;1984; 4; 2;15;  31;0.22;  68
30252;1984; 4; 2;20;  27;0.23;  62
30252;1984; 4; 2;25;  21;0.26;  55
30252;1984; 4; 2;30;  21;0.24;  50
30252;1984; 5; 2; 5;   0;    ;   0
30252;1984;10; 2; 6;   2;    ;    
30252;1984;10; 2;20;  10;0.10;  10
30252;1984;11; 2;20;  26;0.15;  39
30252;1984;12; 2;20;  39;0.17;  66
30252;1985; 1; 2;20;  55;0.18;  99
30252;1985; 1; 2;31;  56;0.18; 101
30252;1985; 2; 2;10;  57;0.18; 103
30252;1985; 2; 2;20;  57;0.17;  97
30252;1985; 2; 2;28;  58;0.17;  99
30252;1985; 3; 2;10;  58;0.18; 104
30252;1985; 3; 2;15;  59;0.18; 106
30252;1985; 3; 2;20;  57;0.17;  97
30252;1985; 3; 2;25;  56;0.17;  95
30252;1985; 3; 2;31;  56;0.17;  95
30252;1985; 4; 2; 5;  52;0.18;  94
30252;1985; 4; 2;10;  55;0.18;  99
30252;1985; 4; 2;15;  41;0.26; 107
30252;1985; 4; 2;20;  14;0.36;  29
30252;1985; 4; 2;25;   0;    ;    
30252;1985; 9; 2;23;   1;    ;    
30252;1985;10; 2;14;   3;    ;    
30252;1985;10; 2;20;   9;0.11;  10
30252;1985;11; 2;20;  19;0.14;  27
30252;1985;12; 2;20;  31;0.15;  47
30252;1986; 1; 2;20;  38;0.15;  57
30252;1986; 1; 2;31;  41;0.16;  66
30252;1986; 2; 2;10;  42;0.17;  71
30252;1986; 2; 2;20;  44;0.17;  75
30252;1986; 2; 2;28;  46;0.18;  83
30252;1986; 3; 2;10;  43;0.17;  73
30252;1986; 3; 2;15;  42;0.17;  71
30252;1986; 3; 2;20;  41;0.17;  70
30252;1986; 3; 2;25;  40;0.18;  72
30252;1986; 3; 2;31;  41;0.19;  78
30252;1986; 4; 2; 5;  36;0.19;  68
30252;1986; 4; 2;10;  35;0.21;  74
30252;1986; 4; 2;15;  24;0.23;  55
30252;1986; 4; 2;20;  28;0.25;  70
30252;1986; 4; 2;25;   9;0.26;  23
30252;1986;10; 2;18;   2;    ;    
30252;1986;10; 2;20;   2;    ;    
30252;1986;11; 2;20;  25;0.12;  30
30252;1986;12; 2;20;  32;0.17;  54
30252;1987; 1; 2;20;  39;0.17;  66
30252;1987; 1; 2;31;  39;0.18;  70
30252;1987; 2; 2;10;  41;0.18;  74
30252;1987; 2; 2;20;  42;0.18;  76
30252;1987; 2; 2;28;  45;0.18;  81
30252;1987; 3; 2;10;  46;0.19;  87
30252;1987; 3; 2;15;  44;0.19;  84
30252;1987; 3; 2;20;  46;0.19;  87
30252;1987; 3; 2;25;  45;0.19;  86
30252;1987; 3; 2;31;  46;0.17;  78
30252;1987; 4; 2; 5;  44;0.17;  75
30252;1987; 4; 2;10;  44;0.20;  88
30252;1987; 4; 2;15;  33;0.23;  76
30252;1987; 4; 2;20;  19;0.28;  53
30252;1987; 4; 2;25;  12;0.29;  35
30252;1987; 4; 2;30;   0;    ;    
30252;1987;10; 2; 4;   1;    ;    
30252;1987;10; 2;13;   3;    ;    
30252;1987;10; 2;20;   2;    ;    
30252;1987;11; 2;20;  15;0.13;  20
30252;1987;12; 2;20;  29;0.14;  41
30252;1988; 1; 2;20;  34;0.16;  54
30252;1988; 1; 2;31;  36;0.17;  61
30252;1988; 2; 2;10;  39;0.17;  66
30252;1988; 2; 2;20;  41;0.18;  74
30252;1988; 2; 2;29;  40;0.19;  76
30252;1988; 3; 2;10;  40;0.18;  72
30252;1988; 3; 2;15;  42;0.18;  76
30252;1988; 3; 2;20;  42;0.19;  80
30252;1988; 3; 2;25;  42;0.19;  80
30252;1988; 3; 2;31;  45;0.19;  86
30252;1988; 4; 2; 5;  45;0.20;  90
30252;1988; 4; 2;10;  27;0.23;  62
30252;1988; 4; 2;15;   5;0.23;  12
30252;1988; 4; 2;20;   1;    ;    
30252;1988; 4; 2;25;   1;    ;    
30252;1988; 4; 2;26;   2;    ;    
30252;1988; 9; 2;28;   1;    ;    
30252;1988;10; 2;11;   3;    ;    
30252;1988;10; 2;21;   1;    ;    
30252;1988;10; 2;30;   1;    ;    
30252;1988;11; 2;20;  22;0.13;  29
30252;1988;12; 2;20;  31;0.16;  50
30252;1989; 1; 2;20;  39;0.17;  66
30252;1989; 1; 2;31;  41;0.17;  70
30252;1989; 2; 2;10;  43;0.17;  73
30252;1989; 2; 2;20;  42;0.19;  80
30252;1989; 2; 2;28;  40;0.20;  80
30252;1989; 3; 2;10;  44;0.19;  84
30252;1989; 3; 2;15;  43;0.20;  86
30252;1989; 3; 2;20;  43;0.20;  86
30252;1989; 3; 2;25;  41;0.20;  82
30252;1989; 3; 2;31;  36;0.21;  76
30252;1989; 4; 2; 5;  37;0.22;  81
30252;1989; 4; 2;10;  26;0.27;  70
30252;1989; 4; 2;15;  17;0.26;  44
30252;1989; 4; 2;20;  10;0.24;  24
30252;1989; 4; 2;25;   3;    ;    
30252;1989; 5; 2; 5;   1;    ;    
30252;1989;10; 2; 4;   2;    ;    
30252;1989;10; 2;15;   3;    ;    
30252;1989;11; 2;20;  19;0.13;  25
30252;1989;12; 2;20;  34;0.16;  54
30252;1990; 1; 2;20;  40;0.17;  68
30252;1990; 1; 2;31;  42;0.17;  71
30252;1990; 2; 2;10;  45;0.18;  81
30252;1990; 2; 2;20;  52;0.17;  88
30252;1990; 2; 2;28;  50;0.17;  85
30252;1990; 3; 2;10;  47;0.19;  89
30252;1990; 3; 2;15;  47;0.19;  89
30252;1990; 3; 2;20;  44;0.20;  88
30252;1990; 3; 2;25;  39;0.21;  82
30252;1990; 3; 2;31;  24;0.24;  58
30252;1990; 4; 2; 5;  17;0.26;  44
30252;1990; 4; 2;10;  13;0.23;  30
30252;1990; 4; 2;15;   7;0.26;  18
30252;1990; 4; 2;20;   1;    ;    
30252;1990;10; 2;22;   4;    ;    
30252;1990;11; 2;20;  19;0.12;  23
30252;1990;12; 2;20;  22;0.16;  35
30252;1991; 1; 2;20;  27;0.17;  46
30252;1991; 1; 2;31;  26;0.17;  44
30252;1991; 2; 2;10;  27;0.17;  46
30252;1991; 2; 2;20;  27;0.18;  49
30252;1991; 2; 2;28;  31;0.18;  56
30252;1991; 3; 2;10;  33;0.18;  59
30252;1991; 3; 2;15;  32;0.18;  58
30252;1991; 3; 2;20;  33;0.18;  59
30252;1991; 3; 2;25;  34;0.18;  61
30252;1991; 3; 2;31;  31;0.19;  59
30252;1991; 4; 2; 5;  23;0.22;  51
30252;1991; 4; 2;10;  10;0.24;  24
30252;1991;10; 2;20;   3;    ;    
30252;1991;11; 2;20;  24;0.14;  34
30252;1991;12; 2;20;  32;0.15;  48
30252;1992; 1; 2;20;  42;0.17;  71
30252;1992; 1; 2;31;  44;0.17;  75
30252;1992; 2; 2;10;  43;0.19;  82
30252;1992; 2; 2;20;  50;0.19;  95
30252;1992; 2; 2;29;  52;0.18;  94
30252;1992; 3; 2;10;  51;0.21; 107
30252;1992; 3; 2;15;  48;0.22; 106
30252;1992; 3; 2;20;  50;0.20; 100
30252;1992; 3; 2;25;  46;0.19;  87
30252;1992; 3; 2;31;  44;0.21;  92
30252;1992; 4; 2; 5;  41;0.21;  86
30252;1992; 4; 2;10;  45;0.23; 104
30252;1992; 4; 2;15;  43;0.24; 103
30252;1992; 4; 2;20;  41;0.25; 103
30252;1992; 4; 2;25;  30;0.25;  75
30252;1992; 4; 2;30;  20;0.28;  56
30252;1992;11; 2;20;  10;0.11;  11
30252;1992;12; 2;20;  19;0.13;  25
30252;1993; 1; 2;20;  26;0.15;  39
30252;1993; 1; 2;31;  28;0.17;  48
30252;1993; 2; 2;10;  30;0.18;  54
30252;1993; 2; 2;20;  28;0.19;  53
30252;1993; 2; 2;28;  27;0.18;  49
30252;1993; 3; 2;10;  27;0.20;  54
30252;1993; 3; 2;15;  29;0.21;  61
30252;1993; 3; 2;20;  29;0.21;  61
30252;1993; 3; 2;25;  23;0.22;  51
30252;1993; 3; 2;31;  21;0.23;  48
30252;1993; 4; 2; 5;  17;0.26;  44
30252;1993; 4; 2;10;  11;0.28;  31
30252;1993; 4; 2;15;   1;    ;    
30252;1993;11; 2;20;  11;0.12;  13
30252;1994; 1; 2;20;  38;0.15;  57
30252;1994; 1; 2;31;  45;0.17;  77
30252;1994; 2; 2;10;  44;0.18;  79
30252;1994; 2; 2;20;  45;0.17;  77
30252;1994; 2; 2;28;  45;0.18;  81
30252;1994; 3; 2;10;  45;0.19;  86
30252;1994; 3; 2;15;  44;0.20;  88
30252;1994; 3; 2;20;  45;0.20;  90
30252;1994; 3; 2;25;  45;0.19;  86
30252;1994; 3; 2;31;  47;0.20;  94
30252;1994; 4; 2; 5;  46;0.21;  97
30252;1994; 4; 2;10;  45;0.21;  95
30252;1994; 4; 2;15;  43;0.22;  95
30252;1994; 4; 2;20;  48;0.22; 106
30252;1994; 4; 2;25;  37;0.27; 100
30252;1994; 4; 2;30;  14;0.32;  45
30252;1994; 5; 2; 5;   1;    ;    
30252;1994;10; 2;31;   4;    ;    
30252;1994;11; 2;20;  18;0.12;  22
30252;1994;12; 2;20;  29;0.13;  38
30252;1995; 1; 2;20;  47;0.16;  75
30252;1995; 1; 2;31;  50;0.18;  90
30252;1995; 2; 2;10;  56;0.18; 101
30252;1995; 2; 2;20;  54;0.17;  92
30252;1995; 2; 2;28;  56;0.18; 101
30252;1995; 3; 2;10;  61;0.20; 122
30252;1995; 3; 2;15;  61;0.20; 122
30252;1995; 3; 2;20;  59;0.20; 118
30252;1995; 3; 2;25;  57;0.21; 120
30252;1995; 3; 2;31;  56;0.21; 118
30252;1995; 4; 2; 5;  52;0.21; 109
30252;1995; 4; 2;10;  49;0.23; 113
30252;1995; 4; 2;15;  46;0.23; 106
30252;1995; 4; 2;20;  39;0.25;  98
30252;1995; 4; 2;25;  33;0.26;  86
30252;1995; 4; 2;30;  21;0.29;  61
30252;1995; 5; 2; 5;   1;    ;    
30252;1995;11; 2;20;  19;0.13;  25
30252;1995;12; 2;20;  28;0.17;  48
30252;1996; 1; 2;20;  37;0.17;  63
30252;1996; 1; 2;31;  40;0.17;  68
30252;1996; 2; 2;10;  40;0.18;  72
30252;1996; 2; 2;20;  41;0.18;  74
30252;1996; 2; 2;29;  42;0.18;  76
30252;1996; 3; 2;10;  42;0.18;  76
30252;1996; 3; 2;15;  40;0.18;  72
30252;1996; 3; 2;20;  40;0.18;  72
30252;1996; 3; 2;25;  39;0.19;  74
30252;1996; 3; 2;31;  39;0.19;  74
30252;1996; 4; 2; 5;  39;0.19;  74
30252;1996; 4; 2;10;  37;0.20;  74
30252;1996; 4; 2;15;  34;0.22;  75
30252;1996; 4; 2;20;  29;0.23;  67
30252;1996; 4; 2;25;  23;0.23;  53
30252;1996; 4; 2;30;  13;0.30;  39
30252;1996; 5; 2; 5;   0;    ;    
30252;1996;10; 2;20;   3;    ;    
30252;1996;11; 2;20;  11;0.13;  14
30252;1996;12; 2;20;  22;0.14;  31
30252;1997; 1; 2;20;  32;0.15;  48
30252;1997; 1; 3;31;  33;0.16;  53
30252;1997; 2; 2;10;  34;0.16;  54
30252;1997; 2; 3;20;  36;0.16;  58
30252;1997; 2; 3;28;  41;0.16;  66
30252;1997; 3; 2;10;  45;0.17;  77
30252;1997; 3; 3;15;  45;0.17;  77
30252;1997; 3; 3;20;  37;    ;    
30252;1997; 3; 3;25;  40;0.19;  76
30252;1997; 3; 3;31;  39;0.20;  78
30252;1997; 4; 2; 5;  27;0.22;  59
30252;1997; 4; 3;10;   9;    ;    
30252;1997;10; 2;20;  17;0.13;  22
30252;1997;11; 2;20;  31;0.18;  56
30252;1997;12; 2;20;  45;0.17;  77
30252;1998; 1; 2;20;  48;0.18;  86
30252;1998; 1; 3;31;  53;0.19; 101
30252;1998; 2; 2;10;  56;0.19; 106
30252;1998; 2; 3;20;  55;0.21; 116
30252;1998; 2; 3;28;  54;0.20; 108
30252;1998; 3; 2;10;  52;0.21; 109
30252;1998; 3; 3;15;  54;0.21; 113
30252;1998; 3; 3;20;  57;0.21; 120
30252;1998; 3; 3;25;  56;0.21; 118
30252;1998; 3; 3;31;  55;0.21; 116
30252;1998; 4; 2; 5;  48;0.24; 115
30252;1998; 4; 3;10;  37;0.25;  93
30252;1998; 4; 3;15;  18;0.29;  52
30252;1998; 4; 3;20;   5;    ;    
30252;1998; 4; 3;25;   0;    ;    
30252;1998;10; 2;15;   3;    ;    
30252;1998;10; 3;20;   9;0.10;   9
30252;1998;11; 2;20;  23;0.12;  28
30252;1998;12; 2;20;  33;0.16;  53
30252;1999; 1; 2;20;  41;0.17;  70
30252;1999; 1; 3;31;  45;0.17;  77
30252;1999; 2; 2;10;  53;0.17;  90
30252;1999; 2; 3;20;  54;    ;    
30252;1999; 2; 3;28;  54;0.19; 103
30252;1999; 3; 2;10;  52;0.19;  99
30252;1999; 3; 3;15;  52;0.19;  99
30252;1999; 3; 3;20;  51;    ;    
30252;1999; 3; 3;25;  51;0.21; 107
30252;1999; 3; 3;31;  51;0.21; 107
30252;1999; 4; 2; 5;  52;0.21; 109
30252;1999; 4; 3;10;  41;    ;    
30252;1999; 4; 3;15;  23;0.28;  64
30252;1999; 4; 3;20;  18;    ;    
30252;1999; 4; 3;25;   6;    ;    
30252;1999;10; 2;20;   3;    ;    
30252;1999;11; 2;20;  14;    ;    
30252;1999;12; 2;19;  26;0.18;  47
30252;2000; 1; 2;20;  32;0.17;  54
30252;2000; 1; 3;31;  35;0.18;  63
30252;2000; 2; 2;10;  40;0.19;  76
30252;2000; 2; 3;20;  42;0.20;  84
30252;2000; 2; 3;29;  43;0.20;  86
30252;2000; 3; 2;10;  51;0.19;  97
30252;2000; 3; 3;15;  50;0.18;  90
30252;2000; 3; 3;20;  50;0.21; 105
30252;2000; 3; 3;25;  53;    ;    
30252;2000; 3; 3;31;  52;    ;    
30252;2000; 4; 2; 5;  53;0.21; 111
30252;2000; 4; 3;10;  53;0.21; 111
30252;2000; 4; 3;15;  41;0.24;  98
30252;2000; 4; 3;20;  22;0.26;  57
30252;2000;10; 2;25;   0;    ;    
30252;2000;11; 2;20;   8;0.12;  10
30252;2000;12; 2;20;  24;0.14;  34
30252;2001; 1; 2;20;  29;0.15;  44
30252;2001; 1; 3;31;  30;0.17;  51
30252;2001; 2; 2;10;  32;0.18;  58
30252;2001; 2; 3;20;  38;0.17;  65
30252;2001; 2; 3;28;  41;0.16;  66
30252;2001; 3; 2;10;  39;0.17;  66
30252;2001; 3; 3;15;  42;0.17;  71
30252;2001; 3; 3;20;  42;0.18;  76
30252;2001; 3; 3;25;  41;0.18;  74
30252;2001; 3; 3;31;  39;0.18;  70
30252;2001; 4; 2; 5;  39;0.18;  70
30252;2001; 4; 3;10;  31;0.21;  65
30252;2001; 4; 3;15;  27;0.23;  62
30252;2001; 4; 3;20;  26;0.23;  60
30252;2001; 4; 3;25;  13;    ;    
30252;2001; 4; 3;30;   1;    ;    
30252;2001;10; 2;20;   3;    ;    
30252;2001;11; 2;20;  13;0.19;  25
30252;2001;12; 2;20;  23;0.19;  44
30252;2002; 1; 2;20;  37;0.17;  63
30252;2002; 1; 3;31;  40;0.19;  76
30252;2002; 2; 2;10;  44;0.19;  84
30252;2002; 2; 3;20;  50;0.18;  90
30252;2002; 2; 3;28;  44;0.21;  92
30252;2002; 3; 2;10;  51;    ;    
30252;2002; 3; 3;15;  46;0.21;  97
30252;2002; 3; 3;20;  45;0.21;  95
30252;2002; 3; 3;25;  45;0.21;  95
30252;2002; 3; 3;31;  48;0.21; 101
30252;2002; 4; 2; 5;  41;0.24;  98
30252;2002; 4; 3;10;  54;0.21; 113
30252;2002; 4; 3;15;  52;0.22; 114
30252;2002; 4; 3;20;  48;0.22; 106
30252;2002; 4; 3;25;  43;0.24; 103
30252;2002; 4; 3;30;  21;0.27;  57
30252;2002; 5; 2; 5;   7;    ;    
30252;2002;10; 2;11;   1;    ;    
30252;2002;10; 3;20;  12;0.12;  14
30252;2002;11; 2;20;  28;0.13;  36
30252;2002;12; 2;20;  32;0.15;  48
30252;2003; 1; 2;20;  41;0.16;  66
30252;2003; 1; 3;31;  46;0.16;  74
30252;2003; 2; 2;10;  45;0.17;  77
30252;2003; 2; 3;20;  47;0.17;  80
30252;2003; 2; 3;28;  47;0.18;  85
30252;2003; 3; 2;10;  47;0.18;  85
30252;2003; 3; 3;15;  44;    ;    
30252;2003; 3; 3;20;  43;0.19;  82
30252;2003; 3; 3;25;  42;0.19;  80
30252;2003; 3; 3;31;  40;0.20;  80
30252;2003; 4; 2; 5;  27;0.20;  54
30252;2003; 4; 3;10;  17;0.25;  43
30252;2003; 4; 3;15;   6;0.24;  14
30252;2003; 4; 3;20;   9;0.25;  23
30252;2003; 4; 3;25;   2;    ;    
30252;2003;10; 2; 9;   2;    ;    
30252;2003;10; 3;20;   1;    ;    
30252;2003;11; 2;20;  12;0.13;  16
30252;2003;12; 2;20;  23;    ;    
30252;2004; 1; 2;20;  36;0.18;  65
30252;2004; 1; 3;31;  39;0.19;  74
30252;2004; 2; 2;10;  40;0.19;  76
30252;2004; 2; 3;20;  45;0.19;  86
30252;2004; 2; 3;29;  48;0.18;  86
30252;2004; 3; 2;10;  48;0.18;  86
30252;2004; 3; 3;15;  44;0.20;  88
30252;2004; 3; 3;20;  45;0.20;  90
30252;2004; 3; 3;25;  45;0.20;  90
30252;2004; 3; 3;31;  45;0.20;  90
30252;2004; 4; 2; 5;  44;0.20;  88
30252;2004; 4; 3;10;  44;0.24; 106
30252;2004; 4; 3;15;  44;0.26; 114
30252;2004; 4; 3;20;  44;0.26; 114
30252;2004; 4; 3;25;  36;0.26;  94
30252;2004; 4; 3;30;  28;0.27;  76
30252;2004; 5; 2; 5;   9;0.28;  25
30252;2004;10; 2;20;   1;    ;    
30252;2004;11; 2;20;  13;0.17;  22
30252;2004;12; 2;20;  24;0.16;  38
30252;2005; 1; 2;20;  38;0.16;  61
30252;2005; 1; 3;31;  43;0.17;  73
30252;2005; 2; 2;10;  43;0.17;  73
30252;2005; 2; 3;20;  45;0.18;  81
30252;2005; 2; 3;28;  46;0.18;  83
30252;2005; 3; 2;10;  48;0.18;  86
30252;2005; 3; 3;15;  45;0.18;  81
30252;2005; 3; 3;20;  44;0.18;  79
30252;2005; 3; 3;25;  45;0.18;  81
30252;2005; 3; 3;31;  44;0.19;  84
30252;2005; 4; 2; 5;  39;0.20;  78
30252;2005; 4; 3;10;  33;0.21;  69
30252;2005; 4; 3;15;  33;0.24;  79
30252;2005; 4; 3;20;  25;0.24;  60
30252;2005; 4; 3;25;  14;0.24;  34
30252;2005; 4; 3;30;   0;    ;    
30252;2005;10; 2;12;   1;    ;    
30252;2005;10; 3;20;  13;0.11;  14
30252;2005;11; 2;20;  18;0.13;  23
30252;2005;12; 2;20;  29;0.15;  44
30252;2006; 1; 2;20;  33;0.17;  56
30252;2006; 1; 3;31;  40;0.17;  68
30252;2006; 2; 2;10;  40;0.18;  72
30252;2006; 2; 2;20;  45;0.18;  81
30252;2006; 2; 2;28;  47;0.18;  85
30252;2006; 3; 2;10;  46;0.18;  83
30252;2006; 3; 2;15;  48;0.18;  86
30252;2006; 3; 2;20;  49;0.18;  88
30252;2006; 3; 2;25;  50;0.18;  90
30252;2006; 3; 2;31;  51;0.19;  97
30252;2006; 4; 2; 5;  50;0.19;  95
30252;2006; 4; 3;10;  55;0.20; 110
30252;2006; 4; 3;15;  49;0.21; 103
30252;2006; 4; 3;20;  45;0.22;  99
30252;2006; 4; 3;25;  38;0.24;  91
30252;2006; 4; 3;30;  23;0.24;  55
30252;2006; 5; 2; 5;   2;    ;    
30252;2006;10; 2;21;   9;0.09;   8
30252;2006;11; 2;20;  38;0.14;  53
30252;2007; 1; 2;20;  58;    ;    
30252;2007; 1; 2;31;  56;0.20; 112
30252;2007; 2; 2;10;  66;0.19; 125
30252;2007; 2; 2;20;  67;0.19; 127
30252;2007; 2; 2;28;  70;0.19; 133
30252;2007; 3; 2;10;  69;0.19; 131
30252;2007; 3; 2;15;  67;0.19; 127
30252;2007; 3; 2;20;  65;0.19; 124
30252;2007; 3; 2;25;  67;0.19; 127
30252;2007; 3; 2;31;  67;0.19; 127
30252;2007; 4; 2; 5;  64;0.20; 128
30252;2007; 4; 2;10;  52;0.24; 125
30252;2007; 4; 2;15;  38;0.24;  91
30252;2007; 4; 2;20;  31;0.24;  74
30252;2007; 4; 2;25;  11;0.30;  33
30252;2007;10; 2;10;   3;    ;    
30252;2007;10; 2;20;   4;    ;    
30252;2007;11; 2;20;  11;0.12;  13
30252;2007;12; 2;20;  23;    ;    
30252;2008; 1; 2;20;  30;0.15;  45
30252;2008; 1; 2;31;  34;0.15;  51
30252;2008; 2; 2;10;  34;0.16;  54
30252;2008; 2; 2;20;  34;0.16;  54
30252;2008; 2; 2;29;  35;0.16;  56
30252;2008; 3; 2;10;  39;0.16;  62
30252;2008; 3; 2;15;  39;0.17;  66
30252;2008; 3; 2;20;  37;0.17;  63
30252;2008; 3; 2;25;  42;0.17;  71
30252;2008; 3; 2;31;  31;    ;    
30252;2008; 4; 2; 5;  36;0.18;  65
30252;2008; 4; 2;10;  36;0.19;  68
30252;2008; 4; 2;15;  35;0.19;  67
30252;2008; 4; 2;20;  29;0.23;  67
30252;2008; 4; 2;25;  25;0.23;  58
30252;2008; 4; 2;30;  16;0.25;  40
30252;2008;12; 2;20;  37;0.15;  56
30252;2009; 1; 2;20;  50;0.18;  90
30252;2009; 1; 2;31;  55;0.18;  99
30252;2009; 2; 2;10;  59;0.18; 106
30252;2009; 2; 2;20;  59;0.18; 106
30252;2009; 2; 2;28;  57;0.18; 103
30252;2009; 3; 2;10;  58;0.19; 110
30252;2009; 3; 2;15;  58;0.19; 110
30252;2009; 3; 2;20;  55;0.20; 110
30252;2009; 3; 2;25;  58;0.20; 116
30252;2009; 3; 2;31;  58;0.20; 116
30252;2009; 4; 2; 5;  47;0.23; 108
30252;2009; 4; 2;10;  33;0.25;  83
30252;2009; 4; 2;15;  26;0.26;  68
30252;2009; 4; 2;20;  20;0.29;  58
30252;2009;10; 2;18;   3;    ;    
30252;2009;11; 2;20;  17;0.13;  22
30252;2009;12; 2;20;  23;0.14;  32
30252;2010; 1; 2;20;  29;0.14;  41
30252;2010; 1; 2;31;  35;0.16;  56
30252;2010; 2; 2;10;  34;0.16;  54
30252;2010; 2; 2;20;  33;0.16;  53
30252;2010; 2; 2;28;  38;0.16;  61
30252;2010; 3; 2;10;  36;0.17;  61
30252;2010; 3; 2;15;  39;0.16;  62
30252;2010; 3; 2;20;  36;0.18;  65
30252;2010; 3; 2;25;  36;0.19;  68
30252;2010; 3; 2;31;  33;0.19;  63
30252;2010; 4; 2; 5;  30;0.20;  60
30252;2010; 4; 2;10;  30;0.20;  60
30252;2010; 4; 2;15;  30;0.20;  60
30252;2010; 4; 2;20;  28;0.21;  59
30252;2010; 4; 2;25;   0;    ;    
30252;2010;10; 2;20;   2;    ;    
30252;2010;11; 2;20;  27;0.12;  32
30252;2010;12; 2;20;  31;0.13;  40
30252;2011; 2; 2;10;  38;0.16;  61
30252;2011; 2; 2;20;  37;0.16;  59
30252;2011; 2; 2;28;  38;0.16;  61
30252;2011; 3; 2;10;  36;0.17;  61
30252;2011; 3; 2;15;  37;0.18;  67
30252;2011; 3; 2;20;  37;0.18;  67
30252;2011; 3; 2;25;  35;0.19;  67
30252;2011; 3; 2;31;  31;0.19;  59
30252;2011; 4; 2; 5;  18;0.20;  36
30252;2011; 4; 2;10;  15;0.20;  30
30252;2011; 4; 2;15;  13;0.21;  27
30252;2011;10; 2;21;   1;    ;    
30252;2011;11; 2;20;  15;0.11;  17
30252;2011;12; 2;20;  22;0.13;  29
30252;2012; 1; 2;20;  36;0.13;  47
30252;2012; 1; 2;31;  41;0.15;  62
30252;2012; 2; 2;10;  44;0.15;  66
30252;2012; 2; 2;20;  44;0.17;  75
30252;2012; 2; 2;29;  50;0.17;  85
30252;2012; 3; 2;10;  49;0.17;  83
30252;2012; 3; 2;15;  52;0.18;  94
30252;2012; 3; 2;20;  51;0.18;  92
30252;2012; 3; 2;25;  51;0.18;  92
30252;2012; 3; 2;31;  51;0.19;  97
30252;2012; 4; 2; 5;  50;0.19;  95
30252;2012; 4; 2;10;  49;0.19;  93
30252;2012; 4; 2;15;  61;0.19; 116
30252;2012; 4; 2;19;  49;0.24; 118
30252;2012; 4; 2;25;  49;0.26; 127
30252;2012; 4; 2;30;  41;0.27; 111
30252;2012; 5; 2; 5;  22;0.29;  64
30252;2012;10; 2;20;   1;    ;    
30252;2012;11; 2;20;  25;0.12;  30
30252;2012;12; 2;20;  30;0.13;  39
30252;2013; 1; 2;20;  37;0.14;  52
30252;2013; 1; 2;31;  46;0.17;  78
30252;2013; 2; 2;10;  49;0.16;  78
30252;2013; 2; 2;20;  46;0.16;  74
30252;2013; 2; 2;28;  47;0.17;  80
30252;2013; 3; 2;10;  50;0.17;  85
30252;2013; 3; 2;15;  51;0.17;  87
30252;2013; 3; 2;20;  54;0.17;  92
30252;2013; 3; 2;25;  51;0.18;  92
30252;2013; 3; 2;31;  50;0.19;  95
30252;2013; 4; 2; 5;  57;0.17;  97
30252;2013; 4; 2;10;  51;0.20; 102
30252;2013; 4; 2;15;  50;0.21; 105
30252;2013; 4; 2;20;  46;0.21;  97
30252;2013; 4; 2;25;  28;0.23;  64
30252;2013;11; 2;20;  16;0.14;  22
30252;2013;12; 2;20;  24;0.14;  34
30252;2014; 1; 2;20;  36;0.15;  54
30252;2014; 1; 2;31;  44;0.15;  66
30252;2014; 2; 2;10;  43;0.16;  69
30252;2014; 2; 2;20;  42;0.17;  71
30252;2014; 2; 2;28;  46;0.17;  78
30252;2014; 3; 2;10;  44;0.17;  75
30252;2014; 3; 2;15;  45;0.18;  81
30252;2014; 3; 2;20;  39;0.19;  74
30252;2014; 3; 2;25;  29;0.22;  64
30252;2014; 3; 2;31;  29;0.21;  61
30252;2014; 4; 2; 5;  26;0.23;  60
30252;2014; 4; 2;10;  13;0.24;  31
30252;2014;10; 2;20;   3;    ;    
30252;2014;11; 2;20;  12;0.10;  12
30252;2014;12; 2;20;  26;0.12;  31
30252;2015; 1; 2;20;  41;0.13;  53
30252;2015; 1; 2;31;  45;0.14;  63
30252;2015; 2; 2;10;  49;0.16;  78
30252;2015; 2; 2;20;  50;0.16;  80
30252;2015; 2; 2;28;  50;0.17;  85
30252;2015; 3; 2;10;  48;0.18;  86
30252;2015; 3; 2;15;  52;0.18;  94
30252;2015; 3; 2;20;  49;0.19;  93
30252;2015; 3; 2;25;  47;0.19;  89
30252;2015; 3; 2;31;  39;0.21;  82
30252;2015; 4; 2; 5;  37;0.22;  81
30252;2015; 4; 2;10;  39;0.21;  82
30252;2015; 4; 2;15;  32;0.26;  83
30252;2015; 4; 2;20;  24;0.28;  67
30252;2015; 4; 2;25;   7;0.32;  22
30252;2015;10; 2;20;   1;    ;    
30252;2015;12; 2;20;  31;0.14;  43
30252;2016; 1; 2;20;  38;0.17;  65
30252;2016; 1; 2;31;  42;0.17;  71
30252;2016; 2; 2;10;  46;0.18;  83
30252;2016; 2; 2;20;  47;0.18;  85
30252;2016; 2; 2;29;  45;0.19;  86
30252;2016; 3; 2;10;  49;0.19;  93
30252;2016; 3; 2;15;  57;0.20; 114
30252;2016; 3; 2;20;  56;0.22; 123
30252;2016; 3; 2;25;  54;0.23; 124
30252;2016; 3; 2;31;  47;    ;    
30252;2016; 4; 2; 5;  51;0.24; 122
30252;2016; 4; 2;10;  47;0.24; 113
30252;2016; 4; 2;15;  45;0.25; 113
30252;2016; 4; 2;20;  33;0.25;  83
30252;2016; 4; 2;25;  16;0.26;  42
30252;2016;10; 2;20;   3;    ;    
30252;2016;11; 2;20;   9;0.10;   9
30252;2016;12; 2;20;  34;0.13;  44
30252;2017; 1; 2;20;  35;0.14;  49
30252;2017; 1; 2;31;  33;0.17;  56
30252;2017; 2; 2;10;  37;0.17;  63
30252;2017; 2; 2;20;  36;0.17;  61
30252;2017; 2; 2;28;  43;0.19;  82
30252;2017; 3; 2;10;  48;0.19;  91
30252;2017; 3; 2;15;  38;0.20;  76
30252;2017; 3; 2;20;  35;0.20;  70
30252;2017; 3; 2;25;  32;0.21;  67
30252;2017; 3; 2;31;  29;0.23;  67
30252;2017; 4; 2; 5;  19;0.24;  46
30252;2017; 4; 2;10;  14;0.25;  35
30252;2017; 4; 2;15;  15;0.25;  38
30252;2017; 4; 2;20;  10;0.26;  26
30252;2017;10; 2;20;   4;    ;    
30252;2017;11; 2;20;  23;0.12;  28
30252;2017;12; 2;20;  42;0.14;  59
30252;2018; 1; 2;20;  52;0.15;  78
30252;2018; 1; 2;31;  64;0.16; 102
30252;2018; 2; 2;10;  69;0.16; 110
30252;2018; 2; 2;20;  66;0.17; 112
30252;2018; 2; 2;28;  66;0.17; 112
30252;2018; 3; 2;10;  62;0.18; 112
30252;2018; 3; 2;15;  67;    ;    
30252;2018; 3; 2;20;  64;0.18; 115
30252;2018; 3; 2;25;  66;0.18; 119
30252;2018; 3; 2;31;  61;0.19; 116
30252;2018; 4; 2; 5;  60;0.20; 120
30252;2018; 4; 2;10;  59;0.20; 118
30252;2018; 4; 2;15;  56;0.20; 112
30252;2018; 4; 2;20;  36;0.22;  79
30252;2018; 4; 2;25;  21;0.28;  59
