30337;1966; 1; 1;10;  36;0.15;  54
30337;1966; 1; 1;20;  37;0.17;  63
30337;1966; 1; 1;31;  39;0.19;  74
30337;1966; 2; 1;10;  45;0.17;  77
30337;1966; 2; 1;20;  50;0.17;  85
30337;1966; 2; 1;28;  47;0.17;  80
30337;1966; 3; 1;10;  48;0.19;  91
30337;1966; 3; 1;20;  50;0.19;  95
30337;1966; 3; 1;31;  56;0.19; 106
30337;1966; 4; 1; 5;  60;0.18; 108
30337;1966; 4; 1;10;  57;0.19; 108
30337;1966; 4; 1;15;  57;0.20; 114
30337;1966; 4; 1;20;  46;0.20;  92
30337;1966; 4; 1;25;  46;0.22; 101
30337;1966; 4; 1;30;  37;0.24;  89
30337;1966;10; 2;10;    ;    ;   0
30337;1966;10; 1;20;   3;    ;    
30337;1966;10; 2;20;   3;    ;    
30337;1966;10; 1;31;  10;0.13;  13
30337;1966;10; 2;31;    ;    ;   0
30337;1966;11; 1;10;   8;0.14;  11
30337;1966;11; 1;20;  17;0.17;  29
30337;1966;11; 2;20;  20;0.15;  30
30337;1966;11; 1;30;  19;0.17;  32
30337;1966;12; 1;10;  27;0.17;  46
30337;1966;12; 1;20;  30;0.16;  48
30337;1966;12; 2;20;  38;0.16;  61
30337;1966;12; 1;31;  32;0.18;  58
30337;1967; 1; 1;10;  37;0.20;  74
30337;1967; 1; 1;20;  34;0.22;  75
30337;1967; 1; 1;31;  34;0.21;  71
30337;1967; 2; 1;10;  39;0.20;  78
30337;1967; 2; 2;10;  50;0.19;  95
30337;1967; 2; 1;20;  46;0.17;  78
30337;1967; 2; 2;20;  55;0.16;  88
30337;1967; 2; 1;28;  45;0.18;  81
30337;1967; 2; 2;28;  52;0.18;  94
30337;1967; 3; 2; 5;    ;    ;   0
30337;1967; 3; 1;10;  45;0.22;    
30337;1967; 3; 2;10;  52;0.18;  94
30337;1967; 3; 1;15;  45;0.21;  95
30337;1967; 3; 2;15;  52;0.18;  94
30337;1967; 3; 1;20;  48;0.20;  96
30337;1967; 3; 2;20;  54;0.19; 103
30337;1967; 3; 1;25;  46;0.21;  97
30337;1967; 3; 2;25;  53;0.20; 106
30337;1967; 3; 1;31;  47;0.20;  94
30337;1967; 3; 2;31;  52;0.21; 109
30337;1967; 4; 1; 5;  46;0.22; 101
30337;1967; 4; 2; 5;  56;0.20; 112
30337;1967; 4; 1;10;  47;0.20;  94
30337;1967; 4; 2;10;  55;0.21; 116
30337;1967; 4; 1;15;  44;0.20;  88
30337;1967; 4; 2;15;  51;0.21; 107
30337;1967; 4; 1;20;  20;0.32;  64
30337;1967; 4; 2;20;  31;0.30;  93
30337;1967; 4; 2;25;   6;0.41;  25
30337;1967; 4; 2;30;    ;    ;   0
30337;1967;11; 1;10;  10;0.14;  14
30337;1967;11; 1;20;  17;0.14;  24
30337;1967;11; 2;20;  18;0.13;  23
30337;1967;11; 1;30;  20;0.16;  32
30337;1967;12; 1;10;  22;0.14;  31
30337;1967;12; 1;20;  29;0.15;  44
30337;1967;12; 2;20;  31;0.14;  43
30337;1967;12; 1;31;  36;0.16;  58
30337;1968; 1; 1;10;  36;0.17;  61
30337;1968; 1; 2;10;    ;    ;   0
30337;1968; 1; 1;20;  38;0.18;  68
30337;1968; 1; 2;20;  38;0.17;  65
30337;1968; 1; 1;31;  39;0.17;  66
30337;1968; 1; 2;31;  39;0.16;  62
30337;1968; 2; 1;10;  38;0.19;  72
30337;1968; 2; 2;10;  42;0.16;  67
30337;1968; 2; 1;20;  42;0.16;  67
30337;1968; 2; 2;20;  41;0.16;  66
30337;1968; 2; 1;29;  41;0.20;  82
30337;1968; 2; 2;29;  42;0.16;  67
30337;1968; 3; 2; 5;    ;    ;   0
30337;1968; 3; 1;10;  43;0.19;  82
30337;1968; 3; 2;10;  43;0.17;  73
30337;1968; 3; 1;15;  41;0.20;  82
30337;1968; 3; 2;15;  42;0.19;  80
30337;1968; 3; 1;20;  40;0.18;  72
30337;1968; 3; 2;20;  40;0.18;  72
30337;1968; 3; 1;25;  40;0.19;  76
30337;1968; 3; 2;25;  40;0.18;  72
30337;1968; 3; 1;31;  35;0.29; 102
30337;1968; 3; 2;31;  39;0.21;  82
30337;1968; 4; 1; 5;  34;0.32; 109
30337;1968; 4; 2; 5;  37;0.27; 100
30337;1968; 4; 1;10;  38;0.29; 110
30337;1968; 4; 2;10;  50;0.22; 110
30337;1968; 4; 1;15;  32;0.32; 102
30337;1968; 4; 2;15;  40;0.28; 112
30337;1968; 4; 2;20;  18;0.36;  65
30337;1968; 4; 2;25;   8;0.52;  42
30337;1968;11; 1;10;   9;    ;    
30337;1968;11; 1;20;  13;    ;    
30337;1968;11; 2;20;  17;    ;    
30337;1968;11; 1;30;  16;    ;    
30337;1968;12; 1;10;  19;0.15;  29
30337;1968;12; 1;20;  23;0.14;  32
30337;1968;12; 2;20;  22;0.14;  31
30337;1968;12; 1;31;  25;0.14;  35
30337;1969; 1; 1;10;  27;0.15;  40
30337;1969; 1; 2;10;    ;    ;   0
30337;1969; 1; 1;20;  33;0.15;  50
30337;1969; 1; 2;20;  31;0.17;  52
30337;1969; 1; 1;31;  34;0.15;  51
30337;1969; 1; 2;31;  33;0.16;  53
30337;1969; 2; 1;10;  35;0.16;  56
30337;1969; 2; 2;10;  37;0.18;  67
30337;1969; 2; 1;20;  34;0.18;  61
30337;1969; 2; 2;20;  36;0.19;  68
30337;1969; 2; 1;28;  36;0.18;  65
30337;1969; 2; 2;28;  36;0.19;  68
30337;1969; 4; 1; 5;  35;0.10;  35
30337;1969; 4; 2; 5;  39;    ;    
30337;1969; 4; 1;10;  33;0.10;  33
30337;1969; 4; 2;10;  37;    ;    
30337;1969; 4; 1;15;  26;0.10;  26
30337;1969; 4; 2;15;  29;    ;    
30337;1969; 4; 1;20;  13;0.80;  10
30337;1969; 4; 2;20;  18;    ;    
30337;1969; 4; 1;25;  10;0.10;  10
30337;1969; 4; 2;25;  20;    ;    
30337;1969; 4; 2;30;  20;    ;    
30337;1970;11; 1;10;   8;0.12;  10
30337;1970;11; 1;20;  10;0.16;  16
30337;1970;11; 1;30;  14;0.16;  22
30337;1970;12; 1;10;  18;0.17;  31
30337;1970;12; 1;20;  22;0.16;  35
30337;1970;12; 1;31;  22;0.16;  35
30337;1971; 1; 1;10;  24;0.16;  38
30337;1971; 1; 1;20;  28;0.16;  45
30337;1971; 1; 1;31;  34;0.16;  54
30337;1971; 2; 1;10;  35;0.18;  63
30337;1971; 2; 1;20;  35;0.16;  56
30337;1971; 2; 1;28;  36;0.16;  58
30337;1971; 3; 1; 5;    ;    ;   0
30337;1971; 3; 1;10;  38;0.18;  68
30337;1971; 3; 1;15;  38;0.18;  68
30337;1971; 3; 1;20;  41;0.17;  70
30337;1971; 3; 1;25;  41;0.18;  74
30337;1971; 3; 1;31;  41;0.18;  74
30337;1971; 4; 1; 5;  39;0.24;  94
30337;1971; 4; 1;10;  34;0.24;  82
30337;1971; 4; 1;15;  26;0.27;  70
30337;1971;11; 1;10;   6;0.12;   7
30337;1971;11; 1;20;  10;0.13;  13
30337;1971;11; 1;30;  14;0.16;  22
30337;1971;12; 1;10;  14;0.16;  22
30337;1971;12; 1;20;  27;0.14;  38
30337;1971;12; 1;31;  26;0.15;  39
30337;1972;10; 1;10;    ;    ;   0
30337;1972;10; 1;20;   5;0.06;   3
30337;1972;10; 1;31;  13;0.06;   8
30337;1972;11; 1;10;  25;0.18;  45
30337;1972;11; 2;20;  33;0.18;  59
30337;1972;11; 2;30;  37;0.21;  78
30337;1972;12; 1;10;  48;0.20;  96
30337;1972;12; 2;20;  63;0.21; 132
30337;1972;12; 2;30;  59;0.26; 153
30337;1974; 2; 1; 5;    ;    ;   0
30337;1974; 2; 1;10;  38;0.20;  76
30337;1974; 2; 2;10;  43;0.18;  77
30337;1974; 2; 1;15;    ;    ;   0
30337;1974; 2; 1;20;  41;0.18;  74
30337;1974; 2; 1;25;    ;    ;   0
30337;1974; 2; 1;28;  44;0.17;  75
30337;1974; 3; 1; 5;    ;    ;   0
30337;1974; 3; 2; 5;    ;    ;   0
30337;1974; 3; 1;10;  35;0.23;  80
30337;1974; 3; 2;10;  46;0.19;  87
30337;1974; 3; 1;15;  29;0.21;  61
30337;1974; 3; 2;15;  46;0.20;  92
30337;1974; 3; 1;20;  34;0.26;  88
30337;1974; 3; 2;20;  47;0.20;  94
30337;1974; 3; 1;25;  40;0.29; 116
30337;1974; 3; 2;25;  52;0.21; 106
30337;1974; 3; 1;31;  39;0.33; 129
30337;1974; 3; 2;31;  50;0.23; 115
30337;1974; 4; 1; 5;  40;0.19;  76
30337;1974; 4; 2; 5;  41;0.16;  66
30337;1974; 4; 1;10;  40;0.21;  84
30337;1974; 4; 1;15;  33;0.23;  76
30337;1974; 4; 1;20;  27;0.24;  65
30337;1974; 4; 1;25;    ;    ;   0
30337;1974; 4; 1;30;    ;    ;   0
30337;1974;10; 1;10;    ;    ;   0
30337;1974;10; 2;10;    ;    ;   0
30337;1974;10; 1;20;   6;0.07;   4
30337;1974;10; 2;20;   6;0.11;   7
30337;1974;10; 1;31;    ;    ;   0
30337;1974;10; 2;31;    ;    ;   0
30337;1974;11; 1;10;  20;0.17;  34
30337;1974;11; 2;10;    ;    ;   0
30337;1974;11; 1;20;  23;0.17;  39
30337;1974;11; 2;20;  11;0.08;   9
30337;1974;11; 1;30;  32;0.20;  64
30337;1974;11; 2;30;    ;    ;   0
30337;1974;12; 1;10;  13;0.18;  23
30337;1974;12; 2;10;    ;    ;   0
30337;1974;12; 1;20;  22;0.16;  35
30337;1974;12; 2;20;  26;0.14;  36
30337;1974;12; 1;31;  54;0.21; 113
30337;1974;12; 2;31;    ;    ;   0
30337;1975; 1; 1; 5;    ;    ;   0
30337;1975; 1; 1;10;  33;0.15;  50
30337;1975; 1; 2;10;  53;0.30; 159
30337;1975; 1; 2;15;    ;    ;   0
30337;1975; 1; 2;20;  39;0.14;  55
30337;1975; 1; 2;25;    ;    ;   0
30337;1975; 1; 2;30;  64;0.25; 160
30337;1975; 2; 1; 5;    ;    ;   0
30337;1975; 2; 1;10;  44;0.17;  75
30337;1975; 2; 2;10;  65;0.27; 176
30337;1975; 2; 2;15;    ;    ;   0
30337;1975; 2; 2;20;  60;0.27; 162
30337;1975; 2; 2;25;    ;    ;   0
30337;1975; 2; 2;28;  76;0.22; 167
30337;1975; 3; 1; 5;    ;    ;   0
30337;1975; 3; 2; 5;    ;    ;   0
30337;1975; 3; 2;10;  64;0.27; 173
30337;1975; 3; 2;15;  60;0.27; 162
30337;1975; 3; 2;20;  56;0.27; 151
30337;1975; 3; 2;25;  50;0.29; 145
30337;1975; 3; 2;30;  40;0.30; 120
30337;1975; 4; 1; 5;  28;0.26;  73
30337;1975; 4; 2; 5;  33;    ;    
30337;1975; 4; 2;10;  27;0.28;  76
30337;1975; 4; 2;15;  23;0.30;  69
30337;1975; 4; 2;20;    ;    ;   0
30337;1975; 4; 2;25;   9;    ;    
30337;1975; 4; 2;30;    ;    ;   0
30337;1975;10; 1;10;    ;    ;   0
30337;1975;10; 2;10;    ;    ;   0
30337;1975;10; 1;20;    ;    ;   0
30337;1975;10; 1;30;    ;    ;   0
30337;1975;11; 1;10;   3;    ;    
30337;1975;11; 2;10;    ;    ;   0
30337;1975;11; 2;20;   4;    ;    
30337;1975;11; 2;30;  16;0.10;  16
30337;1975;12; 1;10;  18;0.11;  20
30337;1975;12; 2;10;    ;    ;   0
30337;1975;12; 2;20;  20;0.14;  28
30337;1975;12; 2;30;  26;0.12;  31
30337;1976; 1; 1;10;  26;0.14;  36
30337;1976; 1; 1;20;  31;0.14;  43
30337;1976; 1; 2;20;  30;0.14;  42
30337;1976; 1; 1;31;  32;0.16;  51
30337;1976; 1; 2;31;  30;0.15;  45
30337;1976; 2; 1;10;  35;0.16;  56
30337;1976; 2; 2;10;  35;0.15;  52
30337;1976; 2; 1;20;  36;0.16;  58
30337;1976; 2; 2;20;  36;0.15;  54
30337;1976; 2; 1;29;  34;0.16;  54
30337;1976; 2; 2;29;  37;0.16;  59
30337;1976; 3; 1;10;  34;    ;    
30337;1976; 3; 2;10;  33;0.18;  59
30337;1976; 3; 1;15;  34;0.20;  68
30337;1976; 3; 2;15;  36;0.19;  68
30337;1976; 3; 1;20;  35;0.19;  66
30337;1976; 3; 2;20;  36;0.17;  61
30337;1976; 3; 1;25;  37;0.18;  67
30337;1976; 3; 2;25;  38;0.17;  65
30337;1976; 3; 1;31;  37;0.19;  70
30337;1976; 3; 2;31;  39;0.18;  70
30337;1976; 4; 1; 5;  35;0.22;  77
30337;1976; 4; 2; 5;  36;0.20;  72
30337;1976; 4; 1;10;  19;0.25;  48
30337;1976; 4; 2;10;  29;0.20;  58
30337;1976; 4; 2;15;  24;0.22;  53
30337;1976; 4; 2;20;  22;0.24;  53
30337;1976; 4; 2;25;  17;0.29;  49
30337;1976;10; 1;20;   3;    ;    
30337;1976;10; 2;20;   5;    ;    
30337;1976;10; 1;31;   8;0.10;   8
30337;1976;11; 1;10;  11;0.11;  12
30337;1976;11; 1;20;  15;0.11;  16
30337;1976;11; 2;20;  18;0.11;  20
30337;1976;11; 1;30;  27;0.14;  38
30337;1976;12; 1;10;  32;0.16;  51
30337;1976;12; 1;20;  31;0.17;  53
30337;1976;12; 2;20;  34;0.15;  51
30337;1976;12; 1;31;  36;0.16;  58
30337;1977; 1; 1;10;  41;0.02;   8
30337;1977; 1; 1;20;  44;0.18;  79
30337;1977; 1; 2;20;  45;0.18;  81
30337;1977; 1; 1;31;  45;0.18;  81
30337;1977; 1; 2;31;  44;0.17;  75
30337;1977; 2; 1;10;  47;0.19;  89
30337;1977; 2; 2;10;  49;0.18;  88
30337;1977; 2; 1;20;  51;0.17;  87
30337;1977; 2; 2;20;  53;0.17;  90
30337;1977; 2; 1;28;  51;0.19;  97
30337;1977; 2; 2;28;  53;0.18;  95
30337;1977; 3; 1;10;  53;0.19; 101
30337;1977; 3; 2;10;  55;0.17;  94
30337;1977; 3; 1;15;  54;0.19; 103
30337;1977; 3; 2;15;  56;0.17;  95
30337;1977; 3; 1;20;  52;0.20; 104
30337;1977; 3; 2;20;  55;0.18;    
30337;1977; 3; 1;25;  53;0.19; 101
30337;1977; 3; 2;25;  56;0.17;  95
30337;1977; 3; 1;31;  45;0.22;    
30337;1977; 3; 2;31;  51;0.20; 102
30337;1977; 4; 1;10;  42;0.24; 101
30337;1977; 4; 2;10;  51;0.19;  97
30337;1977; 4; 1;15;  40;0.25; 100
30337;1977; 4; 2;15;  50;0.19;  95
30337;1977; 4; 1;20;  20;0.27;  54
30337;1977; 4; 2;20;  35;0.22;  77
30337;1977; 4; 2;25;  25;0.27;  68
30337;1977; 4; 2;30;  10;0.33;  33
30337;1977;10; 1;20;   4;    ;    
30337;1977;10; 2;20;   3;    ;    
30337;1977;10; 1;31;  10;0.21;  21
30337;1977;11; 1;10;  15;0.19;  29
30337;1977;11; 1;20;  25;0.17;  43
30337;1977;11; 2;20;  25;0.15;  38
30337;1977;11; 1;30;  26;0.20;  52
30337;1977;12; 1;10;  34;0.18;  61
30337;1977;12; 1;20;  36;0.20;  72
30337;1977;12; 2;20;  35;0.20;  70
30337;1977;12; 1;31;  34;0.20;  68
30337;1978; 1; 1;10;  44;0.21;  92
30337;1978; 1; 1;20;  43;0.19;  82
30337;1978; 1; 2;20;  42;0.18;  76
30337;1978; 1; 1;31;  46;0.19;  87
30337;1978; 1; 2;31;  45;0.18;  81
30337;1978; 2; 1;10;  48;0.20;  96
30337;1978; 2; 2;10;  46;0.19;  87
30337;1978; 2; 1;20;  57;0.13;  74
30337;1978; 2; 2;20;  59;0.17; 100
30337;1978; 2; 1;28;  50;0.20; 100
30337;1978; 2; 2;28;  54;0.17;  92
30337;1978; 3; 1;10;  49;0.20;  98
30337;1978; 3; 2;10;  50;0.19;  95
30337;1978; 3; 1;15;  49;0.17;  83
30337;1978; 3; 2;15;  51;0.14;  71
30337;1978; 3; 1;20;  50;0.20; 100
30337;1978; 3; 2;20;  50;0.20; 100
30337;1978; 3; 1;25;  47;0.20;  94
30337;1978; 3; 2;25;  49;0.18;  88
30337;1978; 3; 1;31;  51;0.18;  92
30337;1978; 3; 2;31;  53;0.17;  90
30337;1978; 4; 1; 5;  40;0.24;  96
30337;1978; 4; 2; 5;  44;0.20;  88
30337;1978; 4; 1;10;  20;0.32;  64
30337;1978; 4; 2;10;  34;0.28;  95
30337;1978; 4; 1;15;  21;0.28;  59
30337;1978; 4; 2;15;  30;0.27;  81
30337;1978; 4; 2;20;  28;0.33;  92
30337;1978; 4; 2;25;  13;0.31;  40
30337;1978; 4; 2;30;   4;0.31;  12
30337;1978;10; 1;31;   3;    ;    
30337;1978;11; 1;10;   8;0.11;   9
30337;1978;11; 1;20;  13;0.12;  16
30337;1978;11; 2;20;  14;0.11;  15
30337;1978;11; 1;30;  19;0.13;  25
30337;1978;12; 1;10;  24;0.13;  31
30337;1978;12; 1;20;  25;0.14;  35
30337;1978;12; 2;20;  25;0.14;  35
30337;1978;12; 1;31;  29;0.16;  46
30337;1979; 1; 1;10;  31;0.16;  50
30337;1979; 1; 1;20;  35;0.16;  56
30337;1979; 1; 2;20;  36;0.16;  58
30337;1979; 1; 1;31;  37;0.15;  56
30337;1979; 1; 2;31;  38;0.15;  57
30337;1979; 2; 1;10;  37;0.18;  67
30337;1979; 2; 2;10;  41;0.17;  70
30337;1979; 2; 1;20;  35;0.17;  60
30337;1979; 2; 2;20;  41;0.15;  62
30337;1979; 2; 1;28;  36;0.16;  58
30337;1979; 2; 2;28;  42;0.16;  67
30337;1979; 3; 1;10;  36;0.19;  68
30337;1979; 3; 2;10;  41;0.18;  74
30337;1979; 3; 1;15;  37;0.16;  59
30337;1979; 3; 2;15;  41;0.17;  70
30337;1979; 3; 1;20;  36;0.20;  72
30337;1979; 3; 2;20;  42;0.18;  76
30337;1979; 3; 1;25;  35;0.19;  67
30337;1979; 3; 2;25;  41;0.19;  78
30337;1979; 3; 1;31;  37;0.19;  70
30337;1979; 3; 2;31;  41;0.20;  82
30337;1979; 4; 1; 5;  33;0.21;  69
30337;1979; 4; 2; 5;  40;0.18;  72
30337;1979; 4; 1;10;  33;0.21;  69
30337;1979; 4; 2;10;  39;0.20;  78
30337;1979; 4; 1;15;  31;0.19;  59
30337;1979; 4; 2;15;  40;0.18;  72
30337;1979; 4; 1;20;   5;0.24;  12
30337;1979; 4; 2;20;  31;0.21;  65
30337;1979; 4; 2;25;  24;0.29;  70
30337;1979; 4; 2;30;  14;0.32;  45
30337;1979;10; 1;20;   2;    ;    
30337;1979;10; 2;20;   2;    ;    
30337;1979;10; 1;31;  18;0.12;  22
30337;1979;11; 1;10;  18;0.14;  25
30337;1979;11; 1;20;  25;0.05;  13
30337;1979;11; 2;20;  27;0.13;  35
30337;1979;11; 1;30;  29;0.16;  46
30337;1979;12; 1;10;  34;0.16;  54
30337;1979;12; 1;20;  40;0.17;  68
30337;1979;12; 2;20;  43;0.17;  73
30337;1979;12; 1;31;  41;0.18;  74
30337;1980; 1; 1;10;  44;0.15;  66
30337;1980; 1; 1;20;  46;0.17;  78
30337;1980; 1; 2;20;  47;0.18;  85
30337;1980; 1; 1;31;  48;0.19;  91
30337;1980; 1; 2;31;  52;0.18;  94
30337;1980; 2; 1;10;  49;0.18;  88
30337;1980; 2; 2;10;  51;0.17;  87
30337;1980; 2; 1;20;  48;0.19;  91
30337;1980; 2; 2;20;  51;0.19;  97
30337;1980; 2; 1;29;  49;0.19;  93
30337;1980; 2; 2;29;  52;0.19;    
30337;1980; 3; 1;10;  49;0.19;  93
30337;1980; 3; 2;10;  52;0.20; 104
30337;1980; 3; 1;15;  49;0.18;  88
30337;1980; 3; 2;15;  53;0.18;  95
30337;1980; 3; 1;20;  49;0.20;  98
30337;1980; 3; 2;20;  53;0.20; 106
30337;1980; 3; 1;25;  51;0.21; 107
30337;1980; 3; 2;25;  55;0.19; 105
30337;1980; 3; 1;31;  46;0.21;  97
30337;1980; 3; 2;31;  50;0.20; 100
30337;1980; 4; 1; 5;  46;0.20;  92
30337;1980; 4; 2; 5;  51;0.21; 107
30337;1980; 4; 1;10;  44;0.21;  92
30337;1980; 4; 2;10;  50;0.21; 105
30337;1980; 4; 1;15;  29;0.22;  64
30337;1980; 4; 2;15;  48;0.21; 101
30337;1980; 4; 1;20;  18;0.32;  58
30337;1980; 4; 2;20;  38;0.27; 103
30337;1980; 4; 2;25;  31;0.22;  68
30337;1980; 4; 2;30;  22;0.25;  55
30337;1980; 5; 2; 5;   9;0.31;  28
30337;1980;10; 1;20;   3;    ;    
30337;1980;10; 2;20;   4;    ;    
30337;1980;10; 1;31;   9;0.10;   9
30337;1980;11; 1;10;   9;0.12;  11
30337;1980;11; 1;20;  11;0.12;  13
30337;1980;11; 2;20;  13;0.11;  14
30337;1980;11; 1;30;  23;0.13;  30
30337;1980;12; 1;10;  26;0.15;  39
30337;1980;12; 1;20;  36;0.15;  54
30337;1980;12; 2;20;  35;0.13;  46
30337;1980;12; 1;31;  43;0.14;  60
30337;1981; 1; 1;10;  57;0.14;  80
30337;1981; 1; 1;20;  53;0.16;  85
30337;1981; 1; 2;20;  47;0.16;  75
30337;1981; 1; 1;31;  50;0.18;  90
30337;1981; 1; 2;31;  45;0.17;  77
30337;1981; 2; 1;10;  57;0.17;  97
30337;1981; 2; 2;10;  51;0.18;  92
30337;1981; 2; 1;20;  58;0.18; 104
30337;1981; 2; 2;20;  55;0.18;    
30337;1981; 2; 1;28;  60;0.19; 114
30337;1981; 2; 2;28;  55;0.18;    
30337;1981; 4; 1; 5;  40;0.24;  96
30337;1981; 4; 2; 5;  43;0.24; 103
30337;1981; 4; 1;10;  30;0.30;  90
30337;1981; 4; 2;10;  45;0.26; 117
30337;1981; 4; 1;15;  12;0.28;  34
30337;1981; 4; 2;15;  33;0.22;  73
30337;1981; 4; 1;20;   1;0.20;   2
30337;1981; 4; 2;20;  15;0.33;  50
30337;1981;10; 1;20;   6;0.12;   7
30337;1981;10; 2;20;   8;0.11;   9
30337;1981;10; 1;31;   8;0.11;   9
30337;1981;11; 1;10;  17;0.11;  19
30337;1981;11; 1;20;  29;0.12;  35
30337;1981;11; 2;20;  29;0.12;  35
30337;1981;11; 1;30;  26;0.16;  42
30337;1981;12; 1;10;  30;0.14;  42
30337;1981;12; 1;20;  37;0.16;  59
30337;1981;12; 2;20;  35;0.15;  53
30337;1981;12; 1;31;  42;0.21;  88
30337;1982; 1; 1;10;  37;0.18;  67
30337;1982; 1; 1;20;  38;0.19;  72
30337;1982; 1; 2;20;  44;0.18;  79
30337;1982; 1; 1;31;  36;0.19;  68
30337;1982; 1; 2;31;  43;0.17;  73
30337;1982; 2; 1;10;  43;0.18;  77
30337;1982; 2; 2;10;  44;0.17;  75
30337;1982; 2; 1;20;  41;0.18;  74
30337;1982; 2; 2;20;  43;0.17;  73
30337;1982; 2; 1;28;  41;0.20;  82
30337;1982; 2; 2;28;  43;0.20;  86
30337;1982; 3; 1;10;  44;0.20;  88
30337;1982; 3; 2;10;  49;0.18;  88
30337;1982; 3; 1;15;  43;0.21;  90
30337;1982; 3; 2;15;  49;0.17;  83
30337;1982; 3; 1;20;  42;0.21;  88
30337;1982; 3; 2;20;  47;0.19;  89
30337;1982; 3; 1;25;  42;0.21;  88
30337;1982; 3; 2;25;  45;0.20;  90
30337;1982; 3; 1;31;  35;0.24;  84
30337;1982; 3; 2;31;  44;0.20;  88
30337;1982; 4; 1; 5;  18;0.23;  41
30337;1982; 4; 2; 5;  28;0.20;  56
30337;1982; 4; 1;10;   2;0.23;   5
30337;1982; 4; 2;10;  19;0.32;  61
30337;1982; 4; 2;15;  16;0.28;  45
30337;1982; 4; 2;20;   7;0.21;  15
30337;1982;11; 1;10;   5;    ;    
30337;1982;11; 1;20;  18;0.14;  25
30337;1982;11; 2;20;  19;0.12;  23
30337;1982;11; 1;30;  27;0.14;  38
30337;1982;12; 1;10;  30;0.14;  42
30337;1982;12; 1;20;  37;0.16;  59
30337;1982;12; 2;20;  35;0.15;  53
30337;1982;12; 1;31;  42;0.21;  88
30337;1983; 1; 1;10;  44;0.23; 101
30337;1983; 1; 1;20;  55;0.17;  94
30337;1983; 1; 2;20;  54;0.17;  92
30337;1983; 1; 1;31;  50;0.20; 100
30337;1983; 1; 2;31;  52;0.18;  94
30337;1983; 2; 1;10;  53;0.21; 111
30337;1983; 2; 2;10;  53;0.20; 106
30337;1983; 2; 1;20;  53;0.20; 106
30337;1983; 2; 2;20;  52;0.18;  94
30337;1983; 2; 1;28;  53;0.21; 111
30337;1983; 2; 2;28;  52;0.20; 104
30337;1983; 3; 1;10;  53;0.21; 111
30337;1983; 3; 2;10;  51;0.21; 107
30337;1983; 3; 1;15;  53;0.21; 111
30337;1983; 3; 2;15;  53;0.21; 111
30337;1983; 3; 1;20;  47;0.22; 103
30337;1983; 3; 2;20;  50;0.20; 100
30337;1983; 3; 1;25;  44;0.24; 106
30337;1983; 3; 2;25;  50;0.20; 100
30337;1983; 3; 1;31;  39;0.26; 101
30337;1983; 3; 2;31;  49;0.21; 103
30337;1983; 4; 1; 5;  37;0.26;  96
30337;1983; 4; 2; 5;  48;0.20;  96
30337;1983; 4; 1;10;  35;0.26;  91
30337;1983; 4; 2;10;  49;0.21; 103
30337;1983; 4; 1;15;  32;0.26;  83
30337;1983; 4; 2;15;  47;0.21;    
30337;1983; 4; 1;20;  27;0.26;  70
30337;1983; 4; 2;20;  44;0.26; 114
30337;1983; 4; 1;25;  25;0.26;  65
30337;1983; 4; 2;25;  42;0.26; 109
30337;1983; 4; 1;30;  15;0.28;  42
30337;1983; 4; 2;30;  42;0.32; 134
30337;1983; 5; 2; 5;  23;0.27;  62
30337;1983;10; 1;31;   9;0.16;  14
30337;1983;11; 1;10;   7;0.24;  17
30337;1983;11; 1;20;   8;0.23;  18
30337;1983;11; 2;20;  11;0.18;  20
30337;1983;11; 1;30;  15;0.15;  23
30337;1983;12; 1;10;  19;0.19;  36
30337;1983;12; 1;20;  25;0.18;  45
30337;1983;12; 2;20;  27;0.15;  41
30337;1983;12; 1;31;  28;0.18;  50
30337;1984; 1; 1;10;  30;0.19;  57
30337;1984; 1; 1;20;  33;0.18;  59
30337;1984; 1; 2;20;  35;0.16;  56
30337;1984; 1; 1;31;  32;0.18;  58
30337;1984; 1; 2;31;  36;0.16;  58
30337;1984; 2; 1;10;  38;0.19;  72
30337;1984; 2; 2;10;  40;0.17;  68
30337;1984; 2; 1;20;  34;0.19;  65
30337;1984; 2; 2;20;  40;0.18;  72
30337;1984; 2; 1;29;  34;0.17;  58
30337;1984; 2; 2;29;  43;0.17;  73
30337;1984; 3; 1;10;  35;0.20;  70
30337;1984; 3; 2;10;  41;0.17;  70
30337;1984; 3; 1;15;  36;0.20;  72
30337;1984; 3; 2;15;  42;0.19;  80
30337;1984; 3; 1;20;  39;0.19;  74
30337;1984; 3; 2;20;  42;0.18;  76
30337;1984; 3; 1;25;  38;0.19;  72
30337;1984; 3; 2;25;  43;0.19;  82
30337;1984; 3; 1;31;  40;0.20;  80
30337;1984; 3; 2;31;  45;0.19;  86
30337;1984; 4; 1; 5;  48;0.22; 106
30337;1984; 4; 2; 5;  45;0.20;  90
30337;1984; 4; 1;10;  29;0.22;  64
30337;1984; 4; 2;10;  40;0.19;  76
30337;1984; 4; 1;15;  16;0.26;  42
30337;1984; 4; 2;15;  37;0.20;  74
30337;1984; 4; 1;20;  11;0.24;  26
30337;1984; 4; 2;20;  36;0.23;  83
30337;1984; 4; 1;25;   2;    ;    
30337;1984; 4; 2;25;  26;0.21;  55
30337;1984; 4; 1;30;   1;    ;    
30337;1984; 4; 2;30;  30;0.22;  66
30337;1984; 5; 2; 5;   2;0.31;   6
30337;1984;10; 1;10;   6;0.07;   4
30337;1984;10; 1;20;  18;0.18;  32
30337;1984;10; 2;20;  22;0.15;  33
30337;1984;10; 1;31;  31;0.18;  56
30337;1984;11; 1;10;  32;0.20;  64
30337;1984;11; 1;20;  34;0.20;  68
30337;1984;11; 2;20;  34;0.20;  68
30337;1984;11; 1;30;  33;0.20;  66
30337;1984;12; 1;10;  34;0.21;  71
30337;1984;12; 1;20;  37;0.21;  78
30337;1984;12; 2;20;  43;0.19;  82
30337;1984;12; 1;31;  43;0.21;  90
30337;1985; 1; 1;10;  43;0.20;  86
30337;1985; 1; 1;20;  50;0.21; 105
30337;1985; 1; 2;20;  54;0.20; 108
30337;1985; 1; 1;31;  64;0.18; 115
30337;1985; 1; 2;31;  62;0.19; 118
30337;1985; 2; 1;10;  60;0.20; 120
30337;1985; 2; 2;10;  64;0.18; 115
30337;1985; 2; 1;20;  58;0.20; 116
30337;1985; 2; 2;20;  61;0.20; 122
30337;1985; 2; 1;28;  59;0.21; 124
30337;1985; 2; 2;28;  61;0.20; 122
30337;1985; 3; 1;10;  58;0.22; 128
30337;1985; 3; 2;10;  64;0.20; 128
30337;1985; 3; 1;15;  56;0.22; 123
30337;1985; 3; 2;15;  62;0.21; 130
30337;1985; 3; 1;20;  56;0.22; 123
30337;1985; 3; 2;20;  62;0.22; 136
30337;1985; 3; 1;25;  53;0.22; 117
30337;1985; 3; 2;25;  60;0.21; 126
30337;1985; 3; 1;31;  46;0.25; 115
30337;1985; 3; 2;31;  56;0.20; 112
30337;1985; 4; 1; 5;  43;0.26; 112
30337;1985; 4; 2; 5;  54;0.21; 113
30337;1985; 4; 1;10;  40;0.27; 108
30337;1985; 4; 2;10;  52;0.23; 120
30337;1985; 4; 1;15;  21;0.28;  56
30337;1985; 4; 2;15;  42;0.23;  97
30337;1985; 4; 2;20;  25;0.29;  73
30337;1985; 4; 2;25;  11;0.29;  32
30337;1985; 4; 2;30;   3;0.05;   2
30337;1985;10; 1;31;   6;0.19;  11
30337;1985;11; 1;10;  12;0.12;  14
30337;1985;11; 1;20;  17;0.14;  24
30337;1985;11; 2;20;  19;0.15;  29
30337;1985;11; 1;30;  20;0.16;  32
30337;1985;12; 1;10;  25;0.16;  40
30337;1985;12; 1;20;  33;0.16;  53
30337;1985;12; 2;20;  32;0.16;  51
30337;1985;12; 1;31;  34;0.16;  54
30337;1986; 1; 1;10;  38;0.17;  65
30337;1986; 1; 1;20;  44;0.17;  75
30337;1986; 1; 2;20;  42;0.16;  67
30337;1986; 1; 1;31;  45;0.17;  77
30337;1986; 1; 2;31;  45;0.18;  81
30337;1986; 2; 1;10;  45;0.18;  81
30337;1986; 2; 2;10;  45;0.17;  77
30337;1986; 2; 1;20;  46;0.18;  83
30337;1986; 2; 2;20;  45;0.20;  90
30337;1986; 2; 1;28;  46;0.20;  92
30337;1986; 2; 2;28;  47;0.17;  80
30337;1986; 3; 1;10;  43;0.21;  90
30337;1986; 3; 2;10;  44;0.18;  79
30337;1986; 3; 1;15;  41;0.21;  86
30337;1986; 3; 2;15;  45;0.20;  90
30337;1986; 3; 1;20;  42;0.19;  80
30337;1986; 3; 2;20;  44;0.19;  84
30337;1986; 3; 1;25;  42;0.19;  80
30337;1986; 3; 2;25;  44;0.19;  84
30337;1986; 3; 1;31;  41;0.18;  74
30337;1986; 3; 2;31;  45;0.21;  95
30337;1986; 4; 1; 5;  40;0.22;  88
30337;1986; 4; 2; 5;  42;0.20;  84
30337;1986; 4; 1;10;  29;0.24;  70
30337;1986; 4; 2;10;  23;0.25;  58
30337;1986; 4; 1;15;  22;0.26;  57
30337;1986; 4; 2;15;  35;0.23;  81
30337;1986; 4; 1;20;  15;0.27;  41
30337;1986; 4; 2;20;  32;0.23;  74
30337;1986; 4; 2;25;  16;0.23;  37
30337;1986; 4; 1;30;   2;    ;    
30337;1986; 4; 2;30;   9;0.21;  19
30337;1986; 5; 2; 5;   1;    ;    
30337;1986;10; 1;20;   2;    ;    
30337;1986;10; 2;20;   4;    ;    
30337;1986;10; 1;31;   0;    ;    
30337;1986;11; 1;10;  11;0.14;  15
30337;1986;11; 1;20;  24;0.11;  26
30337;1986;11; 2;20;  26;0.10;  26
30337;1986;11; 1;30;  26;0.16;  42
30337;1986;12; 1;10;  25;0.17;  43
30337;1986;12; 1;20;  26;0.19;  49
30337;1986;12; 2;20;  27;0.17;  46
30337;1986;12; 1;31;  30;0.21;  63
30337;1987; 1; 1;10;  32;0.21;  67
30337;1987; 1; 1;20;  31;0.19;  59
30337;1987; 1; 2;20;  35;0.17;  60
30337;1987; 1; 1;31;  36;0.18;  65
30337;1987; 1; 2;31;  37;0.18;  67
30337;1987; 2; 1;10;  32;0.20;  64
30337;1987; 2; 2;10;  37;0.19;  70
30337;1987; 2; 1;20;  34;0.20;  68
30337;1987; 2; 2;20;  34;0.19;  65
30337;1987; 2; 1;28;  48;0.17;  82
30337;1987; 2; 2;28;  52;0.14;  73
30337;1987; 3; 1;10;  44;0.19;  84
30337;1987; 3; 2;10;  46;0.18;  83
30337;1987; 3; 1;15;  41;0.20;  82
30337;1987; 3; 2;15;  47;0.18;  85
30337;1987; 3; 1;20;  37;0.21;  78
30337;1987; 3; 2;20;  44;0.19;  84
30337;1987; 3; 1;25;  41;0.21;  86
30337;1987; 3; 2;25;  47;0.19;  89
30337;1987; 3; 1;31;  41;0.20;  82
30337;1987; 3; 2;31;  49;0.20;  98
30337;1987; 4; 1; 5;  37;0.18;  67
30337;1987; 4; 2; 5;  43;0.20;  86
30337;1987; 4; 1;10;  36;0.20;  72
30337;1987; 4; 2;10;  42;0.20;  84
30337;1987; 4; 1;15;  16;0.22;  35
30337;1987; 4; 2;15;  31;0.20;  62
30337;1987; 4; 1;20;   9;0.20;  18
30337;1987; 4; 2;20;  26;0.19;  49
30337;1987; 4; 1;25;   4;0.38;  15
30337;1987; 4; 2;25;  19;0.22;  42
30337;1987; 4; 2;30;  12;0.31;  37
30337;1987;10; 1;20;   2;    ;    
30337;1987;10; 2;20;   3;    ;    
30337;1987;10; 1;31;   4;    ;    
30337;1987;11; 1;10;   8;0.17;  14
30337;1987;11; 1;20;  11;0.18;  20
30337;1987;11; 2;20;  17;0.12;  20
30337;1987;11; 1;30;  15;0.19;  29
30337;1987;12; 1;10;  17;0.18;  31
30337;1987;12; 1;20;  35;0.19;  67
30337;1987;12; 2;20;  42;0.16;  67
30337;1987;12; 1;31;  35;0.17;  60
30337;1988; 1; 1;10;  40;0.18;  72
30337;1988; 1; 1;20;  39;0.20;  78
30337;1988; 1; 2;20;  42;0.19;  80
30337;1988; 1; 1;31;  40;0.20;  80
30337;1988; 1; 2;31;  44;0.18;  79
30337;1988; 2; 1;10;  45;0.21;  95
30337;1988; 2; 2;10;  47;0.17;  80
30337;1988; 2; 1;20;  49;0.21; 103
30337;1988; 2; 2;20;  50;0.20; 100
30337;1988; 2; 1;29;  47;0.20;  94
30337;1988; 2; 2;29;  49;0.19;  93
30337;1988; 3; 1;10;  47;0.20;  94
30337;1988; 3; 2;10;  50;0.20; 100
30337;1988; 3; 1;15;  44;0.21;  92
30337;1988; 3; 2;15;  48;0.20;  96
30337;1988; 3; 1;20;  46;0.21;  97
30337;1988; 3; 2;20;  47;0.18;  85
30337;1988; 3; 1;25;  47;0.21;  99
30337;1988; 3; 2;25;  47;0.20;  94
30337;1988; 3; 1;31;  50;0.19;  95
30337;1988; 3; 2;31;  54;0.19; 103
30337;1988; 4; 1; 5;  43;0.21;  90
30337;1988; 4; 2; 5;  49;0.21; 103
30337;1988; 4; 1;10;  25;0.24;  60
30337;1988; 4; 2;10;  37;0.21;  78
30337;1988; 4; 2;15;  22;0.23;  51
30337;1988; 4; 1;20;   2;    ;    
30337;1988; 4; 2;20;  22;0.25;  55
30337;1988; 4; 2;25;  10;0.29;  29
30337;1988; 4; 2;30;   7;0.23;  16
30337;1988;11; 1;10;   9;0.13;  12
30337;1988;11; 1;20;  17;0.12;  20
30337;1988;11; 2;20;  18;0.12;  22
30337;1988;11; 1;30;  24;0.13;  31
30337;1988;12; 1;10;  32;0.15;  48
30337;1988;12; 1;20;  37;0.17;  63
30337;1988;12; 2;20;  33;0.15;  50
30337;1988;12; 1;31;  38;0.16;  61
30337;1989; 1; 1;10;  37;0.17;  63
30337;1989; 1; 1;20;  40;0.17;  68
30337;1989; 1; 2;20;  39;0.16;  62
30337;1989; 1; 1;31;  46;0.17;  78
30337;1989; 1; 2;31;  44;0.17;  75
30337;1989; 2; 1;10;  46;0.18;  83
30337;1989; 2; 2;10;  45;0.17;  77
30337;1989; 2; 1;20;  45;0.17;  77
30337;1989; 2; 2;20;  47;0.17;  80
30337;1989; 2; 1;28;  44;0.19;  84
30337;1989; 2; 2;28;  47;0.18;  85
30337;1989; 3; 1;10;  50;0.17;  85
30337;1989; 3; 2;10;  53;0.16;  85
30337;1989; 3; 1;15;  50;0.18;  90
30337;1989; 3; 2;15;  51;0.18;  92
30337;1989; 3; 1;20;  48;0.20;  96
30337;1989; 3; 2;20;  51;0.18;  92
30337;1989; 3; 1;25;  43;0.20;  86
30337;1989; 3; 2;25;  49;0.19;  93
30337;1989; 3; 1;31;  31;0.24;  74
30337;1989; 3; 2;31;  46;0.20;  92
30337;1989; 4; 1; 5;  27;0.22;  59
30337;1989; 4; 2; 5;  40;0.18;  72
30337;1989; 4; 1;10;   3;0.27;   8
30337;1989; 4; 2;10;  40;0.18;  72
30337;1989; 4; 2;15;  23;0.24;  55
30337;1989; 4; 2;20;  23;0.28;  64
30337;1989; 4; 2;25;  20;0.26;  52
30337;1989; 4; 2;30;  14;0.27;  38
30337;1989;10; 1;20;   3;    ;    
30337;1989;10; 2;20;   2;    ;    
30337;1989;10; 1;31;  13;0.15;  20
30337;1989;11; 1;10;  19;0.14;  27
30337;1989;11; 1;20;  32;0.12;  38
30337;1989;11; 2;20;  29;0.09;  26
30337;1989;11; 1;30;  27;0.16;  43
30337;1989;12; 1;10;  29;0.15;  44
30337;1989;12; 1;20;  30;0.16;  48
30337;1989;12; 2;20;  30;0.15;  45
30337;1989;12; 1;31;  33;0.16;  53
30337;1990; 1; 1;10;  35;0.17;  60
30337;1990; 1; 1;20;  38;0.16;  61
30337;1990; 1; 2;20;  36;0.15;  54
30337;1990; 1; 1;31;  43;0.16;  69
30337;1990; 1; 2;31;  38;0.16;  61
30337;1990; 2; 1;10;  44;0.17;  75
30337;1990; 2; 2;10;  43;0.17;  73
30337;1990; 2; 1;20;  47;0.18;  85
30337;1990; 2; 2;20;  44;0.17;  75
30337;1990; 2; 1;28;  47;0.17;  80
30337;1990; 2; 2;28;  47;0.17;  80
30337;1990; 3; 1;10;  46;0.19;  87
30337;1990; 3; 2;10;  41;0.19;  78
30337;1990; 3; 1;15;  46;0.19;  87
30337;1990; 3; 2;15;  44;0.19;  84
30337;1990; 3; 1;20;  42;0.20;  84
30337;1990; 3; 2;20;  45;0.17;  77
30337;1990; 3; 1;25;  32;0.21;  67
30337;1990; 3; 2;25;  39;0.17;  66
30337;1990; 3; 1;31;   5;0.25;  13
30337;1990; 3; 2;31;  21;0.22;  46
30337;1990; 4; 2; 5;  14;0.26;  36
30337;1990; 4; 1;10;   1;    ;    
30337;1990; 4; 2;10;  10;0.24;  24
30337;1990; 4; 2;15;   8;0.25;  20
30337;1990; 4; 1;20;   1;    ;    
30337;1990; 4; 2;20;   8;0.23;  18
30337;1990;10; 1;31;   9;0.12;  11
30337;1990;11; 1;10;  11;0.13;  14
30337;1990;11; 1;20;  11;0.18;  20
30337;1990;11; 2;20;  13;0.18;  23
30337;1990;11; 1;30;  20;0.15;  30
30337;1990;12; 1;10;  19;0.17;  32
30337;1990;12; 1;20;  27;0.15;  41
30337;1990;12; 2;20;  26;0.15;  39
30337;1990;12; 1;31;  27;0.18;  49
30337;1991; 1; 1;10;  28;0.18;  50
30337;1991; 1; 1;20;  33;0.15;  50
30337;1991; 1; 2;20;  32;0.15;  48
30337;1991; 1; 1;31;  30;0.17;  51
30337;1991; 1; 2;31;  31;0.17;  53
30337;1991; 2; 1;10;  29;0.18;  52
30337;1991; 2; 2;10;  31;0.16;  50
30337;1991; 2; 1;20;  29;0.18;  52
30337;1991; 2; 2;20;  32;0.18;  58
30337;1991; 2; 1;28;  34;0.17;  58
30337;1991; 2; 2;28;  37;0.17;  63
30337;1991; 3; 1;10;  34;0.18;  61
30337;1991; 3; 2;10;  42;0.16;  67
30337;1991; 3; 1;15;  32;0.18;  58
30337;1991; 3; 2;15;  35;0.18;  63
30337;1991; 3; 1;20;  31;0.18;  56
30337;1991; 3; 2;20;  34;0.18;  61
30337;1991; 3; 1;25;  31;0.18;  56
30337;1991; 3; 2;25;  35;0.17;  60
30337;1991; 3; 1;31;  31;0.18;  56
30337;1991; 3; 2;31;  35;0.16;  56
30337;1991; 4; 1; 5;  13;0.22;  29
30337;1991; 4; 2; 5;  22;0.23;  51
30337;1991; 4; 1;10;   8;0.22;  18
30337;1991; 4; 2;10;  18;0.25;  45
30337;1991; 4; 1;15;  10;0.26;  26
30337;1991; 4; 2;15;  17;0.25;  43
30337;1991; 4; 2;20;   7;0.29;  20
30337;1991;10; 1;31;  12;0.18;  22
30337;1991;11; 1;10;  19;0.13;  25
30337;1991;11; 1;20;  23;0.16;  37
30337;1991;11; 2;20;  25;0.14;  35
30337;1991;11; 1;30;  23;0.19;  44
30337;1991;12; 1;10;  27;0.17;  46
30337;1991;12; 1;20;  28;0.18;  50
30337;1991;12; 2;20;  31;0.15;  47
30337;1991;12; 1;31;  32;0.17;  54
30337;1992; 1; 1;10;  37;0.16;  59
30337;1992; 1; 1;20;  40;0.16;  64
30337;1992; 1; 2;20;  40;0.15;  60
30337;1992; 1; 1;31;  42;0.18;  76
30337;1992; 1; 2;31;  41;0.16;  66
30337;1992; 2; 1;10;  45;0.18;  81
30337;1992; 2; 2;10;  43;0.17;  73
30337;1992; 2; 1;20;  49;0.19;  93
30337;1992; 2; 2;20;  49;0.15;  74
30337;1992; 2; 1;29;  51;0.19;  97
30337;1992; 2; 2;29;  52;0.17;  88
30337;1992; 3; 1;10;  50;0.19;  95
30337;1992; 3; 2;10;  52;0.18;  94
30337;1992; 3; 1;15;  51;0.20; 102
30337;1992; 3; 2;15;  50;0.18;  90
30337;1992; 3; 1;20;  51;0.20; 102
30337;1992; 3; 2;20;  53;0.18;  95
30337;1992; 3; 1;25;  50;0.20; 100
30337;1992; 3; 2;25;  53;0.19; 101
30337;1992; 3; 1;31;  47;0.21;  99
30337;1992; 3; 2;31;  49;0.19;  93
30337;1992; 4; 1; 5;  53;0.20; 106
30337;1992; 4; 2; 5;  53;0.19; 101
30337;1992; 4; 1;10;  52;0.21; 109
30337;1992; 4; 2;10;  54;0.19; 103
30337;1992; 4; 1;15;  52;0.21; 109
30337;1992; 4; 2;15;  52;0.22; 114
30337;1992; 4; 1;20;  37;0.21;  78
30337;1992; 4; 2;20;  41;0.21;  86
30337;1992; 4; 1;25;  29;0.27;  78
30337;1992; 4; 2;25;  40;0.30; 120
30337;1992; 4; 1;30;  11;0.26;  29
30337;1992; 4; 2;30;  27;0.28;  76
30337;1992; 5; 2; 5;  23;0.29;  67
30337;1992; 5; 2;10;   7;0.28;  20
30337;1992;11; 1;10;  11;0.13;  14
30337;1992;11; 1;20;  18;0.13;  23
30337;1992;11; 2;20;  16;0.12;  19
30337;1992;11; 1;30;  26;0.14;  36
30337;1992;12; 1;10;  29;0.15;  44
30337;1992;12; 1;20;  31;0.15;  47
30337;1992;12; 2;20;  28;0.13;  36
30337;1992;12; 1;31;  30;0.17;  51
30337;1993; 1; 1;10;  33;0.16;  53
30337;1993; 1; 1;20;  34;0.16;  54
30337;1993; 1; 2;20;  31;0.16;  50
30337;1993; 1; 1;31;  37;0.17;  63
30337;1993; 1; 2;31;  36;0.15;  54
30337;1993; 2; 1;10;  37;0.18;  67
30337;1993; 2; 2;10;  36;0.16;  58
30337;1993; 2; 1;20;  38;0.18;  68
30337;1993; 2; 2;20;  35;0.16;  56
30337;1993; 2; 1;28;  39;0.18;  70
30337;1993; 2; 2;28;  35;0.16;  56
30337;1993; 3; 1;10;  37;0.18;  67
30337;1993; 3; 2;10;  37;0.18;  67
30337;1993; 3; 1;15;  39;0.19;  74
30337;1993; 3; 2;15;  37;0.18;  67
30337;1993; 3; 1;20;  30;0.25;  75
30337;1993; 3; 2;20;  31;0.21;  65
30337;1993; 3; 1;25;  30;0.28;  84
30337;1993; 3; 2;25;  33;0.23;  76
30337;1993; 3; 1;31;  14;0.25;  35
30337;1993; 3; 2;31;  29;0.22;  64
30337;1993; 4; 1; 5;   6;0.25;  15
30337;1993; 4; 2; 5;  30;0.26;  78
30337;1993; 4; 2;10;  27;0.27;  73
30337;1993; 4; 2;15;   8;0.28;  22
30337;1993;11; 1;10;   2;    ;    
30337;1993;11; 1;20;  11;0.14;  15
30337;1993;11; 2;20;  11;0.08;   9
30337;1993;12; 1;10;  28;0.13;  36
30337;1993;12; 1;20;  32;0.16;  51
30337;1993;12; 1;31;  33;0.18;  59
30337;1994; 1; 1;10;  35;0.16;  56
30337;1994; 1; 1;20;  43;0.19;  82
30337;1994; 1; 2;20;  45;0.16;  72
30337;1994; 1; 1;31;  44;0.19;  84
30337;1994; 1; 2;31;  46;0.17;  78
30337;1994; 2; 1;10;  51;0.18;  92
30337;1994; 2; 2;10;  47;0.17;  80
30337;1994; 2; 1;20;  50;0.19;  95
30337;1994; 2; 2;20;  48;0.18;  86
30337;1994; 2; 1;28;  50;0.18;  90
30337;1994; 2; 2;28;  47;0.19;  89
30337;1994; 3; 1;10;  51;0.19;  97
30337;1994; 3; 2;10;  49;0.19;  93
30337;1994; 3; 1;15;  49;0.20;  98
30337;1994; 3; 2;15;  49;0.19;  93
30337;1994; 3; 1;20;  47;0.19;  89
30337;1994; 3; 2;20;  48;0.18;  86
30337;1994; 3; 1;25;  51;0.19;  97
30337;1994; 3; 2;25;  50;0.20; 100
30337;1994; 3; 1;31;  30;0.22;  66
30337;1994; 3; 2;31;  40;0.21;  84
30337;1994; 4; 1; 5;  27;0.31;  84
30337;1994; 4; 2; 5;  41;0.24;  98
30337;1994; 4; 1;10;  24;0.34;  82
30337;1994; 4; 2;10;  40;0.24;  96
30337;1994; 4; 1;15;  22;0.29;  64
30337;1994; 4; 2;15;  39;0.24;  94
30337;1994; 4; 1;20;   8;0.47;  38
30337;1994; 4; 2;20;  30;0.26;  78
30337;1994; 4; 2;25;  23;0.28;  64
30337;1994; 4; 2;30;   8;0.27;  22
30337;1994;10; 1;31;   9;0.12;  11
30337;1994;11; 1;10;  20;0.13;  26
30337;1994;11; 1;20;  20;0.16;  32
30337;1994;11; 2;20;  18;0.14;  25
30337;1994;11; 1;30;  19;0.18;  34
30337;1994;12; 1;10;  24;0.15;  36
30337;1994;12; 1;20;  26;0.18;  47
30337;1994;12; 2;20;  24;0.14;  34
30337;1994;12; 1;31;  31;0.16;  50
30337;1995; 1; 1;10;  31;0.17;  53
30337;1995; 1; 1;20;  42;0.16;  67
30337;1995; 1; 2;20;  40;0.15;  60
30337;1995; 1; 1;31;  39;0.19;  74
30337;1995; 1; 2;31;  38;0.18;  68
30337;1995; 2; 1;10;  45;0.17;  77
30337;1995; 2; 2;10;  42;0.16;  67
30337;1995; 2; 1;20;  48;0.17;  82
30337;1995; 2; 2;20;  43;0.17;  73
30337;1995; 2; 1;28;  49;0.19;  93
30337;1995; 2; 2;28;  44;0.15;  66
30337;1995; 3; 1;10;  47;0.20;  94
30337;1995; 3; 2;10;  45;0.17;  77
30337;1995; 3; 1;15;  49;0.20;  98
30337;1995; 3; 2;15;  47;0.19;  89
30337;1995; 3; 1;20;  49;0.21; 103
30337;1995; 3; 2;20;  49;0.20;  98
30337;1995; 3; 1;25;  51;0.21; 107
30337;1995; 3; 2;25;  49;0.19;  93
30337;1995; 3; 1;31;  46;0.20;  92
30337;1995; 3; 2;31;  44;0.21;  92
30337;1995; 4; 1; 5;  37;0.23;  85
30337;1995; 4; 2; 5;  36;0.22;  79
30337;1995; 4; 1;10;  34;0.27;  92
30337;1995; 4; 2;10;  40;0.23;  92
30337;1995; 4; 1;15;  29;0.27;  78
30337;1995; 4; 2;15;  37;0.23;  85
30337;1995; 4; 1;20;   7;0.29;  20
30337;1995; 4; 2;20;  31;0.24;  74
30337;1995; 4; 1;25;  11;0.21;  23
30337;1995; 4; 2;25;  36;0.24;  86
30337;1995; 4; 2;30;  27;0.26;  70
30337;1995; 5; 2; 5;   7;0.28;  20
30337;1995;10; 1;31;   2;    ;    
30337;1995;10; 2;31;   2;    ;    
30337;1995;11; 1;10;  15;0.11;  17
30337;1995;11; 1;20;  31;0.12;  37
30337;1995;11; 2;20;  28;0.11;  31
30337;1995;11; 1;30;  26;0.16;  42
30337;1995;12; 1;10;  30;0.18;  54
30337;1995;12; 1;20;  29;0.18;  52
30337;1995;12; 2;20;  30;0.15;  45
30337;1995;12; 1;31;  28;0.21;  59
30337;1996; 1; 1;10;  36;0.20;  72
30337;1996; 1; 1;20;  46;0.20;  92
30337;1996; 1; 2;20;  41;0.15;  62
30337;1996; 1; 1;31;  44;0.19;  84
30337;1996; 1; 2;31;  44;0.17;  75
30337;1996; 2; 1;10;  49;0.20;  98
30337;1996; 2; 2;10;  47;0.18;  85
30337;1996; 2; 1;20;  52;0.20; 104
30337;1996; 2; 2;20;  47;0.16;  75
30337;1996; 2; 1;29;  50;0.20; 100
30337;1996; 2; 2;29;  47;0.19;  89
30337;1996; 3; 1;10;  52;0.22; 114
30337;1996; 3; 2;10;  48;0.20;  96
30337;1996; 3; 1;15;  54;0.21; 113
30337;1996; 3; 2;15;  49;0.19;  93
30337;1996; 3; 1;20;  54;0.20; 108
30337;1996; 3; 2;20;  50;0.19;  95
30337;1996; 3; 1;25;  54;0.20; 108
30337;1996; 3; 2;25;  50;0.19;  95
30337;1996; 3; 1;31;  51;0.21; 107
30337;1996; 3; 2;31;  48;0.19;  91
30337;1996; 4; 1; 5;  43;0.22;  95
30337;1996; 4; 2; 5;  45;0.22;  99
30337;1996; 4; 1;10;  44;0.24; 106
30337;1996; 4; 2;10;  46;0.19;  87
30337;1996; 4; 1;15;  31;0.24;  74
30337;1996; 4; 2;15;  39;0.23;  90
30337;1996; 4; 1;20;  18;0.33;  59
30337;1996; 4; 2;20;  35;0.25;  88
30337;1996; 4; 2;25;  24;0.23;  55
30337;1996; 4; 2;30;  15;0.26;  39
30337;1996; 5; 2; 5;   3;0.32;  10
30337;1996;10; 1;31;   8;0.14;  11
30337;1996;11; 1;10;  16;0.13;  21
30337;1996;11; 1;20;  22;0.11;  24
30337;1996;11; 2;20;  19;0.11;  21
30337;1996;11; 1;30;  23;0.14;  32
30337;1996;12; 1;10;  38;0.15;  57
30337;1996;12; 1;20;  46;0.14;  64
30337;1996;12; 2;20;  42;0.14;  59
30337;1996;12; 1;31;  44;0.17;  75
30337;1997; 1; 1;10;  50;0.16;  80
30337;1997; 1; 2;20;  45;0.16;  72
30337;1997; 1; 3;20;  49;0.17;  83
30337;1997; 1; 3;31;  49;0.17;  83
30337;1997; 2; 1;10;  54;0.17;  92
30337;1997; 2; 2;10;  47;0.18;  85
30337;1997; 2; 3;20;  52;0.17;  88
30337;1997; 2; 3;28;  51;0.18;  92
30337;1997; 3; 1;10;  61;0.20; 122
30337;1997; 3; 2;10;  55;0.17;  94
30337;1997; 3; 3;15;  54;0.19; 103
30337;1997; 3; 3;20;  53;    ;    
30337;1997; 3; 3;25;  49;0.21; 103
30337;1997; 3; 3;31;  47;0.19;  89
30337;1997; 4; 1; 5;  30;0.26;  78
30337;1997; 4; 2; 5;  38;0.22;  84
30337;1997; 4; 3;10;  28;0.24;  67
30337;1997; 4; 3;15;  11;0.23;  25
30337;1997;10; 1;15;   0;    ;    
30337;1997;10; 2;15;   0;    ;    
30337;1997;10; 3;20;   1;    ;    
30337;1997;10; 3;31;   1;    ;    
30337;1997;11; 1;10;   2;    ;    
30337;1997;11; 2;20;   4;    ;    
30337;1997;11; 3;20;   4;    ;    
30337;1997;11; 3;30;   4;    ;    
30337;1997;12; 1;10;   8;0.15;  12
30337;1997;12; 2;20;  17;0.12;  20
30337;1997;12; 3;20;  12;0.13;  16
30337;1997;12; 3;31;  15;0.15;  23
30337;1998; 1; 1;10;  19;0.15;  29
30337;1998; 1; 2;20;  26;0.14;  36
30337;1998; 1; 3;20;  22;0.15;  33
30337;1998; 1; 3;31;  27;0.14;  38
30337;1998; 2; 1;10;  26;0.16;  42
30337;1998; 2; 2;10;  29;0.14;  41
30337;1998; 2; 3;20;  29;0.19;  55
30337;1998; 2; 3;28;  28;0.17;  48
30337;1998; 3; 1;10;  22;0.20;  44
30337;1998; 3; 2;10;  27;0.18;  49
30337;1998; 3; 3;15;  27;0.18;  49
30337;1998; 3; 3;20;  27;0.18;  49
30337;1998; 3; 3;25;  29;0.18;  52
30337;1998; 3; 3;31;  26;0.19;  49
30337;1998; 4; 2; 5;  15;0.23;  35
30337;1998; 4; 3;10;  10;    ;    
30337;1998; 4; 3;15;   1;    ;    
30337;1998; 4; 1;20;   2;    ;    
30337;1998; 4; 3;20;   2;    ;    
30337;1998; 9; 1;30;   8;0.13;  10
30337;1998;10; 1;31;   2;    ;    
30337;1998;11; 1;10;  19;0.11;  21
30337;1998;11; 2;20;  15;0.13;  20
30337;1998;11; 3;20;  17;    ;    
30337;1998;11; 3;30;  19;0.14;  27
30337;1998;12; 1;10;  24;0.14;  34
30337;1998;12; 2;20;  34;0.15;  51
30337;1998;12; 3;20;  37;0.15;  56
30337;1998;12; 3;30;  42;0.17;  71
30337;1999; 1; 1;10;  46;0.16;  74
30337;1999; 1; 2;20;  44;0.17;  75
30337;1999; 1; 3;20;  48;0.17;  82
30337;1999; 1; 3;31;  44;0.18;  79
30337;1999; 2; 1;10;  54;0.18;  97
30337;1999; 2; 2;10;  47;0.17;  80
30337;1999; 2; 3;20;  52;0.17;  88
30337;1999; 2; 3;28;  51;0.19;  97
30337;1999; 3; 1;10;  57;0.19; 108
30337;1999; 3; 2;10;  50;0.19;  95
30337;1999; 3; 3;15;  49;0.19;  93
30337;1999; 3; 3;20;  47;0.19;  89
30337;1999; 3; 3;25;  48;0.19;  91
30337;1999; 3; 3;31;  50;0.19;  95
30337;1999; 4; 1; 5;  58;0.20; 116
30337;1999; 4; 2; 5;  50;0.19;  95
30337;1999; 4; 3;10;  39;0.21;  82
30337;1999; 4; 3;15;  29;0.25;  73
30337;1999; 4; 3;20;  31;0.27;  84
30337;1999; 4; 3;25;  27;0.28;  76
30337;1999; 4; 3;30;  20;0.26;  52
30337;1999; 5; 2; 5;   2;    ;    
30337;1999;10; 1;20;   4;    ;    
30337;1999;10; 2;20;   4;    ;    
30337;1999;10; 3;31;   9;0.18;  16
30337;2000; 2; 1;10;  57;0.18; 103
30337;2000; 2; 2;10;  54;0.18;  97
30337;2000; 2; 3;20;  54;0.18;  97
30337;2000; 2; 3;29;  56;0.18; 101
30337;2000; 3; 1;10;  57;0.19; 108
30337;2000; 3; 2;10;  59;0.19; 112
30337;2000; 3; 3;15;  61;0.19; 116
30337;2000; 3; 3;20;  59;0.19; 112
30337;2000; 3; 3;25;  63;0.19; 120
30337;2000; 3; 3;31;  58;0.21; 122
30337;2000; 4; 1; 5;  49;0.20;  98
30337;2000; 4; 2; 5;  57;0.20; 114
30337;2000; 4; 3;10;  59;0.20; 118
30337;2000; 4; 3;15;  45;0.24; 108
30337;2000; 4; 3;20;  24;0.23;  55
30337;2000; 4; 3;25;  15;0.24;  36
30337;2000;10; 1;10;   2;    ;    
30337;2000;10; 2;20;   3;    ;    
30337;2000;10; 3;20;   4;    ;    
30337;2000;10; 3;31;   8;0.16;  13
30337;2000;11; 1;10;  11;0.13;  14
30337;2000;11; 2;20;  21;0.14;  29
30337;2000;11; 3;20;  13;0.15;  20
30337;2000;11; 3;30;  14;0.15;  21
30337;2000;12; 1;10;  17;    ;    
30337;2000;12; 2;20;  30;0.15;  45
30337;2000;12; 3;20;  22;0.16;  35
30337;2000;12; 3;30;  28;0.19;  53
30337;2001; 1; 1;10;  28;0.19;  53
30337;2001; 1; 2;20;  40;0.16;  64
30337;2001; 1; 3;20;  32;0.18;  58
30337;2001; 1; 3;31;  40;0.17;  68
30337;2001; 2; 1;10;  36;0.17;  61
30337;2001; 2; 2;10;  43;0.16;  69
30337;2001; 2; 3;20;  43;0.16;  69
30337;2001; 2; 3;28;  44;0.16;  70
30337;2001; 3; 1;10;  51;0.18;  92
30337;2001; 3; 2;10;  57;0.19; 108
30337;2001; 3; 3;15;  58;0.19; 110
30337;2001; 3; 3;20;  60;0.19; 114
30337;2001; 3; 3;25;  57;0.19; 108
30337;2001; 3; 3;31;  54;0.20; 108
30337;2001; 4; 1; 5;  41;0.19;  78
30337;2001; 4; 2; 5;  52;0.19;  99
30337;2001; 4; 3;10;  47;0.20;  94
30337;2001; 4; 3;15;  37;    ;    
30337;2001; 4; 3;20;  36;0.26;  94
30337;2001; 4; 3;25;  25;0.26;  65
30337;2001; 4; 3;30;  11;0.28;  31
30337;2001; 5; 2; 5;   5;0.27;  14
30337;2001;10; 1;31;   2;    ;    
30337;2001;11; 1;10;   1;    ;    
30337;2001;11; 3;30;   9;0.12;  11
30337;2001;12; 1;10;  13;0.13;  17
30337;2001;12; 2;20;  15;0.13;  20
30337;2001;12; 3;20;  13;0.16;  21
30337;2001;12; 3;30;  19;    ;    
30337;2002; 1; 1;10;  25;0.16;  40
30337;2002; 1; 2;20;  30;0.13;  39
30337;2002; 1; 3;20;  25;0.17;  43
30337;2002; 1; 3;31;  39;0.14;  55
30337;2002; 2; 1;10;  35;0.17;  60
30337;2002; 2; 2;10;  38;0.16;  61
30337;2002; 2; 3;20;  38;0.16;  61
30337;2002; 2; 3;28;  37;0.16;  59
30337;2002; 3; 1;10;  32;0.21;  67
30337;2002; 3; 2;10;  37;0.19;  70
30337;2002; 3; 3;15;  30;0.21;  63
30337;2002; 3; 3;20;  33;    ;    
30337;2002; 3; 3;25;  32;0.21;  67
30337;2002; 3; 3;31;  33;0.22;  73
30337;2002; 4; 1; 5;  16;    ;    
30337;2002; 4; 2; 5;  24;0.22;  53
30337;2002; 4; 3;10;  25;0.24;  60
30337;2002; 4; 3;15;  25;0.24;  60
30337;2002; 4; 3;20;  20;0.26;  52
30337;2002; 4; 3;25;  12;0.24;  29
30337;2002;10; 1;20;   7;0.12;   8
30337;2002;10; 2;20;   6;0.10;   6
30337;2002;10; 3;31;   8;0.11;   9
30337;2002;11; 1;10;  12;0.14;  17
30337;2002;11; 2;20;  17;0.11;  19
30337;2002;11; 3;20;  14;0.13;  18
30337;2002;11; 3;30;  17;0.12;  20
30337;2002;12; 1;10;  17;0.15;  26
30337;2002;12; 2;20;  27;0.14;  38
30337;2002;12; 3;20;  23;0.15;  35
30337;2002;12; 3;30;  26;    ;    
30337;2003; 1; 1;10;  32;    ;    
30337;2003; 1; 2;20;  39;0.14;  55
30337;2003; 1; 3;20;  37;0.15;  56
30337;2003; 1; 3;31;  38;0.14;  53
30337;2003; 2; 1;10;  36;0.16;  58
30337;2003; 2; 2;10;  39;0.15;  59
30337;2003; 2; 3;20;  45;0.15;  68
30337;2003; 2; 3;28;  43;0.17;  73
30337;2003; 3; 1;10;  38;0.17;  65
30337;2003; 3; 2;10;  41;0.18;  74
30337;2003; 3; 3;15;  40;0.17;  68
30337;2003; 3; 3;20;  38;    ;    
30337;2003; 3; 3;25;  30;0.20;  60
30337;2003; 3; 3;31;  28;0.22;  62
30337;2003; 4; 2; 5;  20;0.24;  48
30337;2003; 4; 3;10;  15;0.21;  32
30337;2003; 4; 3;15;  14;0.23;  32
30337;2003; 4; 3;20;  12;0.21;  25
30337;2003;10; 1;10;   4;    ;    
30337;2003;10; 2;20;   4;    ;    
30337;2003;10; 3;31;   7;0.12;   8
30337;2003;11; 1;10;  18;0.13;  23
30337;2003;11; 3;20;  21;0.15;  32
30337;2003;11; 3;30;  22;    ;    
30337;2003;12; 1;10;  23;    ;    
30337;2003;12; 2;20;  32;0.14;  45
30337;2003;12; 3;20;  29;0.14;  41
30337;2003;12; 3;30;  37;0.16;  59
30337;2004; 1; 1;10;  32;0.19;  61
30337;2004; 1; 2;20;  44;0.16;  70
30337;2004; 1; 3;20;  37;0.18;  67
30337;2004; 1; 3;31;  46;0.16;  74
30337;2004; 2; 1;10;  49;    ;    
30337;2004; 2; 2;10;  55;    ;    
30337;2004; 2; 3;20;  56;0.16;  90
30337;2004; 2; 3;29;  58;0.18; 104
30337;2004; 3; 1;10;  52;0.19;  99
30337;2004; 3; 2;10;  59;0.18; 106
30337;2004; 3; 3;15;  58;0.19; 110
30337;2004; 3; 3;20;  59;0.19; 112
30337;2004; 3; 3;25;  56;0.20; 112
30337;2004; 3; 3;31;  59;0.20; 118
30337;2004; 4; 1; 5;  52;0.22; 114
30337;2004; 4; 2; 5;  58;0.21; 122
30337;2004; 4; 3;10;  47;0.21;  99
30337;2004; 4; 3;15;  42;0.24; 101
30337;2004; 4; 3;20;  44;0.28; 123
30337;2004; 4; 3;25;  34;0.28;  95
30337;2004; 4; 3;30;  25;0.28;  70
30337;2004; 5; 2; 5;  14;0.29;  41
30337;2004; 5; 3;10;   8;0.29;  23
30337;2004;11; 1;10;   1;    ;    
30337;2004;11; 2;20;  17;0.14;  24
30337;2004;11; 3;20;  12;0.15;  18
30337;2004;11; 3;30;  17;0.15;  26
30337;2004;12; 1;10;  21;0.13;  27
30337;2004;12; 2;20;  27;0.13;  35
30337;2004;12; 3;20;  27;0.15;  41
30337;2004;12; 3;30;  27;0.15;  41
30337;2005; 1; 1;10;  29;0.15;  44
30337;2005; 1; 2;20;  32;0.13;  42
30337;2005; 1; 3;20;  32;0.15;  48
30337;2005; 1; 3;31;  32;0.13;  42
30337;2005; 2; 1;10;  34;0.17;  58
30337;2005; 2; 2;10;  32;0.14;  45
30337;2005; 2; 3;20;  35;0.15;  53
30337;2005; 2; 3;28;  36;0.16;  58
30337;2005; 3; 1;10;  34;0.16;  54
30337;2005; 3; 2;10;  35;0.15;  53
30337;2005; 3; 3;15;  37;0.16;  59
30337;2005; 3; 3;20;  38;0.16;  61
30337;2005; 3; 3;25;  41;0.16;  66
30337;2005; 3; 3;31;  37;0.17;  63
30337;2005; 4; 1; 5;  13;0.24;  31
30337;2005; 4; 2; 5;  27;0.21;  57
30337;2005; 4; 3;10;  26;0.22;  57
30337;2005; 4; 3;15;  26;0.23;  60
30337;2005; 4; 3;20;  13;0.26;  34
30337;2005; 4; 3;25;   1;0.26;   3
30337;2005;10; 2;20;   1;    ;    
30337;2005;10; 1;31;   1;    ;    
30337;2005;11; 1;10;   7;0.07;   5
30337;2005;11; 2;20;  20;    ;    
30337;2005;11; 3;20;  16;0.12;  19
30337;2005;11; 3;30;  25;0.13;  33
30337;2005;12; 1;10;  24;0.15;  36
30337;2005;12; 2;20;  33;0.12;  40
30337;2005;12; 3;20;  34;0.15;  51
30337;2005;12; 3;30;  43;0.14;  60
30337;2006; 1; 1;10;  43;0.18;  77
30337;2006; 1; 2;20;  51;0.17;  87
30337;2006; 1; 3;20;  48;0.19;  91
30337;2006; 1; 3;31;  54;0.17;  92
30337;2006; 2; 1;10;  55;0.19; 105
30337;2006; 2; 2;10;  57;0.18; 103
30337;2006; 2; 1;20;  60;0.19; 114
30337;2006; 2; 2;20;  61;0.19; 116
30337;2006; 2; 1;28;  59;0.20; 118
30337;2006; 2; 2;28;  61;0.20; 122
30337;2006; 3; 1;10;  65;0.20; 130
30337;2006; 3; 2;10;  65;0.20; 130
30337;2006; 3; 1;15;  65;0.20; 130
30337;2006; 3; 2;15;  66;0.20; 132
30337;2006; 3; 1;20;  64;0.21; 134
30337;2006; 3; 2;20;  65;0.21; 137
30337;2006; 3; 1;25;  65;0.22; 143
30337;2006; 3; 2;25;  66;0.21; 139
30337;2006; 3; 1;31;  66;0.22; 145
30337;2006; 3; 2;31;  68;0.22; 150
30337;2006; 4; 1; 5;  70;0.22; 154
30337;2006; 4; 2; 5;  70;0.22; 154
30337;2006; 4; 3;10;  67;0.22; 147
30337;2006; 4; 3;15;  63;0.23; 145
30337;2006; 4; 3;20;  60;0.24; 144
30337;2006; 4; 3;25;  52;0.25; 130
30337;2006; 4; 3;30;  37;0.30; 111
30337;2006; 5; 1; 5;   6;0.27;  14
30337;2006; 5; 2; 5;  28;0.31;  87
30337;2006; 5; 2;10;  12;0.28;  34
30337;2006;10; 1;10;  10;0.13;  13
30337;2006;10; 1;20;  12;0.18;  22
30337;2006;10; 2;20;  18;0.17;  31
30337;2006;10; 1;31;  16;0.18;  29
30337;2006;11; 1;10;  18;0.20;  36
30337;2006;11; 1;20;  28;0.21;  59
30337;2006;11; 2;20;  37;0.19;  70
30337;2006;11; 1;30;  33;0.21;  69
30337;2006;12; 1;10;  38;0.21;  80
30337;2006;12; 1;20;  50;    ;    
30337;2006;12; 2;20;  58;0.19; 110
30337;2006;12; 1;31;  46;0.21;  97
30337;2007; 1; 1;10;  52;0.19;  99
30337;2007; 1; 1;20;  59;0.19; 112
30337;2007; 1; 2;20;  62;0.19; 118
30337;2007; 1; 1;31;  59;0.21; 124
30337;2007; 1; 2;31;  65;0.20; 130
30337;2007; 2; 1;10;  59;0.21; 124
30337;2007; 2; 2;10;  64;0.21; 134
30337;2007; 2; 1;20;  62;0.22; 136
30337;2007; 2; 2;20;  66;0.21; 139
30337;2007; 2; 1;28;  61;0.23; 140
30337;2007; 2; 2;28;  65;0.22; 143
30337;2007; 3; 1;10;  59;0.23; 136
30337;2007; 3; 2;10;  63;0.22; 139
30337;2007; 3; 1;15;  64;0.22; 141
30337;2007; 3; 2;15;  67;0.22; 147
30337;2007; 3; 1;20;  62;0.23; 143
30337;2007; 3; 2;20;  65;0.22; 143
30337;2007; 3; 1;25;  72;0.22; 158
30337;2007; 3; 2;25;  76;0.20; 152
30337;2007; 3; 1;31;  71;0.22; 156
30337;2007; 3; 2;31;  72;0.22; 158
30337;2007; 4; 1; 5;  57;0.24; 137
30337;2007; 4; 2; 5;  62;0.23; 143
30337;2007; 4; 1;10;  33;0.32;  99
30337;2007; 4; 2;10;  50;0.23; 115
30337;2007; 4; 1;15;  22;0.36;  68
30337;2007; 4; 2;15;  41;0.25; 103
30337;2007; 4; 1;20;  13;0.29;  29
30337;2007; 4; 2;20;  38;0.27; 103
30337;2007; 4; 2;25;  20;0.27;  54
30337;2007;10; 1;20;   1;    ;    
30337;2007;10; 2;20;   3;    ;    
30337;2007;10; 1;31;   3;    ;    
30337;2007;11; 1;10;   4;    ;    
30337;2007;11; 1;20;  13;0.16;  21
30337;2007;11; 2;20;  21;0.14;  29
30337;2007;11; 1;30;  20;0.15;  30
30337;2007;12; 1;10;  25;0.14;  35
30337;2007;12; 1;20;  27;0.16;  43
30337;2007;12; 2;20;  34;0.15;  51
30337;2007;12; 1;30;  32;0.16;  51
30337;2008; 1; 1;10;  30;0.17;  51
30337;2008; 1; 1;20;  32;0.17;  54
30337;2008; 1; 2;20;  40;0.16;  64
30337;2008; 1; 1;31;  34;0.17;  58
30337;2008; 1; 2;31;  42;0.17;  71
30337;2008; 2; 1;10;  36;0.17;  61
30337;2008; 2; 2;10;  44;0.17;  75
30337;2008; 2; 1;20;  40;0.18;  72
30337;2008; 2; 2;20;  45;0.17;  77
30337;2008; 2; 1;29;  42;0.19;  80
30337;2008; 2; 2;29;  47;0.17;  80
30337;2008; 3; 1;10;  39;0.19;  74
30337;2008; 3; 2;10;  43;0.20;  86
30337;2008; 3; 1;15;  38;0.19;  72
30337;2008; 3; 2;15;  44;0.19;  84
30337;2008; 3; 1;20;  37;0.20;  74
30337;2008; 3; 2;20;  44;0.20;  88
30337;2008; 3; 1;25;  35;0.20;  70
30337;2008; 3; 2;25;  41;0.20;  82
30337;2008; 3; 1;31;  22;0.27;  59
30337;2008; 3; 2;31;  37;0.22;  81
30337;2008; 4; 1; 5;  11;0.21;  23
30337;2008; 4; 2; 5;  33;0.23;  76
30337;2008; 4; 1;10;   5;0.19;   8
30337;2008; 4; 2;10;  32;0.24;  77
30337;2008; 4; 1;15;   7;0.21;  13
30337;2008; 4; 2;15;  31;0.24;  74
30337;2008; 4; 2;20;  23;0.24;  55
30337;2008; 4; 2;25;  18;0.26;  47
30337;2008; 4; 2;30;   6;0.23;  14
30337;2008;10; 1;20;   1;    ;    
30337;2008;10; 2;20;   1;    ;    
30337;2008;10; 1;31;   2;    ;    
30337;2008;11; 1;10;  19;0.12;  23
30337;2008;11; 1;20;  27;    ;    
30337;2008;11; 1;30;  38;0.13;  49
30337;2008;12; 1;10;  39;0.16;  62
30337;2008;12; 1;20;  39;0.17;  66
30337;2008;12; 1;30;  50;0.18;  90
30337;2009; 1; 1;10;  48;0.18;  86
30337;2009; 1; 1;20;  53;0.17;  90
30337;2009; 1; 2;20;  56;0.17;  95
30337;2009; 1; 1;31;  58;0.17;  99
30337;2009; 1; 2;31;  59;0.16;  94
30337;2009; 2; 1;10;  62;0.17; 105
30337;2009; 2; 2;10;  62;0.16;  99
30337;2009; 2; 1;20;  60;0.18; 108
30337;2009; 2; 2;20;  62;0.17; 105
30337;2009; 2; 1;28;  61;0.21; 128
30337;2009; 2; 2;28;  65;0.19; 124
30337;2009; 3; 1;10;  61;0.21; 128
30337;2009; 3; 2;10;  66;0.20; 132
30337;2009; 3; 1;15;  62;0.21; 130
30337;2009; 3; 2;15;  68;0.20; 136
30337;2009; 3; 1;20;  61;0.22; 134
30337;2009; 3; 2;20;  66;0.19; 125
30337;2009; 3; 1;25;  61;0.21; 128
30337;2009; 3; 2;25;  66;0.19; 125
30337;2009; 3; 1;31;  61;0.21; 128
30337;2009; 3; 2;31;  64;0.19; 122
30337;2009; 4; 1; 5;  44;0.24; 106
30337;2009; 4; 2; 5;  53;0.22; 117
30337;2009; 4; 1;10;  14;0.28;  39
30337;2009; 4; 2;10;  29;0.30;  87
30337;2009; 4; 2;15;  23;0.31;  71
30337;2009; 4; 2;20;  16;0.28;  45
30337;2009;10; 1;20;   7;0.07;   5
30337;2009;10; 2;20;   4;    ;    
30337;2009;10; 1;31;   9;0.10;   9
30337;2009;11; 1;10;  18;0.12;  22
30337;2009;11; 1;20;  22;0.11;  24
30337;2009;11; 2;20;  24;0.12;  29
30337;2009;11; 1;30;  26;0.12;  31
30337;2009;12; 1;10;  34;0.13;  44
30337;2009;12; 1;20;  33;0.13;  43
30337;2009;12; 2;20;  34;0.12;  41
30337;2009;12; 1;30;  40;0.13;  52
30337;2010; 1; 1;10;  38;0.14;  53
30337;2010; 1; 1;20;  42;0.14;  59
30337;2010; 1; 2;20;  44;0.14;  62
30337;2010; 2; 1; 5;  44;0.17;  75
30337;2010; 2; 2; 5;  55;0.14;  77
30337;2010; 2; 1;10;  46;0.17;  78
30337;2010; 2; 2;10;  53;0.15;  80
30337;2010; 2; 1;20;  47;0.17;  80
30337;2010; 2; 2;20;  53;0.16;  85
30337;2010; 2; 1;28;  46;0.18;  83
30337;2010; 2; 2;28;  55;0.17;  94
30337;2010; 3; 1;10;  47;0.19;  89
30337;2010; 3; 2;10;  54;0.18;  97
30337;2010; 3; 1;15;  47;0.19;  89
30337;2010; 3; 2;15;  50;0.19;  95
30337;2010; 3; 1;20;  49;0.19;  93
30337;2010; 3; 2;20;  55;0.19; 105
30337;2010; 3; 1;25;  49;0.19;  93
30337;2010; 3; 2;25;  54;0.18;  97
30337;2010; 3; 1;31;  53;0.18;  95
30337;2010; 3; 2;31;  55;0.18;  99
30337;2010; 4; 1; 5;  49;0.19;  93
30337;2010; 4; 2; 5;  51;0.19;  97
30337;2010; 4; 1;10;  47;0.20;  94
30337;2010; 4; 2;10;  51;0.19;  97
30337;2010; 4; 1;15;  46;    ;    
30337;2010; 4; 2;15;  50;0.19;  95
30337;2010; 4; 1;20;  31;0.25;  75
30337;2010; 4; 2;20;  41;    ;    
30337;2010; 4; 1;25;  12;0.26;  31
30337;2010; 4; 2;25;  27;0.21;  57
30337;2010; 4; 2;30;  14;0.21;  29
30337;2010;10; 1;20;   2;    ;    
30337;2010;10; 1;31;  13;0.08;  10
30337;2010;11; 1;10;  20;0.16;  32
30337;2010;11; 1;20;  21;0.18;  38
30337;2010;11; 2;20;  25;0.12;  30
30337;2010;11; 1;30;  21;0.19;  40
30337;2010;12; 1;10;  27;0.17;  46
30337;2010;12; 1;20;  32;0.17;  54
30337;2010;12; 2;20;  32;0.15;  48
30337;2010;12; 1;30;  35;0.16;  56
30337;2011; 1; 1;10;  37;0.17;  63
30337;2011; 1; 1;20;  39;0.17;  66
30337;2011; 1; 2;20;  37;0.15;  56
30337;2011; 1; 1;31;  41;0.18;  74
30337;2011; 1; 2;31;  40;0.16;  64
30337;2011; 2; 1;10;  39;    ;    
30337;2011; 2; 2;10;  42;0.16;  67
30337;2011; 2; 1;20;  49;0.16;  78
30337;2011; 2; 2;20;  47;0.16;  75
30337;2011; 2; 1;28;  41;0.19;  78
30337;2011; 2; 2;28;  46;    ;    
30337;2011; 3; 1;10;  42;0.19;  80
30337;2011; 3; 2;10;  44;0.17;  75
30337;2011; 3; 1;15;  42;0.19;  80
30337;2011; 3; 2;15;  44;0.18;  79
30337;2011; 3; 1;20;  43;    ;    
30337;2011; 3; 2;20;  46;0.18;  83
30337;2011; 3; 1;25;  41;    ;    
30337;2011; 3; 2;25;  44;0.18;  79
30337;2011; 3; 1;31;  26;0.24;  62
30337;2011; 3; 2;31;  34;0.19;  65
30337;2011; 4; 1; 5;  12;0.24;  24
30337;2011; 4; 2; 5;  28;0.22;  62
30337;2011; 4; 1;10;  11;0.26;  26
30337;2011; 4; 2;10;  28;0.22;  62
30337;2011; 4; 2;15;   7;0.19;  13
30337;2011; 5; 1;10;   4;    ;    
30337;2011; 5; 2;10;   3;    ;    
30337;2011;10; 1;31;   2;    ;    
30337;2011;11; 1;10;   2;    ;    
30337;2011;11; 1;20;   7;0.13;   9
30337;2011;11; 2;20;  13;0.12;  16
30337;2011;11; 1;30;  10;0.11;  11
30337;2011;12; 1;10;  31;0.07;  22
30337;2011;12; 1;20;  25;0.13;  33
30337;2011;12; 2;20;  30;0.10;  30
30337;2011;12; 1;30;  31;0.13;  40
30337;2012; 1; 1;10;  39;0.15;  59
30337;2012; 1; 1;20;  46;0.16;  74
30337;2012; 1; 2;20;  46;0.15;  69
30337;2012; 1; 1;31;  49;0.17;  83
30337;2012; 1; 2;31;  47;0.15;  71
30337;2012; 2; 1;10;  53;0.17;  90
30337;2012; 2; 2;10;  55;0.16;  88
30337;2012; 2; 1;20;  55;0.18;  99
30337;2012; 2; 2;20;  55;0.16;  88
30337;2012; 2; 1;29;  57;0.19; 108
30337;2012; 2; 2;29;  57;0.17;  97
30337;2012; 3; 1;10;  56;0.19; 106
30337;2012; 3; 2;10;  54;0.19; 103
30337;2012; 3; 1;15;  57;0.19; 108
30337;2012; 3; 2;15;  56;0.19; 106
30337;2012; 3; 1;20;  55;0.20; 110
30337;2012; 3; 2;20;  54;0.19; 103
30337;2012; 3; 1;25;  53;0.20; 106
30337;2012; 3; 2;25;  54;0.19; 103
30337;2012; 3; 1;31;  47;0.21;  99
30337;2012; 3; 2;31;  48;0.23; 110
30337;2012; 4; 1; 5;  60;0.19; 114
30337;2012; 4; 2; 5;  55;0.20; 110
30337;2012; 4; 1;10;  37;0.28; 104
30337;2012; 4; 2;10;  43;0.26; 112
30337;2012; 4; 1;15;  28;0.30;  84
30337;2012; 4; 2;15;  37;0.26;  96
30337;2012; 4; 1;20;  11;0.26;  29
30337;2012; 4; 2;20;  28;0.27;  76
30337;2012; 4; 2;25;  25;0.26;  65
30337;2012; 4; 2;30;  20;0.27;  54
30337;2012;10; 1;10;   1;    ;    
30337;2012;10; 1;20;   2;    ;    
30337;2012;10; 2;20;   3;    ;    
30337;2012;10; 1;31;   9;0.12;  11
30337;2012;11; 1;10;  13;0.13;  17
30337;2012;11; 1;20;  14;0.13;  18
30337;2012;11; 2;20;  17;0.11;  19
30337;2012;11; 1;30;  21;0.14;  29
30337;2012;12; 1;10;  22;0.15;  33
30337;2012;12; 1;20;  25;0.13;  33
30337;2012;12; 2;20;  23;0.13;  30
30337;2012;12; 1;30;  25;0.15;  38
30337;2013; 1; 1;10;  28;0.14;  39
30337;2013; 1; 1;20;  32;0.14;  45
30337;2013; 1; 2;20;  31;0.13;  40
30337;2013; 1; 1;31;  38;0.14;  53
30337;2013; 1; 2;31;  36;0.14;  50
30337;2013; 2; 1;10;  39;0.15;  59
30337;2013; 2; 2;10;  41;0.14;  57
30337;2013; 2; 1;20;  40;0.17;  68
30337;2013; 2; 2;20;  43;0.15;  65
30337;2013; 2; 1;28;  42;    ;    
30337;2013; 2; 2;28;  44;0.16;  70
30337;2013; 3; 1;10;  38;0.17;  65
30337;2013; 3; 2;10;  41;0.17;  70
30337;2013; 3; 1;15;  37;0.18;  67
30337;2013; 3; 2;15;  39;0.18;  70
30337;2013; 3; 1;20;  40;0.18;  72
30337;2013; 3; 2;20;  44;0.18;  79
30337;2013; 3; 1;25;  42;0.18;  76
30337;2013; 3; 2;25;  44;0.18;  79
30337;2013; 3; 1;31;  42;0.19;  80
30337;2013; 3; 2;31;  44;0.18;  79
30337;2013; 4; 1; 5;  38;0.20;  76
30337;2013; 4; 2; 5;  42;0.18;  76
30337;2013; 4; 1;10;  35;0.21;  74
30337;2013; 4; 2;10;  40;0.19;  76
30337;2013; 4; 1;15;  20;0.29;  58
30337;2013; 4; 2;15;  33;0.21;  69
30337;2013; 4; 1;20;  12;0.24;  29
30337;2013; 4; 2;20;  30;0.22;  66
30337;2013; 4; 2;25;  14;0.28;  39
30337;2013; 9; 1;30;   8;0.08;   6
30337;2013;11; 1;10;  28;0.10;  28
30337;2013;11; 1;20;  27;0.16;  43
30337;2013;11; 2;20;  32;0.11;  35
30337;2013;11; 1;30;  28;0.16;  45
30337;2013;12; 1;10;  32;0.16;  51
30337;2013;12; 1;20;  34;0.16;  54
30337;2013;12; 2;20;  30;0.16;  48
30337;2013;12; 1;30;  34;0.17;  58
30337;2014; 1; 1;10;  41;0.18;  74
30337;2014; 1; 1;20;  46;0.18;  83
30337;2014; 1; 2;20;  47;0.16;  75
30337;2014; 1; 1;31;  51;0.18;  92
30337;2014; 1; 2;31;  50;0.16;  80
30337;2014; 2; 1;10;  54;0.18;  97
30337;2014; 2; 2;10;  53;0.17;  90
30337;2014; 2; 1;20;  52;0.20; 104
30337;2014; 2; 2;20;  54;0.17;  92
30337;2014; 2; 1;28;  52;0.20; 104
30337;2014; 2; 2;28;  52;0.19;  99
30337;2014; 3; 1;10;  52;0.20; 104
30337;2014; 3; 2;10;  53;0.18;  95
30337;2014; 3; 1;15;  55;0.20; 110
30337;2014; 3; 2;15;  54;0.18;  97
30337;2014; 3; 1;20;  49;0.20;  98
30337;2014; 3; 2;20;  51;0.20; 102
30337;2014; 3; 1;25;  37;0.23;  85
30337;2014; 3; 2;25;  41;    ;    
30337;2014; 3; 1;31;  32;0.26;  83
30337;2014; 3; 2;31;  38;0.24;  91
30337;2014; 4; 1; 5;  20;0.32;  64
30337;2014; 4; 2; 5;  30;0.26;  78
30337;2014; 4; 2;10;  17;0.24;  41
30337;2014;10; 1;31;   6;0.13;   8
30337;2014;11; 1;10;  10;0.15;  15
30337;2014;11; 1;20;  13;0.14;  18
30337;2014;11; 2;20;  18;    ;    
30337;2014;11; 1;30;  13;0.16;  21
30337;2014;12; 1;10;  17;0.16;  27
30337;2014;12; 1;20;  33;0.15;  50
30337;2014;12; 2;20;  31;0.13;  40
30337;2014;12; 1;30;  38;0.15;  57
30337;2015; 1; 1;10;  39;0.17;  66
30337;2015; 1; 1;20;  43;0.17;  73
30337;2015; 1; 2;20;  40;0.15;  60
30337;2015; 1; 1;31;  42;0.19;  80
30337;2015; 1; 2;31;  40;0.17;  68
30337;2015; 2; 1;10;  43;0.19;  82
30337;2015; 2; 2;10;  45;0.19;  86
30337;2015; 2; 1;20;  44;0.19;  84
30337;2015; 2; 2;20;  45;0.19;  86
30337;2015; 2; 1;28;  44;0.19;  84
30337;2015; 2; 2;28;  46;    ;    
30337;2015; 3; 1;10;  46;0.20;  92
30337;2015; 3; 2;10;  49;0.19;  93
30337;2015; 3; 1;15;  46;0.20;  92
30337;2015; 3; 2;15;  45;0.20;  90
30337;2015; 3; 1;20;  47;0.20;  94
30337;2015; 3; 2;20;  50;0.18;  90
30337;2015; 3; 1;25;  38;0.24;  91
30337;2015; 3; 2;25;  41;0.20;  82
30337;2015; 3; 1;31;  22;0.29;  64
30337;2015; 3; 2;31;  34;0.24;  82
30337;2015; 4; 1; 5;  21;0.30;  63
30337;2015; 4; 2; 5;  34;    ;    
30337;2015; 4; 1;10;  19;0.30;  57
30337;2015; 4; 2;10;  34;    ;    
30337;2015; 4; 1;15;  15;0.35;  53
30337;2015; 4; 2;15;  31;0.24;  74
30337;2015; 4; 1;20;   4;    ;    
30337;2015; 4; 2;20;  23;0.29;  67
30337;2015;10; 1;20;   6;0.06;   4
30337;2015;10; 2;20;  13;0.05;   7
30337;2015;10; 1;31;   4;    ;    
30337;2015;11; 1;10;   7;0.15;  11
30337;2015;11; 1;20;  10;0.12;  12
30337;2015;11; 2;20;  14;0.12;  17
30337;2015;11; 1;30;  15;0.10;  15
30337;2015;12; 1;10;  26;0.12;  31
30337;2015;12; 1;20;  24;0.13;  31
30337;2015;12; 2;20;  28;0.14;  39
30337;2015;12; 1;30;  30;0.13;  39
30337;2016; 1; 2;10;  33;0.14;  46
30337;2016; 1; 2;20;  41;0.15;  62
30337;2016; 1; 2;31;  42;0.15;  63
30337;2016; 2; 2;10;  52;0.15;  78
30337;2016; 2; 2;20;  55;0.15;  83
30337;2016; 2; 2;29;  54;0.17;  92
30337;2016; 3; 2;10;  53;0.18;  95
30337;2016; 3; 2;15;  51;0.19;  97
30337;2016; 3; 2;20;  50;0.21; 105
30337;2016; 3; 2;25;  43;0.21;  90
30337;2016; 3; 2;31;  39;0.23;  90
30337;2016; 4; 2; 5;  39;0.23;  90
30337;2016; 4; 2;10;  34;0.25;  85
30337;2016; 4; 2;15;  31;0.25;  78
30337;2016; 4; 2;20;  27;0.25;  68
30337;2016;10; 2;10;   3;    ;    
30337;2016;10; 2;20;   7;0.06;   4
30337;2016;10; 2;31;   8;0.07;   6
30337;2016;11; 2;10;  21;    ;    
30337;2016;11; 2;20;  19;0.10;  19
30337;2016;11; 2;30;  26;0.11;  29
30337;2016;12; 2;10;  34;0.13;  44
30337;2016;12; 2;20;  37;0.13;  48
30337;2016;12; 2;30;  39;0.14;  55
30337;2017; 1; 2;10;  34;0.16;  54
30337;2017; 1; 2;20;  36;0.15;  54
30337;2017; 1; 2;31;  38;0.16;  61
30337;2017; 2; 2;10;  38;0.17;  65
30337;2017; 2; 2;20;  40;0.18;  72
30337;2017; 2; 2;28;  40;0.20;  80
30337;2017; 3; 2;10;  43;0.18;  77
30337;2017; 3; 2;15;  40;0.18;  72
30337;2017; 3; 2;20;  36;0.19;  68
30337;2017; 3; 2;25;  36;0.19;  68
30337;2017; 3; 2;31;  32;0.20;  64
30337;2017; 4; 2; 5;  23;0.23;  53
30337;2017; 4; 2;10;  23;0.23;  53
30337;2017; 4; 2;15;  15;0.23;  35
30337;2017;10; 2;31;  21;0.08;  17
30337;2017;11; 2;10;  14;0.11;  15
30337;2017;11; 2;20;  22;0.11;  24
30337;2017;11; 2;30;  28;0.12;  34
30337;2017;12; 2;10;  38;0.14;  53
30337;2017;12; 2;20;  53;0.14;  74
30337;2017;12; 2;30;  54;0.16;  86
30337;2018; 1; 2;10;  59;0.17; 100
30337;2018; 1; 2;20;  59;0.17; 100
30337;2018; 1; 2;31;  64;0.19; 122
30337;2018; 2; 2;10;  64;0.19; 122
30337;2018; 2; 2;20;  68;0.20; 136
30337;2018; 2; 2;28;  70;0.22; 154
30337;2018; 3; 2;10;  72;0.22; 158
30337;2018; 3; 2;15;  69;0.23; 159
30337;2018; 3; 2;20;  68;0.23; 156
30337;2018; 3; 2;25;  57;0.23; 131
30337;2018; 3; 2;31;  54;0.24; 130
30337;2018; 4; 2; 5;  52;0.25; 130
30337;2018; 4; 2;10;  52;0.25; 130
30337;2018; 4; 2;15;  43;0.30; 129
30337;2018; 4; 2;20;  36;0.27;  97
30337;2018; 4; 2;25;  22;0.25;  55
