30612;1966; 1; 1;10;  17;0.21;  36
30612;1966; 1; 1;20;  20;0.21;  42
30612;1966; 1; 1;31;  20;0.21;  42
30612;1966; 2; 1;10;  20;0.22;  44
30612;1966; 2; 1;20;  20;0.23;  46
30612;1966; 2; 1;28;  20;0.22;  44
30612;1966; 3; 1; 5;  19;0.21;  40
30612;1966; 3; 1;10;  20;0.21;  42
30612;1966; 3; 1;15;  22;0.20;  44
30612;1966; 3; 1;20;  24;0.21;  50
30612;1966; 3; 1;25;  22;0.24;  53
30612;1966; 3; 1;31;  16;0.24;  38
30612;1966; 4; 1; 5;  10;0.28;  28
30612;1966; 4; 1;10;   6;0.29;  17
30612;1966; 4; 1;15;   5;0.29;  15
30612;1966;10; 1;31;   2;    ;    
30612;1966;11; 1;10;   4;    ;    
30612;1966;11; 1;20;   7;0.18;  13
30612;1966;11; 1;30;   9;0.19;  17
30612;1966;12; 1;10;  14;0.16;  22
30612;1966;12; 1;20;  15;0.16;  24
30612;1966;12; 1;31;  19;0.16;  30
30612;1967; 1; 1;10;  18;0.17;  31
30612;1967; 1; 1;20;  14;0.22;  31
30612;1967; 1; 1;31;  14;0.20;  28
30612;1967; 2; 1;10;  12;0.22;  26
30612;1967; 2; 1;20;  14;0.20;  28
30612;1967; 2; 1;28;  14;0.22;  31
30612;1967; 3; 1; 5;  15;0.21;  32
30612;1967; 3; 1;10;  14;0.21;  29
30612;1967; 3; 1;15;  13;0.27;  35
30612;1967; 3; 1;20;   5;0.29;  15
30612;1967; 3; 1;25;   3;    ;    
30612;1967; 3; 1;31;   1;    ;    
30612;1967; 4; 1; 5;   0;    ;   0
30612;1967; 5; 1; 5;   3;    ;    
30612;1967;10; 1;31;   2;    ;    
30612;1967;11; 1;10;   4;    ;    
30612;1967;11; 1;20;   8;0.14;  11
30612;1967;11; 1;30;   9;0.17;  15
30612;1967;12; 1;10;  13;0.14;  18
30612;1967;12; 1;20;  15;0.20;  30
30612;1967;12; 1;31;  20;0.18;  36
30612;1968; 1; 1;10;  26;0.17;  44
30612;1968; 1; 1;20;  21;0.18;  38
30612;1968; 1; 1;31;  21;0.20;  42
30612;1968; 2; 1;10;  28;0.20;  56
30612;1968; 2; 1;20;  27;0.18;  49
30612;1968; 2; 1;29;  26;0.20;  52
30612;1968; 3; 1; 5;  25;0.21;  53
30612;1968; 3; 1;10;  24;0.24;  58
30612;1968; 3; 1;15;  22;0.24;  53
30612;1968; 3; 1;20;  19;0.25;  48
30612;1968; 3; 1;25;  21;0.27;  57
30612;1968; 3; 1;31;  17;0.27;  46
30612;1968; 4; 1; 5;  10;0.30;  30
30612;1968; 4; 1;10;   8;0.30;  24
30612;1968; 4; 1;15;   1;    ;    
30612;1968;10; 1;31;   2;    ;    
30612;1968;11; 1;10;   5;0.16;   8
30612;1968;11; 1;20;   8;0.14;  11
30612;1968;11; 1;30;  13;0.18;  23
30612;1968;12; 1;10;  16;0.19;  30
30612;1968;12; 1;20;  14;0.24;  34
30612;1968;12; 1;31;  18;0.21;  38
30612;1969; 1; 1;10;  19;0.21;  40
30612;1969; 1; 1;20;  21;0.20;  42
30612;1969; 1; 1;31;  21;0.20;  42
30612;1969; 2; 1;10;  25;0.22;  55
30612;1969; 2; 1;20;  27;0.22;  59
30612;1969; 2; 1;28;  26;0.23;  60
30612;1969; 3; 1; 5;  21;0.25;  53
30612;1969; 3; 1;10;  21;0.24;  50
30612;1969; 3; 1;15;  20;0.26;  52
30612;1969; 3; 1;20;  22;0.22;  48
30612;1969; 3; 1;25;  21;0.27;  57
30612;1969; 3; 1;31;  18;0.27;  49
30612;1969; 4; 1; 5;  14;0.30;  42
30612;1970;10; 1;10;   2;    ;    
30612;1970;11; 1;20;   2;    ;    
30612;1970;11; 1;30;   3;    ;    
30612;1970;12; 1;10;   6;0.90;   5
30612;1970;12; 1;20;   7;0.10;   7
30612;1970;12; 1;31;   8;0.10;   8
30612;1971; 1; 1;10;  13;0.11;  14
30612;1971; 1; 1;20;  11;0.15;  17
30612;1971; 1; 1;31;  15;0.14;  21
30612;1971; 2; 1;10;  16;0.14;  22
30612;1971; 2; 1;20;  16;0.16;  26
30612;1971; 2; 1;28;  17;0.16;  27
30612;1971; 3; 1; 5;  17;0.16;  27
30612;1971; 3; 1;10;  16;0.17;  27
30612;1971; 3; 1;15;  16;0.17;  27
30612;1971; 3; 1;20;  15;0.17;  26
30612;1971; 3; 1;25;  10;0.23;  23
30612;1971; 3; 1;31;   3;    ;    
30612;1971; 4; 1; 5;   1;    ;    
30612;1971;10; 1;31;   2;    ;    
30612;1971;11; 1;30;  16;0.14;  22
30612;1971;12; 1;10;  18;0.18;  32
30612;1971;12; 1;20;  12;0.22;  26
30612;1971;12; 1;31;  15;0.16;  24
30612;1974; 2; 1;10;  18;0.24;  43
30612;1974; 2; 1;20;  20;0.22;  44
30612;1974; 2; 1;28;  20;0.24;  48
30612;1974; 3; 1; 5;  19;0.24;  45
30612;1974; 3; 1;10;  21;0.25;  52
30612;1974; 3; 1;15;  20;0.25;  50
30612;1974; 3; 1;20;  18;0.25;  45
30612;1974; 3; 1;25;  18;0.26;  47
30612;1974; 3; 1;31;  16;0.27;  43
30612;1974; 4; 1; 5;  11;0.29;  32
30612;1974; 4; 1;10;   4;0.28;  11
30612;1974; 4; 1;15;    ;    ;   0
30612;1974; 4; 1;20;    ;    ;   0
30612;1974; 4; 1;25;    ;    ;   0
30612;1974; 4; 1;30;    ;    ;   0
30612;1974;10; 1;10;    ;    ;   0
30612;1974;10; 2;20;   5;0.19;  10
30612;1974;10; 2;31;   5;0.17;   8
30612;1974;11; 1;10;   9;0.21;  19
30612;1974;11; 1;20;   9;0.27;  24
30612;1974;11; 1;30;   9;0.27;  24
30612;1974;12; 1;10;  12;0.17;  20
30612;1974;12; 1;20;  18;0.19;  34
30612;1974;12; 1;31;  24;0.15;  36
30612;1975; 1; 1;10;  24;0.20;  48
30612;1975; 1; 2;20;  24;0.20;  48
30612;1975; 1; 2;30;  24;0.20;  53
30612;1975; 2; 1;10;  27;0.19;  51
30612;1975; 2; 2;20;  27;0.19;  51
30612;1975; 2; 2;28;  27;0.21;  57
30612;1975; 3; 1; 5;  26;0.23;  60
30612;1975; 3; 2;10;  25;0.23;  58
30612;1975; 3; 2;15;  26;0.23;  60
30612;1975; 3; 2;20;  24;0.23;  55
30612;1975; 3; 2;25;  21;0.24;  50
30612;1975; 3; 2;30;  13;0.26;  34
30612;1975; 4; 1; 5;   2;    ;    
30612;1975; 4; 2;10;   2;    ;    
30612;1975; 4; 2;15;    ;    ;   0
30612;1975; 4; 2;20;    ;    ;   0
30612;1975; 4; 2;25;    ;    ;   0
30612;1975; 4; 2;30;    ;    ;   0
30612;1975;10; 1;10;    ;    ;   0
30612;1975;10; 1;20;    ;    ;   0
30612;1975;10; 1;30;    ;    ;   0
30612;1975;11; 1;10;   5;0.12;   6
30612;1975;11; 2;20;   2;    ;    
30612;1975;11; 2;30;   6;0.18;  11
30612;1975;12; 1;10;   8;0.17;  14
30612;1975;12; 2;20;  11;0.18;  20
30612;1975;12; 2;30;  10;0.20;  20
30612;1976; 1; 1;10;  10;0.21;  21
30612;1976; 1; 1;20;  11;0.20;  22
30612;1976; 1; 1;31;  16;0.18;  29
30612;1976; 2; 1;10;  19;0.17;  32
30612;1976; 2; 1;20;  19;0.19;  36
30612;1976; 2; 1;29;  19;0.22;  42
30612;1976; 3; 1; 5;  20;0.21;  42
30612;1976; 3; 1;10;  18;0.22;  40
30612;1976; 3; 1;15;  18;0.21;  38
30612;1976; 3; 1;20;  20;0.20;  40
30612;1976; 3; 1;25;  20;0.20;  40
30612;1976; 3; 1;31;  19;0.21;  40
30612;1976; 4; 1; 5;  16;0.22;  35
30612;1976;11; 1;10;   1;    ;    
30612;1976;11; 1;20;   2;    ;    
30612;1976;11; 1;30;   4;    ;    
30612;1976;12; 1;10;  12;0.18;  22
30612;1976;12; 1;20;  12;0.19;  23
30612;1976;12; 1;31;  15;0.19;  28
30612;1977; 1; 1;10;  17;0.18;  31
30612;1977; 1; 1;20;  18;0.18;  32
30612;1977; 1; 1;31;  17;0.18;  31
30612;1977; 2; 1;10;  18;0.19;  34
30612;1977; 2; 1;20;  19;0.21;  40
30612;1977; 2; 1;28;  21;0.20;  42
30612;1977; 3; 1; 5;  21;0.21;  44
30612;1977; 3; 1;10;  18;0.21;  38
30612;1977; 3; 1;15;  17;0.21;  36
30612;1977; 3; 1;20;  16;0.22;  35
30612;1977; 3; 1;25;  16;0.23;  37
30612;1977; 3; 1;31;   8;0.26;  21
30612;1977; 4; 1; 5;   6;0.25;  15
30612;1977; 4; 1;10;    ;    ;   0
30612;1977;11; 1;10;   3;    ;    
30612;1977;11; 1;20;  14;0.16;  22
30612;1977;11; 1;30;  15;0.16;  24
30612;1977;12; 1;10;  24;0.17;  41
30612;1977;12; 1;20;  26;0.16;  42
30612;1977;12; 1;31;  26;0.16;  42
30612;1978; 1; 1;10;  25;0.16;  40
30612;1978; 1; 1;20;  26;0.18;  47
30612;1978; 1; 1;31;  30;0.17;  51
30612;1978; 2; 1;10;  31;0.16;  50
30612;1978; 2; 1;20;  30;0.19;  57
30612;1978; 2; 1;28;  30;0.19;  57
30612;1978; 3; 1; 5;  30;0.18;  54
30612;1978; 3; 1;10;  30;0.20;  60
30612;1978; 3; 1;15;  30;0.20;  60
30612;1978; 3; 1;20;  29;0.19;  55
30612;1978; 3; 1;25;  26;0.19;  49
30612;1978; 3; 1;31;  24;0.21;  50
30612;1978; 4; 1; 5;  13;0.32;  42
30612;1978; 4; 1;10;   3;0.23;   7
30612;1978; 4; 1;15;   1;    ;    
30612;1978;10; 1;23;   2;    ;    
30612;1978;11; 1;20;   4;0.17;   7
30612;1978;11; 1;30;   8;0.15;  12
30612;1978;12; 1;10;  14;0.12;  17
30612;1978;12; 1;20;  11;0.18;  20
30612;1978;12; 1;31;  11;0.19;  21
30612;1979; 1; 1;10;  10;0.19;  19
30612;1979; 1; 1;20;  11;0.24;  26
30612;1979; 1; 1;31;  13;0.19;  25
30612;1979; 2; 1;10;  17;0.25;  43
30612;1979; 2; 1;20;  19;0.21;  40
30612;1979; 2; 1;28;  18;0.21;  38
30612;1979; 3; 1; 5;  18;0.22;  40
30612;1979; 3; 1;10;  17;0.25;  43
30612;1979; 3; 1;15;  18;0.27;  49
30612;1979; 3; 1;20;  18;0.24;  43
30612;1979; 3; 1;25;  18;0.23;  41
30612;1979; 3; 1;31;  16;0.25;  40
30612;1979; 4; 1; 5;   9;0.23;  21
30612;1979; 4; 1;10;   7;0.20;  14
30612;1979; 4; 1;20;   3;    ;    
30612;1979;10; 1;20;   1;    ;    
30612;1979;10; 1;31;   3;    ;    
30612;1979;11; 1;10;  14;0.13;  18
30612;1979;11; 1;20;  15;0.17;  26
30612;1979;11; 1;30;  14;0.16;  22
30612;1979;12; 1;10;  17;0.15;  26
30612;1979;12; 1;20;  17;0.16;  27
30612;1979;12; 1;31;  20;0.17;  34
30612;1980; 1; 1;10;  24;0.17;  41
30612;1980; 1; 1;20;  25;0.18;  45
30612;1980; 1; 1;31;  23;0.19;  44
30612;1980; 2; 1;10;  23;0.20;  46
30612;1980; 2; 1;20;  26;0.18;  47
30612;1980; 2; 1;29;  23;0.19;  44
30612;1980; 3; 1; 5;  23;0.16;  37
30612;1980; 3; 1;10;  23;0.19;  44
30612;1980; 3; 1;15;  22;0.20;  44
30612;1980; 3; 1;20;  20;0.18;  36
30612;1980; 3; 1;25;  22;0.20;  44
30612;1980; 3; 1;31;  18;0.21;  38
30612;1980; 4; 1; 5;  17;0.18;  31
30612;1980; 4; 1;10;  14;0.24;  34
30612;1980; 4; 1;15;   7;0.24;  17
30612;1980;10; 1;12;   2;    ;    
30612;1980;11; 1;10;   3;    ;    
30612;1980;11; 1;20;  15;0.13;  20
30612;1980;11; 1;30;  15;0.15;  23
30612;1980;12; 1;10;  19;0.18;  34
30612;1980;12; 1;20;  21;0.18;  38
30612;1980;12; 1;31;  24;0.18;  43
30612;1981; 1; 1;10;  26;0.17;  44
30612;1981; 1; 1;20;  28;0.18;  50
30612;1981; 1; 1;31;  27;0.16;  43
30612;1981; 2; 1;10;  32;0.16;  51
30612;1981; 2; 1;20;  33;0.19;  63
30612;1981; 2; 1;28;  34;0.19;  65
30612;1981; 3; 1; 5;  36;0.19;  68
30612;1981; 3; 1;10;  34;0.21;  71
30612;1981; 3; 1;15;  33;0.19;  63
30612;1981; 3; 1;20;  32;0.19;  61
30612;1981; 3; 1;25;  30;0.22;  66
30612;1981; 3; 1;31;  28;0.22;  62
30612;1981; 4; 1; 5;  11;0.29;  32
30612;1981; 4; 1;10;   1;0.25;   3
30612;1981;10; 1; 3;   1;    ;    
30612;1981;10; 1;20;   3;    ;    
30612;1981;10; 1;31;   1;    ;    
30612;1981;11; 1;10;   6;0.16;  10
30612;1981;11; 1;20;   8;0.12;  10
30612;1981;11; 1;30;  10;0.12;  12
30612;1981;12; 1;10;  18;0.12;  22
30612;1981;12; 1;20;  16;0.13;  21
30612;1981;12; 1;31;  16;0.13;  21
30612;1982; 1; 1;10;  17;0.16;  27
30612;1982; 1; 1;20;  17;0.18;  31
30612;1982; 1; 1;31;  18;0.18;  32
30612;1982; 2; 1;10;  20;0.15;  30
30612;1982; 2; 1;20;  19;0.17;  32
30612;1982; 2; 1;28;  18;0.17;  31
30612;1982; 3; 1; 5;  18;0.17;  31
30612;1982; 3; 1;10;  21;0.17;  36
30612;1982; 3; 1;15;  21;0.18;  38
30612;1982; 3; 1;20;  21;0.17;  36
30612;1982; 3; 1;25;  19;0.17;  32
30612;1982; 3; 1;31;  12;0.18;  22
30612;1982;10; 1;14;   1;    ;    
30612;1982;10; 1;31;   0;    ;   0
30612;1982;11; 1;10;   2;    ;    
30612;1982;11; 1;20;   5;0.12;   6
30612;1982;11; 1;30;  10;0.15;  15
30612;1982;12; 1;10;  10;0.14;  14
30612;1982;12; 1;20;  15;0.15;  23
30612;1982;12; 1;31;  15;0.17;  26
30612;1983; 1; 1;10;  16;0.17;  27
30612;1983; 1; 1;20;  18;0.17;  31
30612;1983; 1; 1;31;  17;0.19;  32
30612;1983; 2; 1;10;  20;0.19;  38
30612;1983; 2; 1;20;  21;0.18;  38
30612;1983; 2; 1;28;  20;0.20;  40
30612;1983; 3; 1; 5;  20;0.20;  40
30612;1983; 3; 1;10;  20;0.18;  36
30612;1983; 3; 1;15;  21;0.18;  38
30612;1983; 3; 1;20;  24;0.20;  48
30612;1983; 3; 1;25;  21;0.22;  46
30612;1983; 3; 1;31;  20;0.21;  42
30612;1983; 4; 1; 5;  15;0.21;  32
30612;1983; 4; 1;10;  12;0.22;  26
30612;1983; 4; 1;15;   9;0.25;  23
30612;1983;11; 1;10;   2;    ;    
30612;1983;11; 1;20;   2;    ;    
30612;1983;11; 1;30;  10;0.10;  10
30612;1983;12; 1;10;  11;0.15;  17
30612;1983;12; 1;20;  14;0.14;  20
30612;1983;12; 1;31;  15;0.16;  24
30612;1984; 1; 1;10;  18;0.19;  34
30612;1984; 1; 1;20;  21;0.18;  38
30612;1984; 1; 1;31;  24;0.19;  46
30612;1984; 2; 1;10;  26;0.20;  52
30612;1984; 2; 1;20;  25;0.20;  50
30612;1984; 2; 1;29;  26;0.20;  52
30612;1984; 3; 1; 5;  27;0.22;  59
30612;1984; 3; 1;10;  31;0.17;  53
30612;1984; 3; 1;15;  29;0.21;  61
30612;1984; 3; 1;20;  29;0.20;  58
30612;1984; 3; 1;25;  30;0.20;  60
30612;1984; 3; 1;31;  29;0.24;  70
30612;1984; 4; 1; 5;  24;0.20;  48
30612;1984; 4; 1;10;  20;0.20;  40
30612;1984; 4; 1;15;  13;0.21;  27
30612;1984; 4; 1;20;   8;0.21;  17
30612;1984; 4; 1;25;   3;    ;    
30612;1984;10; 1; 3;   4;    ;    
30612;1984;10; 1;10;   1;    ;    
30612;1984;10; 1;31;   4;0.05;   2
30612;1984;11; 1;10;   2;    ;    
30612;1984;11; 1;20;   5;0.11;   6
30612;1984;11; 1;30;   3;    ;    
30612;1984;12; 1;10;   8;0.15;  12
30612;1984;12; 1;20;  12;0.13;  16
30612;1984;12; 1;31;  17;0.14;  24
30612;1985; 1; 1;10;  15;0.15;  23
30612;1985; 1; 1;20;  17;0.17;  29
30612;1985; 1; 1;31;  26;0.17;  44
30612;1985; 2; 1;10;  25;0.16;  40
30612;1985; 2; 1;20;  26;0.15;  39
30612;1985; 2; 1;28;  26;0.16;  42
30612;1985; 3; 1; 5;  27;0.16;  43
30612;1985; 3; 1;10;  26;0.17;  44
30612;1985; 3; 1;15;  23;0.16;  37
30612;1985; 3; 1;20;  26;0.15;  39
30612;1985; 3; 1;25;  21;0.38;  80
30612;1985; 3; 1;31;  19;0.19;  36
30612;1985; 4; 1; 5;   6;0.32;  19
30612;1985; 4; 1;10;   6;0.20;  12
30612;1985; 5; 1;10;   1;    ;    
30612;1985;10; 1;10;   2;    ;    
30612;1985;11; 1;10;   3;    ;    
30612;1985;11; 1;20;   3;    ;    
30612;1985;11; 1;30;   6;0.04;   2
30612;1985;12; 1;10;  10;0.18;  18
30612;1985;12; 1;20;  10;0.18;  18
30612;1985;12; 1;31;  11;0.19;  21
30612;1986; 1; 1;10;  15;0.18;  27
30612;1986; 1; 1;20;  21;0.17;  36
30612;1986; 1; 1;31;  23;0.16;  37
30612;1986; 2; 1;10;  22;0.19;  42
30612;1986; 2; 1;20;  24;0.21;  50
30612;1986; 2; 1;28;  21;0.21;  44
30612;1986; 3; 1; 5;  22;0.22;  48
30612;1986; 3; 1;10;  24;0.21;  50
30612;1986; 3; 1;15;  23;0.22;  51
30612;1986; 3; 1;20;  20;0.20;  40
30612;1986; 3; 1;25;  20;0.19;  38
30612;1986; 3; 1;31;  15;0.19;  29
30612;1986; 4; 1; 5;   3;    ;    
30612;1986; 4; 1;10;   1;    ;    
30612;1986;10; 1;18;   1;    ;    
30612;1986;10; 1;31;   3;    ;    
30612;1986;11; 1;10;   4;    ;    
30612;1986;11; 1;20;  10;0.15;  15
30612;1986;11; 1;30;   6;0.18;  11
30612;1986;12; 1;10;  10;0.20;  20
30612;1986;12; 1;20;  15;0.20;  30
30612;1986;12; 1;31;  14;0.20;  28
30612;1987; 1; 1;10;  11;0.22;  24
30612;1987; 1; 1;20;  12;0.23;  28
30612;1987; 1; 1;31;  16;0.24;  38
30612;1987; 2; 1;10;  14;0.24;  34
30612;1987; 2; 1;20;  14;0.24;  34
30612;1987; 2; 1;28;  12;0.21;  25
30612;1987; 3; 1; 5;  11;0.25;  28
30612;1987; 3; 1;10;  10;0.26;  26
30612;1987; 3; 1;15;  10;0.25;  25
30612;1987; 3; 1;20;  11;0.25;  28
30612;1987; 3; 1;25;  10;0.26;  26
30612;1987; 3; 1;31;   8;0.27;  22
30612;1987; 4; 1; 5;   4;0.28;  11
30612;1987; 4; 1;15;   1;    ;    
30612;1987;10; 1;17;   3;    ;    
30612;1987;10; 1;20;   2;    ;    
30612;1987;10; 1;31;   3;    ;    
30612;1987;11; 1;10;  11;0.14;  15
30612;1987;11; 1;20;  10;0.15;  15
30612;1987;11; 1;30;  14;0.18;  25
30612;1987;12; 1;10;  14;0.18;  25
30612;1987;12; 1;20;  12;0.20;  24
30612;1987;12; 1;31;  22;0.18;  40
30612;1988; 1; 1;10;  23;0.18;  41
30612;1988; 1; 1;20;  23;0.19;  44
30612;1988; 1; 1;31;  26;0.23;  60
30612;1988; 2; 1;10;  25;0.24;  60
30612;1988; 2; 1;20;  25;0.24;  60
30612;1988; 2; 1;29;  25;0.24;  60
30612;1988; 3; 1; 5;  25;0.25;  63
30612;1988; 3; 1;10;  24;0.25;  60
30612;1988; 3; 1;15;  22;0.25;  55
30612;1988; 3; 1;20;  21;0.22;  46
30612;1988; 3; 1;25;  21;0.22;  46
30612;1988; 3; 1;31;  16;0.21;  34
30612;1988; 4; 1; 5;  10;0.18;  18
30612;1988;10; 1;19;   1;    ;    
30612;1988;10; 1;20;   1;    ;    
30612;1988;11; 1;10;   3;    ;    
30612;1988;11; 1;20;  10;0.13;  13
30612;1988;11; 1;30;   7;0.13;   9
30612;1988;12; 1;10;   9;0.19;  17
30612;1988;12; 1;20;  14;0.21;  29
30612;1988;12; 1;31;  14;0.22;  31
30612;1989; 1; 1;10;  11;0.19;  21
30612;1989; 1; 1;20;  13;0.17;  22
30612;1989; 1; 1;31;  19;0.17;  32
30612;1989; 2; 1;10;  19;0.17;  32
30612;1989; 2; 1;20;  16;0.18;  29
30612;1989; 2; 1;28;  18;0.16;  29
30612;1989; 3; 1; 5;  19;0.16;  30
30612;1989; 3; 1;10;  19;0.19;  36
30612;1989; 3; 1;15;  15;0.20;  30
30612;1989; 3; 1;20;  17;0.20;  34
30612;1989; 3; 1;25;  13;0.22;  29
30612;1989; 4; 1; 5;   1;    ;    
30612;1989; 4; 1;15;   1;    ;    
30612;1989; 4; 1;20;   1;    ;    
30612;1989;10; 1;23;   0;    ;    
30612;1989;11; 1;10;   0;    ;    
30612;1989;11; 1;20;   0;    ;    
30612;1989;11; 1;30;   3;    ;    
30612;1989;12; 1;10;   6;0.16;  10
30612;1989;12; 1;20;   5;0.22;  11
30612;1989;12; 1;31;  11;0.24;  26
30612;1990; 1; 1;10;   9;0.22;  20
30612;1990; 1; 1;20;  13;0.21;  27
30612;1990; 1; 1;31;  15;0.23;  35
30612;1990; 2; 1;10;  15;0.20;  30
30612;1990; 2; 1;20;  16;0.20;  32
30612;1990; 2; 1;28;  15;0.18;  27
30612;1990; 3; 1; 5;  14;0.23;  32
30612;1990; 3; 1;10;  12;0.23;  28
30612;1990; 3; 1;15;  14;0.22;  31
30612;1990; 3; 1;20;  14;0.20;  28
30612;1990; 3; 1;25;   3;0.26;   8
30612;1990;10; 1;21;   3;    ;    
30612;1990;10; 1;31;   2;    ;    
30612;1990;11; 1;10;   2;    ;    
30612;1990;11; 1;20;   2;    ;    
30612;1990;11; 1;30;   9;0.12;  11
30612;1990;12; 1;10;   5;0.20;  10
30612;1990;12; 1;20;   7;0.22;  15
30612;1990;12; 1;31;  15;0.15;  23
30612;1991; 1; 1;10;  16;0.16;  26
30612;1991; 1; 1;20;  19;0.17;  32
30612;1991; 1; 1;31;  19;0.17;  32
30612;1991; 2; 1;10;  18;0.19;  34
30612;1991; 2; 1;20;  19;0.21;  40
30612;1991; 2; 1;28;  19;0.20;  38
30612;1991; 3; 1; 5;  19;0.19;  36
30612;1991; 3; 1;10;  19;0.21;  40
30612;1991; 3; 1;15;  19;0.20;  38
30612;1991; 3; 1;20;  20;0.20;  40
30612;1991; 3; 1;25;  18;0.21;  38
30612;1991; 3; 1;31;  18;0.20;  36
30612;1991; 4; 1; 5;  10;0.23;  23
30612;1991; 4; 1;10;   5;0.24;  12
30612;1991;11; 1;10;   6;0.17;  10
30612;1991;11; 1;20;   8;0.20;  16
30612;1991;11; 1;30;   4;0.20;   8
30612;1991;12; 1;10;   5;0.19;  10
30612;1991;12; 1;20;   3;0.24;   7
30612;1991;12; 1;31;   8;0.22;  18
30612;1992; 1; 1;10;  10;0.21;  21
30612;1992; 1; 1;20;  11;0.17;  19
30612;1992; 1; 1;31;  12;0.19;  23
30612;1992; 2; 1;10;  13;0.18;  23
30612;1992; 2; 1;20;  13;0.20;  26
30612;1992; 2; 1;29;   6;0.21;  13
30612;1992; 3; 1; 5;   5;0.22;  11
30612;1992; 3; 1;10;   4;0.22;   9
30612;1992; 3; 1;15;   6;0.19;  11
30612;1992; 3; 1;20;   5;0.20;  10
30612;1992; 3; 1;25;   3;0.18;   5
30612;1992; 4; 1;10;   2;    ;    
30612;1992;10; 1;18;   2;    ;    
30612;1992;10; 1;20;   2;    ;    
30612;1992;11; 1;10;   2;    ;    
30612;1992;11; 1;20;   2;    ;    
30612;1992;11; 1;30;  11;0.17;  19
30612;1992;12; 1;10;  16;0.12;  19
30612;1992;12; 1;20;  15;0.16;  24
30612;1992;12; 1;31;  16;0.17;  27
30612;1993; 1; 1;10;  16;0.14;  22
30612;1993; 1; 1;20;  17;0.15;  26
30612;1993; 1; 1;31;  16;0.16;  26
30612;1993; 2; 1;10;  22;0.14;  31
30612;1993; 2; 1;20;  19;0.16;  30
30612;1993; 2; 1;28;  19;0.16;  30
30612;1993; 3; 1; 5;  19;0.18;  34
30612;1993; 3; 1;10;  19;0.15;  29
30612;1993; 3; 1;15;  14;0.19;  27
30612;1993; 3; 1;20;   9;0.24;  22
30612;1993; 3; 1;25;   2;0.28;   6
30612;1993; 4; 1;20;   9;0.12;  11
30612;1993;11; 1;10;   1;    ;    
30612;1993;11; 1;20;   4;0.19;   8
30612;1993;11; 1;30;   6;0.18;  11
30612;1993;12; 1;10;  12;0.18;  22
30612;1993;12; 1;20;   9;0.19;  17
30612;1993;12; 1;31;  11;0.21;  23
30612;1994; 1; 1;10;  20;0.19;  38
30612;1994; 1; 1;20;  22;0.18;  40
30612;1994; 1; 1;31;  22;0.20;  44
30612;1994; 2; 1;10;  22;0.19;  42
30612;1994; 2; 1;20;  21;0.23;  48
30612;1994; 2; 1;28;  20;0.21;  42
30612;1994; 3; 1; 5;  21;0.23;  48
30612;1994; 3; 1;10;  20;0.24;  48
30612;1994; 3; 1;15;  21;0.25;  53
30612;1994; 3; 1;20;  20;0.22;  44
30612;1994; 3; 1;25;  18;0.20;  36
30612;1994; 3; 1;31;  11;0.26;  29
30612;1994; 4; 1; 5;   4;0.27;  11
30612;1994; 4; 1;10;   4;0.20;   8
30612;1994;10; 1;27;   1;    ;    
30612;1994;10; 1;31;   3;    ;    
30612;1994;11; 1;10;   4;0.13;   5
30612;1994;11; 1;20;   5;0.16;   8
30612;1994;11; 1;30;  13;0.17;  22
30612;1994;12; 1;10;  20;0.12;  24
30612;1994;12; 1;20;  19;0.13;  25
30612;1994;12; 1;31;  24;0.12;  29
30612;1995; 1; 1;10;  24;0.15;  36
30612;1995; 1; 1;20;  25;0.17;  43
30612;1995; 1; 1;31;  23;0.17;  39
30612;1995; 2; 1;10;  23;0.16;  37
30612;1995; 2; 1;20;  25;0.17;  43
30612;1995; 2; 1;28;  28;0.16;  45
30612;1995; 3; 1; 5;  26;0.17;  44
30612;1995; 3; 1;10;  27;0.16;  43
30612;1995; 3; 1;15;  28;0.17;  48
30612;1995; 3; 1;20;  31;0.17;  53
30612;1995; 3; 1;25;  29;0.19;  55
30612;1995; 3; 1;31;  20;0.23;  46
30612;1995; 4; 1; 5;   5;0.21;  11
30612;1995;10; 1;31;   1;    ;    
30612;1995;11; 1;10;   1;    ;    
30612;1995;11; 1;20;   3;    ;    
30612;1995;11; 1;30;   2;    ;    
30612;1995;12; 1;10;   3;    ;    
30612;1995;12; 1;20;   3;    ;    
30612;1995;12; 1;31;   5;0.13;   7
30612;1996; 1; 1;10;   9;0.12;  11
30612;1996; 1; 1;20;  11;0.17;  19
30612;1996; 1; 1;31;  15;0.16;  24
30612;1996; 2; 1;10;  17;0.15;  26
30612;1996; 2; 1;20;  18;0.16;  29
30612;1996; 2; 1;29;  17;0.15;  26
30612;1996; 3; 1; 5;  17;0.17;  29
30612;1996; 3; 1;10;  16;0.18;  29
30612;1996; 3; 1;15;  16;0.19;  30
30612;1996; 3; 1;20;  17;0.17;  29
30612;1996; 3; 1;25;  15;0.18;  27
30612;1996; 3; 1;31;  14;0.13;  18
30612;1996; 4; 1; 5;   8;0.19;  15
30612;1996;10; 1;16;   8;0.17;  14
30612;1996;10; 1;31;   1;    ;    
30612;1996;11; 1;10;   9;0.11;  10
30612;1996;11; 1;20;  11;0.12;  13
30612;1996;11; 1;30;  14;0.14;  20
30612;1996;12; 1;10;  16;0.18;  29
30612;1996;12; 1;20;  26;0.15;  39
30612;1996;12; 1;31;  28;0.18;  50
30612;1997; 1; 1;10;  32;0.16;  51
30612;1997; 1; 3;20;  27;0.19;  51
30612;1997; 1; 3;31;  30;0.19;  57
30612;1997; 2; 1;10;  30;0.19;  57
30612;1997; 2; 3;20;  33;0.19;  63
30612;1997; 2; 3;28;  32;    ;    
30612;1997; 3; 1; 5;  33;0.20;  66
30612;1997; 3; 3;10;  33;0.20;  66
30612;1997; 3; 3;15;  34;0.20;  68
30612;1997; 3; 3;20;  34;    ;    
30612;1997; 3; 3;25;  32;0.21;  67
30612;1997; 3; 3;31;  27;0.22;  59
30612;1997; 4; 1; 5;  15;0.31;  47
30612;1997; 4; 3;10;   2;    ;    
30612;1997; 9; 1;30;   2;    ;    
30612;1997;11; 1;10;   1;    ;    
30612;1997;11; 3;20;   4;    ;    
30612;1997;11; 3;30;   4;    ;    
30612;1997;12; 1;10;   6;0.21;  13
30612;1997;12; 3;20;   8;0.21;  17
30612;1997;12; 3;31;   9;0.18;  16
30612;1998; 1; 1;10;  12;0.21;  25
30612;1998; 1; 3;20;  14;0.22;  31
30612;1998; 1; 3;31;  18;0.21;  38
30612;1998; 2; 1;10;  17;0.22;  37
30612;1998; 2; 3;20;  16;0.21;  34
30612;1998; 2; 3;28;  16;0.22;  35
30612;1998; 3; 1; 5;  15;0.23;  35
30612;1998; 3; 3;10;  16;0.23;  37
30612;1998; 3; 3;15;  17;0.23;  39
30612;1998; 3; 3;20;  16;0.23;  37
30612;1998; 3; 3;25;  16;0.24;  38
30612;1998; 3; 3;31;  14;0.24;  34
30612;1998; 4; 1; 5;   6;0.25;  15
30612;1998;11; 1; 1;   1;    ;    
30612;1998;11; 3;10;   5;0.16;   8
30612;1998;11; 3;20;  16;0.12;  19
30612;1998;11; 3;30;  19;0.13;  25
30612;1998;12; 1;10;  26;0.13;  34
30612;1998;12; 3;20;  26;0.20;  52
30612;1998;12; 3;31;  25;0.21;  53
30612;1999; 1; 1;10;  29;0.21;  61
30612;1999; 1; 3;20;  30;0.22;  66
30612;1999; 1; 3;31;  30;0.22;  66
30612;1999; 2; 1;10;  41;0.20;  82
30612;1999; 2; 3;20;  41;0.20;  82
30612;1999; 2; 3;28;  39;0.21;  82
30612;1999; 3; 1; 5;  38;0.21;  80
30612;1999; 3; 3;10;  34;0.21;  71
30612;1999; 3; 3;15;  35;0.21;  74
30612;1999; 3; 3;20;  35;0.21;  74
30612;1999; 3; 3;25;  32;0.20;  64
30612;1999; 3; 3;31;  32;0.21;  67
30612;1999; 4; 1; 5;  29;0.23;  67
30612;1999; 4; 3;10;  11;0.29;  32
30612;1999; 4; 3;20;   1;    ;    
30612;1999;10; 1;31;   2;    ;    
30612;1999;11; 1;10;   1;    ;    
30612;1999;11; 3;20;  14;0.12;  17
30612;1999;12; 1;10;  13;0.17;  22
30612;1999;12; 3;20;  16;0.18;  29
30612;1999;12; 3;31;  20;0.15;  30
30612;2000; 1; 1;10;  21;0.17;  36
30612;2000; 1; 3;20;  21;0.17;  36
30612;2000; 1; 3;31;  22;0.18;  40
30612;2000; 2; 1;10;  23;0.17;  39
30612;2000; 2; 3;20;  27;0.19;  51
30612;2000; 3; 1; 5;  27;0.19;  51
30612;2000; 3; 3;10;  27;0.20;  54
30612;2000; 3; 3;15;  26;0.20;  52
30612;2000; 3; 3;20;  28;0.19;  53
30612;2000; 3; 3;25;  26;0.20;  52
30612;2000; 3; 3;31;  26;0.23;  60
30612;2000; 4; 1; 5;  23;0.22;  51
30612;2000; 4; 3;10;  21;0.23;  48
30612;2000;10; 1; 6;   2;    ;    
30612;2000;10; 3;10;   2;    ;    
30612;2000;10; 3;20;   5;0.10;   5
30612;2000;10; 3;31;   3;    ;    
30612;2000;11; 1;10;   2;    ;    
30612;2000;11; 3;20;   9;0.15;  14
30612;2000;11; 3;30;  11;0.14;  15
30612;2000;12; 1;10;  12;0.16;  19
30612;2000;12; 3;20;  17;0.14;  24
30612;2000;12; 3;31;  17;0.15;  26
30612;2001; 1; 1;10;  19;0.16;  30
30612;2001; 1; 3;20;  17;0.18;  31
30612;2001; 1; 3;31;  21;0.18;  38
30612;2001; 2; 1;10;  22;0.20;  44
30612;2001; 2; 3;20;  27;0.21;  57
30612;2001; 2; 3;28;  29;0.21;  61
30612;2001; 3; 1; 5;  28;0.21;  59
30612;2001; 3; 3;10;  26;0.21;  55
30612;2001; 3; 3;15;  26;0.23;  60
30612;2001; 3; 3;20;  28;0.21;  59
30612;2001; 3; 3;25;  27;0.22;  59
30612;2001; 3; 3;31;  23;0.24;  55
30612;2001; 4; 1; 5;  17;0.24;  41
30612;2001; 4; 3;10;  13;0.25;  33
30612;2001;10; 1;25;   2;    ;    
30612;2001;10; 3;31;   3;    ;    
30612;2001;11; 1;30;   1;    ;    
30612;2001;12; 1;10;   9;0.13;  12
30612;2001;12; 3;20;  11;0.14;  15
30612;2001;12; 3;31;  16;0.14;  22
30612;2002; 1; 1;10;  21;0.15;  32
30612;2002; 1; 3;20;  19;0.17;  32
30612;2002; 1; 3;31;  22;0.20;  44
30612;2002; 2; 1;10;  23;0.20;  46
30612;2002; 2; 3;20;  21;0.22;  46
30612;2002; 2; 3;28;  19;0.21;  40
30612;2002; 3; 1; 5;  19;0.20;  38
30612;2002; 3; 3;10;  18;0.21;  38
30612;2002; 3; 3;15;  14;0.22;  31
30612;2002; 3; 3;20;  13;0.21;  27
30612;2002; 3; 3;25;  11;0.22;  24
30612;2002; 3; 3;31;   8;0.22;  18
30612;2002; 4; 1; 5;   7;0.19;  13
30612;2002;10; 1;20;   9;0.16;  14
30612;2002;10; 3;31;  10;0.14;  14
30612;2002;11; 1;10;  17;0.13;  22
30612;2002;11; 3;20;  19;0.15;  29
30612;2002;11; 3;30;  16;0.17;  27
30612;2002;12; 1;10;  20;0.17;  34
30612;2002;12; 3;20;  21;0.19;  40
30612;2002;12; 3;31;  24;0.20;  48
30612;2003; 1; 1;10;  26;0.20;  52
30612;2003; 1; 3;20;  30;0.20;  60
30612;2003; 1; 3;31;  32;0.20;  64
30612;2003; 2; 1;10;  32;0.20;  64
30612;2003; 2; 3;20;  33;0.21;  69
30612;2003; 2; 3;28;  34;0.21;  71
30612;2003; 3; 1; 5;  34;0.21;  71
30612;2003; 3; 3;10;  32;    ;    
30612;2003; 3; 3;15;  33;    ;    
30612;2003; 3; 3;20;  32;    ;    
30612;2003; 3; 3;25;  30;    ;    
30612;2003; 3; 3;31;  23;    ;    
30612;2003; 4; 1; 5;   9;0.21;  19
30612;2003; 4; 3;15;   7;0.12;   8
30612;2003;10; 1; 8;   2;    ;    
30612;2003;10; 3;10;   1;    ;    
30612;2003;10; 3;31;   3;    ;    
30612;2003;11; 1;10;   4;    ;    
30612;2003;11; 3;20;   9;0.17;  15
30612;2003;11; 3;30;  12;0.17;  20
30612;2003;12; 1;10;  13;0.17;  22
30612;2003;12; 3;20;  15;0.17;  26
30612;2003;12; 3;31;  19;0.20;  38
30612;2004; 1; 1;10;  20;0.20;  40
30612;2004; 1; 3;20;  20;0.21;  42
30612;2004; 1; 3;31;  21;0.21;  44
30612;2004; 2; 1;10;  24;0.22;  53
30612;2004; 2; 3;20;  26;0.22;  57
30612;2004; 2; 3;29;  24;0.24;  58
30612;2004; 3; 1; 5;  25;0.24;  60
30612;2004; 3; 3;10;  24;0.24;  58
30612;2004; 3; 3;15;  24;0.24;  58
30612;2004; 3; 3;20;  21;    ;    
30612;2004; 3; 3;25;  22;0.26;  57
30612;2004; 3; 3;31;  24;0.27;  65
30612;2004; 4; 1; 5;  21;0.27;  57
30612;2004; 4; 3;10;   7;0.29;  20
30612;2004; 4; 3;15;   8;    ;    
30612;2004;11; 1;10;   4;    ;    
30612;2004;11; 3;20;   7;0.17;  12
30612;2004;11; 3;30;  11;0.14;  15
30612;2004;12; 1;10;  21;0.16;  34
30612;2004;12; 3;20;  23;0.17;  39
30612;2004;12; 3;31;  24;0.17;  41
30612;2005; 1; 1;10;  23;0.19;  44
30612;2005; 1; 3;20;  29;0.19;  55
30612;2005; 1; 3;31;  32;0.19;  61
30612;2005; 2; 1;10;  31;0.19;  59
30612;2005; 2; 3;20;  30;0.19;  57
30612;2005; 2; 3;28;  30;0.19;  57
30612;2005; 3; 1; 5;  30;0.19;  57
30612;2005; 3; 3;10;  30;0.20;  60
30612;2005; 3; 3;15;  29;0.20;  58
30612;2005; 3; 3;20;  27;0.20;  54
30612;2005; 3; 3;25;  25;0.20;  50
30612;2005; 3; 3;31;  21;0.22;  46
30612;2005;10; 1;31;   2;    ;    
30612;2005;11; 1;10;   4;    ;    
30612;2005;11; 3;20;   9;0.15;  14
30612;2005;11; 3;30;  15;0.15;  23
30612;2005;12; 1;10;  15;0.16;  24
30612;2005;12; 3;20;  20;0.16;  32
30612;2005;12; 3;31;  25;0.17;  43
30612;2006; 1; 1;10;  24;0.18;  43
30612;2006; 1; 3;20;  26;0.19;  49
30612;2006; 1; 3;31;  28;0.20;  56
30612;2006; 2; 1;10;  30;0.20;  60
30612;2006; 2; 1;20;  32;0.20;  64
30612;2006; 2; 1;28;  32;0.20;  64
30612;2006; 3; 1; 5;  32;0.20;  64
30612;2006; 3; 1;10;  29;0.23;  67
30612;2006; 3; 1;15;  29;0.23;  67
30612;2006; 3; 1;20;  29;0.23;  67
30612;2006; 3; 1;25;  28;0.24;  67
30612;2006; 3; 1;31;  28;0.24;  67
30612;2006; 4; 1; 5;  26;0.24;  62
30612;2006; 4; 3;10;  27;0.25;  68
30612;2006; 4; 3;15;  25;0.25;  63
30612;2006; 4; 3;20;   7;    ;    
30612;2006;11; 1;20;   4;    ;    
30612;2006;11; 1;30;   9;0.12;  11
30612;2006;12; 1;10;  14;0.12;  17
30612;2006;12; 1;20;  18;0.13;  23
30612;2006;12; 1;31;  19;0.13;  25
30612;2007; 1; 1;10;  25;0.14;  35
30612;2007; 1; 1;20;  27;    ;    
30612;2007; 1; 1;31;  22;0.17;  37
30612;2007; 2; 1;10;  24;0.17;  41
30612;2007; 2; 1;20;  24;0.17;  41
30612;2007; 2; 1;28;  27;0.17;  46
30612;2007; 3; 1; 5;  26;0.17;  44
30612;2007; 3; 1;10;  27;0.18;  49
30612;2007; 3; 1;15;  27;0.18;  49
30612;2007; 3; 1;20;  28;0.19;  53
30612;2007; 3; 1;25;  27;0.19;  51
30612;2007; 3; 1;31;  25;0.19;  48
30612;2007; 4; 1; 5;  14;0.25;  35
30612;2007;11; 1;20;   4;    ;    
30612;2007;11; 1;30;  11;0.12;  13
30612;2007;12; 1;10;  16;0.12;  19
30612;2007;12; 1;20;  17;0.12;  20
30612;2007;12; 1;31;  17;0.13;  22
30612;2008; 1; 1;10;  20;    ;    
30612;2008; 1; 1;20;  20;    ;    
30612;2008; 1; 1;31;  21;    ;    
30612;2008; 2; 1;10;  21;0.15;  32
30612;2008; 2; 1;20;  24;0.15;  36
30612;2008; 2; 1;29;  24;0.15;  36
30612;2008; 3; 1; 5;  22;    ;    
30612;2008; 3; 1;10;  21;    ;    
30612;2008; 3; 1;15;  22;0.18;  40
30612;2008; 3; 1;20;  23;    ;    
30612;2008; 3; 1;25;  13;0.20;  26
30612;2008; 4; 1;15;  12;0.10;  12
30612;2008;10; 1;31;   0;    ;    
30612;2008;11; 1;10;   1;    ;    
30612;2008;11; 1;20;  11;0.12;  13
30612;2008;11; 1;30;  13;0.17;  22
30612;2008;12; 1;10;  22;0.16;  35
30612;2008;12; 1;20;  17;0.20;  34
30612;2008;12; 1;31;  17;0.21;  36
30612;2009; 1; 1;10;  21;0.21;  44
30612;2009; 1; 1;20;  22;0.21;  46
30612;2009; 1; 1;31;  23;0.22;  51
30612;2009; 2; 1;10;  24;0.23;  55
30612;2009; 2; 1;20;  24;0.24;  58
30612;2009; 2; 1;28;  25;0.25;  63
30612;2009; 3; 1; 5;  25;0.25;  63
30612;2009; 3; 1;10;  26;0.25;  65
30612;2009; 3; 1;15;  24;0.25;  60
30612;2009; 3; 1;20;  24;0.25;  60
30612;2009; 3; 1;25;  23;0.23;  53
30612;2009; 3; 1;31;  20;0.23;  46
30612;2009; 4; 1;20;   0;    ;    
30612;2009;10; 1;20;   1;    ;    
30612;2009;11; 1;10;   2;    ;    
30612;2009;11; 1;20;  11;0.12;  13
30612;2009;11; 1;30;  23;0.12;  28
30612;2009;12; 1;10;  25;0.15;  38
30612;2009;12; 1;20;  26;0.15;  39
30612;2009;12; 1;31;  24;0.16;  38
30612;2010; 1; 1;10;  27;0.17;  46
30612;2010; 1; 1;20;  31;0.18;  56
30612;2010; 1; 1;31;  26;0.21;  55
30612;2010; 2; 1;10;  26;0.21;  55
30612;2010; 2; 1;20;  34;0.24;  82
30612;2010; 2; 1;28;  33;0.25;  83
30612;2010; 3; 1; 5;  33;0.25;  83
30612;2010; 3; 1;10;  32;0.25;  80
30612;2010; 3; 1;15;  33;0.25;  83
30612;2010; 3; 1;20;  30;0.25;  75
30612;2010; 3; 1;25;  29;0.25;  73
30612;2010; 3; 1;31;  26;0.24;  62
30612;2010; 4; 1; 5;  25;    ;    
30612;2010; 4; 1;10;  25;    ;    
30612;2010; 4; 1;15;  21;    ;    
30612;2010; 4; 1;20;  10;    ;    
30612;2010;11; 1;20;   4;    ;    
30612;2010;11; 1;30;   4;    ;    
30612;2010;12; 1;10;  22;0.16;  35
30612;2010;12; 1;20;  33;0.14;  46
30612;2010;12; 1;31;  33;0.15;  50
30612;2011; 1; 1;10;  32;0.17;  54
30612;2011; 1; 1;20;  32;0.17;  54
30612;2011; 1; 1;31;  35;0.17;  60
30612;2011; 2; 1;10;  35;0.18;  63
30612;2011; 2; 1;20;  35;0.18;  63
30612;2011; 2; 1;28;  41;0.19;  78
30612;2011; 3; 1; 5;  40;0.19;  76
30612;2011; 3; 1;10;  41;0.20;  82
30612;2011; 3; 1;15;  41;0.20;  82
30612;2011; 3; 1;20;  41;0.21;  86
30612;2011; 3; 1;25;  41;0.22;  90
30612;2011; 3; 1;31;  35;0.23;  81
30612;2011; 4; 1; 5;  23;0.25;  58
30612;2011; 4; 1;10;  18;0.29;  52
30612;2011; 4; 1;30;   6;0.13;   8
30612;2011;11; 1;10;   1;    ;    
30612;2011;11; 1;20;   4;    ;    
30612;2011;11; 1;30;   8;0.13;  10
30612;2011;12; 1;10;  17;0.13;  22
30612;2011;12; 1;20;  18;0.13;  23
30612;2011;12; 1;31;  25;0.13;  33
30612;2012; 1; 1;10;  29;0.13;  38
30612;2012; 1; 1;20;  29;0.14;  41
30612;2012; 1; 1;31;  30;0.15;  45
30612;2012; 2; 1;10;  32;0.18;  58
30612;2012; 2; 1;20;  32;0.19;  61
30612;2012; 2; 1;29;  33;0.22;  73
30612;2012; 3; 1; 5;  33;0.23;  76
30612;2012; 3; 1;10;  33;0.23;  76
30612;2012; 3; 1;15;  32;0.23;  74
30612;2012; 3; 1;20;  32;0.23;  74
30612;2012; 3; 1;25;  30;0.23;  69
30612;2012; 3; 1;31;  27;0.24;  65
30612;2012; 4; 1; 5;  16;0.26;  42
30612;2012;10; 1;20;   6;0.11;   7
30612;2012;10; 1;31;  11;0.12;  13
30612;2012;11; 1;10;  11;0.13;  14
30612;2012;11; 1;20;  12;0.13;  16
30612;2012;11; 1;30;  12;0.14;  17
30612;2012;12; 1;10;  13;0.14;  18
30612;2012;12; 1;20;  14;0.14;  20
30612;2012;12; 1;31;  17;0.15;  26
30612;2013; 1; 1;10;  21;0.16;  34
30612;2013; 1; 1;20;  22;0.17;  37
30612;2013; 1; 1;31;  25;0.17;  43
30612;2013; 2; 1;10;  25;0.18;  45
30612;2013; 2; 1;20;  29;0.19;  55
30612;2013; 2; 1;28;  29;0.20;  58
30612;2013; 3; 1; 5;  29;0.21;  61
30612;2013; 3; 1;10;  29;0.22;  64
30612;2013; 3; 1;15;  30;0.22;  66
30612;2013; 3; 1;20;  32;0.21;  67
30612;2013; 3; 1;25;  31;0.22;  68
30612;2013; 3; 1;31;  31;0.23;  71
30612;2013; 4; 1; 5;  26;0.24;  62
30612;2013; 4; 1;10;  19;0.24;  46
30612;2013;10; 1;20;   3;    ;    
30612;2013;11; 1;20;   0;    ;    
30612;2013;11; 1;30;   5;0.13;   7
30612;2013;12; 1;10;   9;0.13;  12
30612;2013;12; 1;20;  12;0.13;  16
30612;2013;12; 1;31;  16;0.14;  22
30612;2014; 1; 1;10;  21;0.15;  32
30612;2014; 1; 1;20;  22;0.15;  33
30612;2014; 1; 1;31;  23;0.17;  39
30612;2014; 2; 1;10;  23;    ;    
30612;2014; 2; 1;20;  24;0.17;  41
30612;2014; 2; 1;28;  25;0.18;  45
30612;2014; 3; 1; 5;  25;0.18;  45
30612;2014; 3; 1;10;  25;0.19;  48
30612;2014; 3; 1;15;  23;0.19;  44
30612;2014; 3; 1;20;  26;0.19;  49
30612;2014; 3; 1;25;  20;0.23;  46
30612;2014;10; 1;20;  10;0.11;  11
30612;2014;10; 1;31;   2;    ;    
30612;2014;11; 1;20;   2;    ;    
30612;2014;11; 1;30;   3;    ;    
30612;2014;12; 1;10;   3;    ;    
30612;2014;12; 1;20;  17;0.11;  19
30612;2014;12; 1;31;  22;0.13;  29
30612;2015; 1; 1;10;  22;0.13;  29
30612;2015; 1; 1;20;  24;0.14;  34
30612;2015; 1; 1;31;  24;0.16;  38
30612;2015; 2; 1;10;  26;0.17;  44
30612;2015; 2; 1;20;  26;0.17;  44
30612;2015; 2; 1;28;  26;0.17;  44
30612;2015; 3; 1; 5;  26;0.18;  47
30612;2015; 3; 1;10;  26;0.18;  47
30612;2015; 3; 1;15;  26;0.18;  47
30612;2015; 3; 1;20;  26;0.19;  49
30612;2015; 3; 1;25;  19;0.22;  42
30612;2015; 3; 1;31;  15;0.23;  35
30612;2015; 4; 1; 5;   5;0.24;  12
30612;2015;11; 1;10;   4;    ;    
30612;2015;11; 1;20;   6;0.12;   7
30612;2015;11; 1;30;  13;0.16;  21
30612;2015;12; 1;10;  21;0.13;  27
30612;2015;12; 1;20;  21;0.13;  27
30612;2015;12; 1;31;  21;0.15;  32
30612;2016; 1; 1;10;  21;0.15;  32
30612;2016; 1; 1;20;  21;0.16;  34
30612;2016; 1; 1;31;  21;0.16;  34
30612;2016; 2; 1;10;  22;0.16;  35
30612;2016; 2; 1;20;  22;0.17;  37
30612;2016; 2; 1;29;  27;0.18;  49
30612;2016; 3; 1; 5;  26;0.19;  49
30612;2016; 3; 1;10;  26;0.19;  49
30612;2016; 3; 1;15;  25;0.21;  53
30612;2016; 3; 1;20;  24;0.22;  53
30612;2016; 3; 1;25;  16;0.28;  45
30612;2016;10; 1;31;   1;    ;    
30612;2016;11; 1;10;  10;0.12;  12
30612;2016;11; 1;20;  12;0.12;  14
30612;2016;11; 1;30;  16;0.15;  24
30612;2016;12; 1;10;  19;0.16;  30
30612;2016;12; 1;20;  20;0.16;  32
30612;2016;12; 1;31;  20;0.17;  34
30612;2017; 1; 1;10;  20;0.18;  36
30612;2017; 1; 1;20;  22;0.19;  42
30612;2017; 1; 1;31;  24;0.20;  48
30612;2017; 2; 1;10;  26;0.21;  55
30612;2017; 2; 1;20;  26;0.21;  55
30612;2017; 2; 1;28;  28;0.21;  59
30612;2017; 3; 1; 5;  30;0.21;  63
30612;2017; 3; 1;10;  29;0.22;  64
30612;2017; 3; 1;15;  27;0.23;  62
30612;2017; 3; 1;20;  26;0.23;  60
30612;2017; 3; 1;25;  25;0.23;  58
30612;2017; 3; 1;31;  14;0.24;  34
30612;2017;10; 1;31;   2;    ;    
30612;2017;11; 1;10;   1;    ;    
30612;2017;11; 1;20;   6;0.12;   7
30612;2017;11; 1;30;  10;0.13;  13
30612;2017;12; 1;10;  15;0.13;  20
30612;2017;12; 1;20;  27;0.14;  38
30612;2017;12; 1;31;  37;0.14;  52
30612;2018; 1; 1;10;  37;0.15;  56
30612;2018; 1; 1;20;  37;0.17;  63
30612;2018; 1; 1;31;  38;0.18;  68
30612;2018; 2; 1;10;  38;0.18;  68
30612;2018; 2; 1;20;  39;0.18;  70
30612;2018; 2; 1;28;  39;0.20;  78
30612;2018; 3; 1; 5;  39;0.20;  78
30612;2018; 3; 1;10;  40;0.20;  80
30612;2018; 3; 1;15;  41;0.21;  86
30612;2018; 3; 1;20;  38;0.22;  84
30612;2018; 3; 1;25;  33;0.23;  76
30612;2018; 3; 1;31;  17;0.24;  41
30612;2018; 4; 1; 5;  13;0.26;  34
