30768;1966; 1; 1;10;  10;0.17;  17
30768;1966; 1; 1;20;   8;0.17;  14
30768;1966; 1; 1;31;   8;0.19;  15
30768;1966; 2; 1;10;  12;0.22;  26
30768;1966; 2; 1;20;  12;0.22;  26
30768;1966; 2; 1;28;  10;0.19;  19
30768;1966; 3; 1;10;   9;0.23;  21
30768;1966; 3; 1;15;   6;0.25;  15
30768;1966; 3; 1;20;   5;0.26;  13
30768;1966; 3; 1;25;   4;    ;    
30768;1966;11; 1;10;   2;    ;    
30768;1966;11; 1;20;   4;    ;    
30768;1966;11; 1;30;   3;    ;    
30768;1966;12; 1;10;   6;    ;    
30768;1966;12; 1;20;   7;    ;    
30768;1966;12; 1;31;   8;    ;    
30768;1967; 1; 1;10;   7;    ;    
30768;1967; 1; 1;20;   5;    ;    
30768;1967; 1; 1;31;   4;    ;    
30768;1967; 2; 1;10;   6;    ;    
30768;1967; 2; 1;20;   4;    ;    
30768;1967; 2; 1;25;   6;    ;    
30768;1967; 2; 1;28;   5;    ;    
30768;1967; 3; 1; 5;   7;    ;    
30768;1967; 3; 1;10;   6;    ;    
30768;1967; 3; 1;15;   5;    ;    
30768;1967; 3; 1;20;   5;    ;    
30768;1967;10; 1;31;   3;    ;    
30768;1967;11; 1;10;   8;0.11;   9
30768;1967;11; 1;20;   8;0.18;  14
30768;1967;11; 1;30;   9;0.18;  16
30768;1967;12; 1;10;   8;0.22;  18
30768;1967;12; 1;20;   8;0.22;  18
30768;1967;12; 1;31;   9;0.23;  21
30768;1968; 1; 1;10;   9;0.25;  23
30768;1968; 1; 1;20;   9;0.23;  21
30768;1968; 1; 1;31;  10;0.22;  22
30768;1968; 2; 1;10;   9;0.23;  21
30768;1968; 2; 1;20;   8;0.24;  19
30768;1968; 2; 1;25;   8;0.24;  19
30768;1968; 2; 1;29;   8;0.24;  19
30768;1968; 3; 1; 5;   8;0.25;  20
30768;1968; 3; 1;10;   6;0.25;  15
30768;1968; 3; 1;15;   2;    ;    
30768;1968; 3; 1;20;   1;    ;    
30768;1968; 3; 1;31;   1;    ;    
30768;1968; 4; 1; 5;   4;    ;    
30768;1968;11; 1;10;   3;    ;    
30768;1968;11; 1;20;   3;    ;    
30768;1968;11; 1;30;   2;    ;    
30768;1968;12; 1;10;   5;0.90;   5
30768;1968;12; 1;20;   5;0.10;   5
30768;1968;12; 1;31;   6;0.13;   8
30768;1969; 1; 1;10;   6;0.18;  11
30768;1969; 1; 1;20;   7;0.19;  13
30768;1969; 1; 1;31;   7;0.20;  14
30768;1969; 2; 1;10;   6;0.23;  14
30768;1969; 2; 1;20;   6;0.23;  14
30768;1969; 2; 1;28;   8;0.26;  21
30768;1969; 3; 1; 5;   7;0.28;  20
30768;1969; 3; 1;10;   6;0.29;  17
30768;1969; 3; 1;15;   5;0.29;  15
30768;1969; 3; 1;20;   3;    ;    
30768;1969; 4; 1;15;   0;    ;   0
30768;1969;10; 1;31;   5;0.12;   6
30768;1969;11; 1;10;   2;    ;    
30768;1969;11; 1;20;  13;0.13;  17
30768;1969;11; 1;30;  17;0.11;  19
30768;1969;12; 1;10;  18;0.13;  23
30768;1969;12; 1;20;  16;0.16;  26
30768;1969;12; 1;31;  16;0.17;  27
30768;1970; 1; 1;10;  17;0.18;  31
30768;1970; 1; 1;20;  18;0.18;  32
30768;1970; 1; 1;31;  18;0.18;  32
30768;1970; 2; 1;10;  16;0.19;  30
30768;1970; 2; 1;20;  20;0.22;  44
30768;1970; 2; 1;28;  19;0.24;  46
30768;1970; 3; 1; 5;  18;0.23;  41
30768;1970; 3; 1;10;  20;0.22;  44
30768;1970; 3; 1;15;  19;0.22;  42
30768;1970; 3; 1;20;  20;0.22;  44
30768;1970; 3; 1;25;  15;0.23;  35
30768;1970; 3; 1;31;   3;    ;    
30768;1970; 4; 1; 5;   0;    ;   0
30768;1970; 4; 1;10;   0;    ;   0
30768;1970; 4; 1;25;   2;    ;    
30768;1970; 5; 1; 5;   0;    ;   0
30768;1970; 5; 1;10;   0;    ;   0
30768;1970; 5; 1;25;   2;    ;    
30768;1970;10; 1;10;   2;    ;    
30768;1970;10; 1;20;   5;0.15;   8
30768;1970;11; 1;20;   1;    ;    
30768;1970;11; 1;30;   2;    ;    
30768;1970;12; 1;10;   3;    ;    
30768;1970;12; 1;20;   5;0.11;   6
30768;1970;12; 1;31;   4;    ;    
30768;1971; 1; 1;10;   5;0.16;   8
30768;1971; 1; 1;20;   4;    ;    
30768;1971; 1; 1;31;   4;    ;    
30768;1971; 2; 1;10;   5;0.16;   8
30768;1971; 2; 1;20;   6;0.16;  10
30768;1971; 2; 1;25;   7;0.16;  11
30768;1971; 2; 1;28;   7;0.16;  11
30768;1971; 3; 1; 5;   7;0.17;  12
30768;1971; 3; 1;10;   7;0.18;  13
30768;1971; 3; 1;15;   5;0.20;  10
30768;1971; 3; 1;20;   1;    ;    
30768;1971; 3; 1;25;   0;    ;   0
30768;1971; 3; 1;31;   0;    ;   0
30768;1971; 4; 1; 5;   1;    ;    
30768;1971; 4; 1;10;   5;    ;    
30768;1971; 4; 1;15;   6;    ;    
30768;1971;10; 1;20;   1;    ;    
30768;1971;11; 1;10;   0;    ;   0
30768;1971;11; 1;20;   1;    ;    
30768;1971;11; 1;30;   2;    ;    
30768;1971;12; 1;10;   2;    ;    
30768;1971;12; 1;20;   1;    ;    
30768;1971;12; 1;31;   1;    ;    
30768;1972; 1; 1;10;   1;    ;    
30768;1972; 1; 1;20;   1;    ;    
30768;1972; 1; 1;31;   1;    ;    
30768;1972; 2; 1; 5;    ;    ;   0
30768;1972; 2; 1;10;   2;    ;    
30768;1972; 2; 1;15;    ;    ;   0
30768;1972; 2; 1;20;   2;    ;    
30768;1972; 2; 1;25;   2;    ;    
30768;1972; 2; 1;29;   2;    ;    
30768;1972; 3; 1;10;   3;    ;    
30768;1972; 3; 1;15;   1;    ;    
30768;1972; 3; 1;20;   2;    ;    
30768;1972; 3; 1;25;   4;    ;    
30768;1972;10; 1;10;   9;0.10;   9
30768;1972;10; 1;20;   9;0.11;  10
30768;1972;10; 1;31;   7;0.14;  10
30768;1972;11; 1;10;  10;0.14;  14
30768;1972;11; 1;20;   9;0.16;  14
30768;1972;11; 1;30;   9;0.16;  14
30768;1972;12; 1;10;  11;0.21;  23
30768;1972;12; 1;20;  11;0.22;  24
30768;1972;12; 1;31;  16;0.26;  42
30768;1973; 1; 1;10;  17;0.27;  46
30768;1973; 1; 1;20;  16;0.27;  43
30768;1973; 1; 1;31;  17;0.28;  48
30768;1973; 2; 1;10;  17;0.28;  48
30768;1973; 2; 1;20;  18;0.29;  52
30768;1973; 2; 1;25;  18;0.29;  52
30768;1973; 2; 1;28;  16;0.34;  54
30768;1973; 3; 1; 5;  16;0.35;  56
30768;1973; 3; 1;10;  17;0.37;  63
30768;1973; 3; 1;15;  16;0.38;  61
30768;1973; 3; 1;20;  10;0.39;  39
30768;1973; 3; 1;25;   4;    ;    
30768;1973; 4; 1; 5;   0;    ;   0
30768;1973; 4; 1;15;  16;0.11;  18
30768;1973; 4; 1;20;   7;0.13;   9
30768;1973;10; 1;10;   0;    ;   0
30768;1973;10; 1;20;   1;    ;    
30768;1973;10; 1;31;   2;    ;    
30768;1973;11; 1;10;   7;0.09;   6
30768;1973;11; 1;20;   7;0.10;   7
30768;1973;11; 1;30;   6;0.11;   7
30768;1973;12; 1;10;   6;0.12;   7
30768;1973;12; 1;20;   7;0.12;   8
30768;1973;12; 1;31;   7;0.17;  12
30768;1975; 1; 1;10;  18;0.26;  47
30768;1975; 1; 1;20;  18;0.27;  49
30768;1975; 1; 1;31;  14;0.26;  36
30768;1975; 2; 1;10;  16;0.27;  43
30768;1975; 2; 1;20;  16;0.28;  45
30768;1975; 2; 1;28;  16;0.28;  45
30768;1975; 3; 1; 5;  16;0.29;  46
30768;1975; 3; 1;10;  16;0.29;  46
30768;1975; 3; 1;15;  14;0.30;  42
30768;1975; 3; 1;20;  13;0.31;  40
30768;1975; 3; 1;25;  10;0.32;  32
30768;1975; 3; 1;31;   4;    ;    
30768;1975; 4; 1;10;   0;    ;   0
30768;1975; 4; 1;15;   1;    ;    
30768;1975;10; 1;20;   8;0.11;   9
30768;1975;11; 1;10;   1;    ;    
30768;1975;11; 1;20;   1;    ;    
30768;1975;11; 1;30;   0;    ;   0
30768;1975;12; 1;10;   3;    ;    
30768;1975;12; 1;20;   3;    ;    
30768;1975;12; 1;31;   4;    ;    
30768;1976; 1; 1;10;   4;    ;    
30768;1976; 1; 1;20;   5;0.13;   6
30768;1976; 1; 1;31;   6;0.14;   8
30768;1976; 5; 1; 5;   2;    ;    
30768;1976;10; 1;20;   7;0.12;   8
30768;1976;10; 1;31;   7;0.13;   9
30768;1976;11; 1;10;   7;0.14;  10
30768;1976;11; 1;20;   7;0.16;  11
30768;1976;11; 1;30;   7;0.18;  13
30768;1976;12; 1;10;   7;0.18;  13
30768;1976;12; 1;20;   8;0.20;  16
30768;1976;12; 1;31;   9;0.21;  19
30768;1977; 1; 1;10;   9;0.20;  18
30768;1977; 1; 1;31;   9;0.21;  19
30768;1977; 2; 1;10;   9;0.21;  19
30768;1977; 2; 1;28;  15;0.20;  30
30768;1977; 3; 1; 5;  18;0.26;  47
30768;1977; 3; 1;10;  14;0.25;  35
30768;1977; 3; 1;15;  12;0.26;  31
30768;1977; 3; 1;20;  11;0.27;  30
30768;1977; 3; 1;25;  10;0.29;  29
30768;1977; 3; 1;31;   1;0.39;   4
30768;1977; 4; 1;10;   2;0.01;   0
30768;1977;11; 1; 4;   3;    ;    
30768;1977;11; 1;18;   1;    ;    
30768;1977;11; 1;20;   1;    ;    
30768;1977;11; 1;30;   3;    ;    
30768;1977;12; 1;10;   7;0.07;   5
30768;1977;12; 1;20;   7;0.07;   5
30768;1977;12; 1;31;   7;0.10;   7
30768;1978; 1; 1;10;   7;0.12;   8
30768;1978; 1; 1;20;   9;0.14;  13
30768;1978; 1; 1;31;   9;0.14;  13
30768;1978; 2; 1;10;   9;0.15;  14
30768;1978; 2; 1;20;   7;0.20;  14
30768;1978; 2; 1;28;   2;0.22;   4
30768;1978; 3; 1; 5;   1;    ;    
30768;1978; 3; 1; 7;   1;    ;    
30768;1978; 3; 1;10;   4;    ;    
30768;1978; 3; 1;15;   1;    ;    
30768;1978; 3; 1;27;   1;    ;    
30768;1978; 4; 1;29;   2;    ;    
30768;1978;11; 1; 7;   1;    ;    
30768;1978;12; 1; 1;   1;    ;    
30768;1978;12; 1;10;   5;    ;    
30768;1978;12; 1;20;   6;0.18;  11
30768;1978;12; 1;31;   6;0.18;  11
30768;1979; 1; 1;10;   8;0.15;  12
30768;1979; 1; 1;20;  10;0.15;  15
30768;1979; 1; 1;31;  10;0.18;  18
30768;1979; 2; 1;10;  10;0.18;  18
30768;1979; 2; 1;20;  12;0.18;  22
30768;1979; 2; 1;28;  10;0.23;  23
30768;1979; 3; 1; 5;   9;0.24;  22
30768;1979; 3; 1;10;   7;0.26;  18
30768;1979; 3; 1;15;   8;0.28;  22
30768;1979; 3; 1;20;   8;0.30;  24
30768;1979; 3; 1;25;   3;0.32;  10
30768;1979; 3; 1;30;   2;    ;    
30768;1979; 4; 1;13;   2;    ;    
30768;1979; 5; 1; 4;   3;    ;    
30768;1979;10; 1;24;   1;    ;    
30768;1979;10; 1;26;   1;    ;    
30768;1979;10; 1;31;   8;0.10;   8
30768;1979;11; 1;10;  16;0.11;  18
30768;1979;11; 1;20;  15;0.12;  18
30768;1979;11; 1;30;  15;0.13;  20
30768;1979;12; 1;10;  15;0.14;  21
30768;1979;12; 1;20;  15;0.14;  21
30768;1979;12; 1;31;  15;0.16;  24
30768;1980; 1; 1;10;  14;0.17;  24
30768;1980; 1; 1;20;  14;0.18;  25
30768;1980; 1; 1;31;  15;0.20;  30
30768;1980; 2; 1;10;  16;0.20;  32
30768;1980; 2; 1;20;  16;0.22;  35
30768;1980; 2; 1;29;  13;0.28;  36
30768;1980; 3; 1; 5;  11;0.29;  32
30768;1980; 3; 1;10;  10;0.29;  29
30768;1980; 3; 1;15;  10;0.29;  29
30768;1980; 3; 1;20;   9;0.30;  27
30768;1980; 3; 1;25;   7;0.32;  22
30768;1980; 3; 1;31;   0;    ;   0
30768;1980; 4; 1; 4;   2;    ;    
30768;1980; 4; 1; 5;   2;    ;    
30768;1980; 4; 1;29;   2;    ;    
30768;1980;10; 1;18;   0;    ;   0
30768;1980;10; 1;29;   3;    ;    
30768;1980;10; 1;31;   1;    ;    
30768;1980;11; 1;10;   4;    ;    
30768;1980;11; 1;20;   4;    ;    
30768;1980;11; 1;30;   7;0.15;  11
30768;1980;12; 1;10;   7;0.13;   9
30768;1980;12; 1;20;   8;0.14;  11
30768;1980;12; 1;31;  10;0.15;  15
30768;1981; 1; 1;10;  10;0.15;  15
30768;1981; 1; 1;20;  10;0.16;  16
30768;1981; 1; 1;31;  10;0.16;  16
30768;1981; 2; 1;10;  10;0.17;  17
30768;1981; 2; 1;20;  11;0.15;  17
30768;1981; 2; 1;28;  11;0.16;  18
30768;1981; 3; 1; 5;  11;0.17;  19
30768;1981; 3; 1;10;   9;0.20;  18
30768;1981; 3; 1;15;   9;0.21;  19
30768;1981; 3; 1;20;   6;0.24;  14
30768;1981; 5; 1; 1;   0;    ;   0
30768;1981;10; 1;17;   2;    ;    
30768;1981;10; 1;28;   0;    ;   0
30768;1981;10; 1;31;   1;    ;    
30768;1981;11; 1;10;   6;0.10;   6
30768;1981;11; 1;20;   5;    ;    
30768;1981;11; 1;30;   5;    ;    
30768;1981;12; 1;10;   5;    ;    
30768;1981;12; 1;20;   6;0.13;   8
30768;1981;12; 1;31;   6;0.10;   6
30768;1982; 1; 1;10;   7;0.11;   8
30768;1982; 1; 1;20;   7;0.14;  10
30768;1982; 1; 1;31;   6;0.15;   9
30768;1982; 2; 1;10;   6;0.16;  10
30768;1982; 2; 1;20;   4;0.17;   7
30768;1982; 2; 1;28;   1;    ;    
30768;1982; 3; 1; 3;   0;    ;   0
30768;1982; 3; 1;22;   4;    ;    
30768;1982; 3; 1;25;   4;    ;    
30768;1982; 3; 1;29;   2;    ;    
30768;1982; 4; 1; 1;   2;    ;    
30768;1982; 4; 1;13;   2;    ;    
30768;1982; 5; 1;15;  10;0.14;  14
30768;1982;10; 1; 4;   1;    ;    
30768;1982;10; 1; 5;   2;    ;    
30768;1982;10; 1;19;   1;    ;    
30768;1982;11; 1; 6;   3;    ;    
30768;1982;11; 1;10;   2;    ;    
30768;1982;11; 1;20;   1;    ;    
30768;1982;11; 1;30;   1;    ;    
30768;1982;12; 1;10;   1;    ;    
30768;1982;12; 1;20;   1;    ;    
30768;1982;12; 1;31;   4;    ;    
30768;1983; 1; 1;10;   7;0.11;   8
30768;1983; 1; 1;20;   7;0.12;   8
30768;1983; 1; 1;31;   8;0.12;  10
30768;1983; 2; 1;10;   8;0.13;  10
30768;1983; 2; 1;20;   8;0.15;  12
30768;1983; 2; 1;28;   4;    ;    
30768;1983; 4; 1; 6;   6;0.11;   7
30768;1983; 4; 1; 9;   1;    ;    
30768;1983; 4; 1;10;   0;    ;   0
30768;1983; 4; 1;22;   2;    ;    
30768;1983; 4; 1;28;  13;0.17;  22
30768;1983; 4; 1;30;   8;0.20;  16
30768;1983;11; 1; 9;   1;    ;    
30768;1983;11; 1;10;   1;    ;    
30768;1983;11; 1;14;   4;    ;    
30768;1983;11; 1;20;   2;    ;    
30768;1983;11; 1;30;   2;    ;    
30768;1983;12; 1;10;   4;    ;    
30768;1983;12; 1;20;   5;    ;    
30768;1983;12; 1;31;   5;    ;    
30768;1984; 1; 1;10;   4;    ;    
30768;1984; 1; 1;20;   6;0.10;   6
30768;1984; 1; 1;31;   8;0.17;  14
30768;1984; 2; 1;10;   8;0.17;  14
30768;1984; 2; 1;20;   7;0.17;  12
30768;1984; 2; 1;29;   9;0.16;  14
30768;1984; 3; 1; 5;   8;0.23;  18
30768;1984; 3; 1;10;   6;0.23;  14
30768;1984; 3; 1;15;   7;0.22;  15
30768;1984; 3; 1;20;   7;0.22;  15
30768;1984; 3; 1;25;   6;0.23;  14
30768;1984; 3; 1;31;   2;    ;    
30768;1984; 4; 1; 3;   1;    ;    
30768;1984; 4; 1; 4;   0;    ;   0
30768;1984; 4; 1; 5;   0;    ;   0
30768;1984; 4; 1;20;  11;0.13;  14
30768;1984; 4; 1;23;   0;    ;   0
30768;1984; 4; 1;27;   4;    ;    
30768;1984;10; 1;21;   0;    ;   0
30768;1984;10; 1;31;   3;    ;    
30768;1984;11; 1;10;   9;0.13;  12
30768;1984;11; 1;20;   9;0.13;  12
30768;1984;11; 1;30;  10;0.18;  18
30768;1984;12; 1;10;  10;0.19;  19
30768;1984;12; 1;20;  11;0.20;  22
30768;1984;12; 1;31;  10;0.20;  20
30768;1985; 1; 1;10;  11;0.21;  23
30768;1985; 1; 1;20;  11;0.21;  23
30768;1985; 1; 1;31;  14;0.18;  25
30768;1985; 2; 1;10;  14;0.18;  25
30768;1985; 2; 1;20;  15;0.19;  29
30768;1985; 2; 1;28;  15;0.18;  27
30768;1985; 3; 1; 5;  14;0.19;  27
30768;1985; 3; 1;10;  12;0.19;  23
30768;1985; 3; 1;15;   7;0.24;  17
30768;1985; 3; 1;20;   2;    ;    
30768;1985; 3; 1;25;   4;    ;   0
30768;1985; 3; 1;31;   1;    ;   0
30768;1985; 4; 1; 7;   8;0.12;  10
30768;1985; 4; 1;10;   4;    ;   0
30768;1985; 4; 1;29;   2;    ;    
30768;1985; 4; 1;30;   4;    ;   0
30768;1985; 9; 1;27;   2;    ;    
30768;1985;10; 1;29;   2;    ;    
30768;1985;11; 1; 4;   2;    ;    
30768;1985;11; 1; 6;   1;    ;    
30768;1985;11; 1;19;   0;    ;    
30768;1985;11; 1;20;   0;    ;    
30768;1985;11; 1;30;   2;    ;    
30768;1985;12; 1;10;   4;    ;    
30768;1985;12; 1;20;   4;    ;    
30768;1985;12; 1;31;   7;0.13;   9
30768;1986; 1; 1;10;   8;0.14;  11
30768;1986; 1; 1;20;   9;0.15;  14
30768;1986; 1; 1;31;   9;0.16;  14
30768;1986; 2; 1;10;   8;0.16;  13
30768;1986; 2; 1;20;   6;0.18;  11
30768;1986; 2; 1;28;   5;0.19;  10
30768;1986; 3; 1; 5;   2;    ;    
30768;1986; 3; 1;12;   0;    ;    
30768;1986; 3; 1;24;   1;    ;    
30768;1986; 4; 1; 8;   3;    ;    
30768;1986; 4; 1;16;   0;    ;    
30768;1986; 4; 1;17;   1;    ;    
30768;1986; 5; 1; 7;  12;0.13;  16
30768;1986;10; 1;24;   4;    ;    
30768;1986;10; 1;31;   1;    ;    
30768;1986;11; 1;10;   2;    ;    
30768;1986;11; 1;20;   1;    ;    
30768;1986;11; 1;30;   1;    ;    
30768;1986;12; 1; 5;   1;    ;    
30768;1986;12; 1;10;   1;    ;    
30768;1986;12; 1;20;   6;0.11;   7
30768;1986;12; 1;31;   5;0.12;   6
30768;1987; 1; 1;10;   6;0.12;   7
30768;1987; 1; 1;20;   4;    ;    
30768;1987; 1; 1;31;   3;    ;    
30768;1987; 2; 1;10;   1;    ;    
30768;1987; 3; 1;20;   4;    ;    
30768;1987; 3; 1;25;   1;    ;    
30768;1987; 4; 1; 7;   0;    ;    
30768;1987; 6; 1; 2;   4;    ;   0
30768;1987;10; 1; 6;   3;    ;    
30768;1987;10; 1;19;   1;    ;    
30768;1987;11; 1; 1;   1;    ;    
30768;1987;11; 1;20;   6;0.13;   8
30768;1987;11; 1;30;   5;0.15;   8
30768;1987;12; 1;10;   6;0.14;   8
30768;1987;12; 1;20;   8;0.14;  11
30768;1987;12; 1;31;  17;0.12;  20
30768;1988; 1; 1;10;  17;0.14;  24
30768;1988; 1; 1;20;  15;0.14;  21
30768;1988; 1; 1;31;  14;0.16;  22
30768;1988; 2; 1;10;  13;0.18;  23
30768;1988; 2; 1;20;  13;0.20;  26
30768;1988; 2; 1;29;  11;0.23;  25
30768;1988; 3; 1; 5;   7;0.23;  16
30768;1988; 3; 1;10;   5;0.26;  13
30768;1988; 3; 1;17;   2;    ;    
30768;1988; 3; 1;20;   0;    ;    
30768;1988; 4; 1;11;   1;    ;    
30768;1988; 4; 1;17;   4;    ;    
30768;1988; 4; 1;20;   4;    ;   0
30768;1988; 9; 1;28;   1;    ;    
30768;1988;10; 1;26;   0;    ;    
30768;1988;11; 1; 4;   0;    ;    
30768;1988;11; 1;10;   5;    ;    
30768;1988;11; 1;20;   2;    ;    
30768;1988;11; 1;30;   2;    ;    
30768;1988;12; 1;10;   2;    ;    
30768;1988;12; 1;20;   6;0.12;   7
30768;1988;12; 1;31;   7;0.14;  10
30768;1989; 1; 1;10;   8;0.12;  10
30768;1989; 1; 1;20;   8;0.12;  10
30768;1989; 1; 1;31;   8;0.13;  10
30768;1989; 2; 1;10;   6;0.16;  10
30768;1989; 2; 1;20;   4;    ;    
30768;1989; 2; 1;25;   2;    ;    
30768;1989; 2; 1;28;   1;    ;    
30768;1989; 3; 1; 5;   1;    ;   0
30768;1989; 3; 1;12;   4;    ;    
30768;1989; 3; 1;15;   2;    ;    
30768;1989; 4; 1; 6;   2;    ;    
30768;1989; 4; 1;18;   1;    ;    
30768;1989; 4; 1;20;   4;    ;    
30768;1989;10; 1;28;   1;    ;    
30768;1989;11; 1; 6;   4;    ;    
30768;1989;11; 1;10;   4;    ;    
30768;1989;11; 1;20;   4;    ;    
30768;1989;11; 1;30;   4;    ;    
30768;1989;12; 1;10;   5;0.12;   6
30768;1989;12; 1;20;   6;0.14;   8
30768;1989;12; 1;31;   7;0.15;  11
30768;1990; 1; 1;10;   8;0.16;  13
30768;1990; 1; 1;20;   8;0.16;  13
30768;1990; 1; 1;31;   8;0.16;  13
30768;1990; 2; 1;10;   9;0.17;  15
30768;1990; 2; 1;20;  11;0.14;  15
30768;1990; 2; 1;28;  11;0.15;  17
30768;1990; 3; 1; 5;   6;0.17;  10
30768;1990; 3; 1;10;   1;    ;    
30768;1990; 3; 1;21;   0;    ;    
30768;1990; 4; 1; 7;   2;    ;    
30768;1990; 4; 1;21;   0;    ;    
30768;1990;10; 1;25;   5;    ;    
30768;1990;11; 1;10;   1;    ;    
30768;1990;11; 1;20;   6;0.12;   7
30768;1990;11; 1;29;   4;    ;    
30768;1990;12; 1;10;   2;    ;    
30768;1990;12; 1;20;   6;0.13;   8
30768;1990;12; 1;31;   6;0.13;   8
30768;1991; 1; 1;10;   7;0.14;  10
30768;1991; 1; 1;20;  10;0.15;  15
30768;1991; 1; 1;31;   9;0.16;  14
30768;1991; 2; 1;10;  10;0.17;  17
30768;1991; 2; 1;20;  10;0.17;  17
30768;1991; 2; 1;28;   9;0.19;  17
30768;1991; 3; 1; 5;   8;0.21;  17
30768;1991; 3; 1;10;   6;0.23;  14
30768;1991; 3; 1;15;  10;0.18;  18
30768;1991; 3; 1;20;   4;    ;    
30768;1991; 3; 1;25;   3;    ;    
30768;1991; 4; 1;10;   0;    ;    
30768;1991; 4; 1;24;   2;    ;    
30768;1991;10; 1;20;   1;    ;    
30768;1991;10; 1;26;   2;    ;    
30768;1991;10; 1;31;   9;0.15;  14
30768;1991;11; 1;10;  24;0.15;  36
30768;1991;11; 1;20;  18;0.18;  32
30768;1991;11; 1;30;  17;0.19;  32
30768;1991;12; 1;10;  17;0.19;  32
30768;1991;12; 1;20;  18;0.20;  36
30768;1991;12; 1;31;  22;0.20;  44
30768;1992; 1; 1;10;  22;0.20;  44
30768;1992; 1; 1;20;  22;0.21;  46
30768;1992; 1; 1;31;  22;0.22;  48
30768;1992; 2; 1;10;  21;0.22;  46
30768;1992; 2; 1;20;  20;0.22;  44
30768;1992; 2; 1;29;  18;0.23;  41
30768;1992; 3; 1; 5;  17;0.23;  39
30768;1992; 3; 1;10;  14;0.24;  34
30768;1992; 3; 1;15;  12;0.24;  29
30768;1992; 3; 1;20;  11;0.24;  26
30768;1992; 3; 1;25;   8;0.24;  19
30768;1992; 4; 1; 8;   4;    ;    
30768;1992; 4; 1;11;   3;    ;    
30768;1992; 6; 1; 4;   5;    ;    
30768;1992;11; 1;13;   4;    ;    
30768;1992;11; 1;20;   4;    ;    
30768;1992;11; 1;30;  10;0.12;  12
30768;1992;12; 1;10;  18;0.12;  22
30768;1992;12; 1;20;  18;0.13;  23
30768;1992;12; 1;31;  17;0.15;  26
30768;1993; 1; 1;10;  18;0.15;  27
30768;1993; 1; 1;20;  18;0.16;  29
30768;1993; 1; 1;31;  19;0.17;  32
30768;1993; 2; 1;10;  17;0.18;  31
30768;1993; 2; 1;20;  18;0.19;  34
30768;1993; 2; 1;25;  17;0.20;  34
30768;1993; 2; 1;28;  17;0.21;  36
30768;1993; 3; 1; 5;  15;0.21;  32
30768;1993; 3; 1;10;   6;0.22;  13
30768;1993; 3; 1;15;   2;    ;   0
30768;1993; 4; 1; 1;   7;0.11;   8
30768;1993; 4; 1; 8;   0;    ;    
30768;1993;11; 1; 4;   6;0.11;   7
30768;1993;11; 1;10;   6;0.11;   7
30768;1993;11; 1;20;   7;0.12;   8
30768;1993;11; 1;30;   7;0.12;   8
30768;1993;12; 1;10;   8;0.12;  10
30768;1993;12; 1;20;   9;0.12;  11
30768;1993;12; 1;31;   9;0.13;  12
30768;1994; 1; 1;10;  10;0.13;  13
30768;1994; 1; 1;20;  11;0.13;  14
30768;1994; 1; 1;31;  11;0.14;  15
30768;1994; 2; 1;10;  11;0.14;  15
30768;1994; 2; 1;20;  11;0.15;  17
30768;1994; 2; 1;28;  14;0.17;  24
30768;1994; 3; 1; 5;  14;0.17;  24
30768;1994; 3; 1;10;  15;0.18;  27
30768;1994; 3; 1;15;  15;0.18;  27
30768;1994; 3; 1;20;  20;0.17;  34
30768;1994; 3; 1;25;  12;0.18;  22
30768;1994; 4; 1; 6;   9;0.18;  16
30768;1994; 4; 1;23;   2;    ;    
30768;1994; 5; 1; 2;   2;    ;    
30768;1994;10; 1;30;   4;    ;    
30768;1994;10; 1;31;   7;0.13;   9
30768;1994;11; 1;10;  10;0.14;  14
30768;1994;11; 1;20;  10;0.15;  15
30768;1994;11; 1;30;   9;0.16;  14
30768;1994;12; 1;10;  11;0.17;  19
30768;1994;12; 1;20;  11;0.17;  19
30768;1994;12; 1;31;  13;0.17;  22
30768;1995; 1; 1;10;  12;0.19;  23
30768;1995; 1; 1;20;  12;0.19;  23
30768;1995; 1; 1;31;  12;0.19;  23
30768;1995; 2; 1;10;  12;0.19;  23
30768;1995; 2; 1;20;  13;0.18;  23
30768;1995; 2; 1;28;  14;0.18;  25
30768;1995; 3; 1; 5;  12;0.19;  23
30768;1995; 3; 1;10;  13;0.18;  23
30768;1995; 3; 1;15;  14;0.19;  27
30768;1995; 3; 1;20;  13;0.19;  25
30768;1995; 3; 1;25;  10;0.18;  18
30768;1995; 3; 1;31;   0;    ;    
30768;1995; 4; 1;29;   3;    ;    
30768;1995;10; 1;31;   4;    ;    
30768;1995;11; 1;10;   5;0.11;   6
30768;1995;11; 1;20;   1;    ;    
30768;1995;11; 1;30;   6;0.16;  10
30768;1995;12; 1;10;   8;0.16;  13
30768;1995;12; 1;20;   8;0.16;  13
30768;1995;12; 1;31;   7;0.17;  12
30768;1996; 1; 1;10;   8;0.17;  14
30768;1996; 1; 1;20;   8;0.18;  14
30768;1996; 1; 1;31;   8;0.18;  14
30768;1996; 2; 1;10;   8;0.18;  14
30768;1996; 2; 1;20;  10;0.17;  17
30768;1996; 2; 1;25;  10;0.17;  17
30768;1996; 2; 1;29;  13;0.14;  18
30768;1996; 3; 1; 5;  10;0.17;  17
30768;1996; 3; 1;10;   5;0.20;  10
30768;1996; 3; 1;14;   2;    ;    
30768;1996; 3; 1;20;   0;    ;    
30768;1996; 4; 1;17;   6;0.15;   9
30768;1996; 4; 1;24;   9;0.18;  16
30768;1996;10; 1;28;   3;    ;    
30768;1996;10; 1;31;   3;    ;    
30768;1996;11; 1;10;   4;    ;    
30768;1996;11; 1;20;   3;    ;    
30768;1996;11; 1;30;  10;0.13;  13
30768;1996;12; 1;10;  17;0.14;  24
30768;1996;12; 1;20;  18;0.14;  25
30768;1996;12; 1;31;  22;0.15;  33
30768;1997; 1; 1;10;  22;0.15;  33
30768;1997; 1; 3;20;  23;0.17;  39
30768;1997; 1; 3;31;  19;0.20;  38
30768;1997; 2; 1;10;  19;0.20;  38
30768;1997; 2; 3;20;  19;0.20;  38
30768;1997; 2; 3;25;  19;0.20;  38
30768;1997; 2; 3;28;  18;0.21;  38
30768;1997; 3; 1; 5;  17;0.22;  37
30768;1997; 3; 3;10;  17;0.21;  36
30768;1997; 3; 3;15;  21;0.21;  44
30768;1997; 3; 3;20;  21;0.22;  46
30768;1997; 3; 3;25;  10;0.23;  23
30768;1997; 4; 1; 7;   1;    ;    
30768;1997; 5; 1; 5;   4;    ;    
30768;1997;10; 1; 6;   5;0.10;   5
30768;1997;10; 3;19;   2;    ;    
30768;1997;10; 3;21;   1;    ;    
30768;1997;10; 3;23;   4;    ;    
30768;1997;11; 1;24;   2;    ;    
30768;1997;11; 3;30;   2;    ;    
30768;1997;12; 1;10;   4;    ;    
30768;1997;12; 3;20;  11;0.12;  13
30768;1997;12; 3;31;  11;0.13;  14
30768;1998; 1; 1;10;  11;0.13;  14
30768;1998; 1; 3;20;  11;0.13;  14
30768;1998; 1; 3;31;  10;0.13;  13
30768;1998; 2; 1;10;  10;0.13;  13
30768;1998; 2; 3;20;  11;0.13;  14
30768;1998; 2; 3;25;  11;0.15;  17
30768;1998; 2; 3;28;  11;0.15;  17
30768;1998; 3; 1; 5;   8;0.17;  14
30768;1998; 3; 3;20;   8;0.12;  10
30768;1998; 4; 1;20;   1;    ;    
30768;1998;11; 1;10;   2;    ;    
30768;1998;11; 3;20;   6;0.10;   6
30768;1998;11; 3;30;   6;0.10;   6
30768;1998;12; 1;10;   7;0.10;   7
30768;1998;12; 3;20;   7;0.11;   8
30768;1998;12; 3;30;  10;0.12;  12
30768;1999; 1; 1;10;  12;0.13;  16
30768;1999; 1; 3;20;  11;0.14;  15
30768;1999; 1; 3;31;  11;0.15;  17
30768;1999; 2; 1;10;  11;0.16;  18
30768;1999; 2; 3;20;  10;0.18;  18
30768;1999; 2; 3;28;  11;0.18;  20
30768;1999; 3; 1; 5;  10;0.18;  18
30768;1999; 3; 3;10;  10;0.18;  18
30768;1999; 3; 3;15;  10;0.18;  18
30768;1999; 3; 3;20;  10;0.18;  18
30768;1999; 3; 3;25;   5;0.19;  10
30768;1999;10; 1;31;   7;0.13;   9
30768;1999;11; 1;10;   6;0.15;   9
30768;1999;11; 3;20;  11;0.11;  12
30768;1999;11; 3;30;  11;0.12;  13
30768;1999;12; 1;10;  11;0.13;  14
30768;1999;12; 3;20;  12;0.13;  16
30768;1999;12; 3;30;  14;0.14;  20
30768;2000; 1; 1;10;  17;0.15;  26
30768;2000; 1; 3;20;  18;0.15;  27
30768;2000; 1; 3;31;  17;0.16;  27
30768;2000; 2; 1;10;  17;0.15;  26
30768;2000; 2; 3;20;  17;0.16;  27
30768;2000; 2; 3;29;  20;    ;    
30768;2000; 3; 1;10;  17;    ;    
30768;2000; 3; 3;15;  12;0.20;  24
30768;2000; 3; 3;20;  11;0.19;  21
30768;2000; 3; 3;25;   9;0.18;  16
30768;2000; 4; 1; 8;   1;    ;    
30768;2000;10; 1;19;   1;    ;    
30768;2000;10; 3;21;   2;    ;    
30768;2000;10; 3;25;  11;0.12;  13
30768;2000;10; 3;31;   9;0.13;  12
30768;2000;11; 1;10;  10;0.13;  13
30768;2000;11; 3;20;  10;0.13;  13
30768;2000;11; 3;30;  11;0.13;  14
30768;2000;12; 1;10;  12;0.14;  17
30768;2000;12; 3;20;  14;0.13;  18
30768;2000;12; 3;30;  15;0.13;  20
30768;2001; 1; 1;10;  17;0.14;  24
30768;2001; 1; 3;20;  18;0.13;  23
30768;2001; 1; 3;31;  19;0.14;  27
30768;2001; 2; 1;10;  19;0.14;  27
30768;2001; 2; 3;20;  18;0.15;  27
30768;2001; 2; 3;28;  18;0.17;  31
30768;2001; 3; 1; 5;  21;0.19;  40
30768;2001; 3; 3;10;  21;0.19;  40
30768;2001; 3; 3;15;  20;0.20;  40
30768;2001; 3; 3;20;  18;0.21;  38
30768;2001; 3; 3;25;  21;0.20;  42
30768;2001; 3; 3;31;  18;0.20;  36
30768;2001; 4; 1; 5;   5;0.24;  12
30768;2001;10; 1; 4;   4;    ;    
30768;2001;10; 3; 9;   4;    ;    
30768;2001;10; 3;16;   2;    ;    
30768;2001;10; 3;31;   1;    ;    
30768;2001;11; 1;28;   0;    ;    
30768;2001;12; 1; 4;   0;    ;    
30768;2001;12; 3;10;   2;    ;    
30768;2001;12; 3;20;   4;0.10;   4
30768;2001;12; 3;30;   5;0.11;   6
30768;2002; 1; 1;10;  13;0.12;  16
30768;2002; 1; 3;20;  17;0.14;  24
30768;2002; 1; 3;31;  18;0.14;  25
30768;2002; 2; 1;10;  16;0.15;  24
30768;2002; 2; 3;20;  16;    ;    
30768;2002; 2; 3;25;  15;    ;    
30768;2002; 2; 3;28;  14;    ;    
30768;2002; 3; 1; 5;  13;0.21;  27
30768;2002; 3; 3;10;   7;0.20;  12
30768;2002; 3; 3;17;   1;    ;    
30768;2002; 3; 3;20;   2;    ;    
30768;2002; 3; 3;25;   1;    ;    
30768;2002; 4; 1;13;   1;    ;    
30768;2002; 4; 3;18;   1;    ;    
30768;2002; 5; 1; 3;  12;0.25;  30
30768;2002;10; 1; 1;   4;    ;    
30768;2002;10; 3;24;   7;0.10;   7
30768;2002;10; 3;31;   3;    ;    
30768;2002;11; 1;10;   4;    ;    
30768;2002;11; 3;20;   4;    ;    
30768;2002;11; 3;30;   7;0.10;   7
30768;2002;12; 1;10;   6;0.11;   7
30768;2002;12; 3;20;   7;0.11;   8
30768;2002;12; 3;31;   7;0.11;   8
30768;2003; 1; 1;10;  10;0.11;  11
30768;2003; 1; 3;20;   9;0.12;  11
30768;2003; 1; 3;31;  11;0.12;  13
30768;2003; 2; 1;10;  10;0.13;  13
30768;2003; 2; 3;20;   9;0.14;  13
30768;2003; 2; 3;25;   9;0.14;  13
30768;2003; 2; 3;28;  12;0.13;  16
30768;2003; 3; 1; 5;  10;0.15;  15
30768;2003; 3; 3;10;   9;0.16;  14
30768;2003; 3; 3;15;   7;0.17;  12
30768;2003; 3; 3;25;   1;    ;    
30768;2003; 3; 3;29;   1;    ;    
30768;2003; 4; 1;17;   0;    ;    
30768;2003;10; 1;10;   3;    ;    
30768;2003;10; 3;24;   0;    ;    
30768;2003;10; 3;27;   2;    ;    
30768;2003;10; 3;31;   7;0.10;   7
30768;2003;11; 1;10;  11;0.12;  13
30768;2003;11; 3;20;  11;0.15;  17
30768;2003;11; 3;30;  13;0.14;  18
30768;2003;12; 1;10;  15;0.14;  21
30768;2003;12; 3;20;  15;0.14;  21
30768;2003;12; 3;30;  18;0.17;  31
30768;2004; 1; 1;10;  18;0.18;  32
30768;2004; 1; 3;20;  17;0.19;  32
30768;2004; 1; 3;31;  16;0.20;  32
30768;2004; 2; 1;10;  16;0.20;  32
30768;2004; 2; 3;20;  19;0.20;  38
30768;2004; 2; 3;25;  18;0.21;  38
30768;2004; 2; 3;29;  21;0.20;  42
30768;2004; 3; 1; 5;  21;0.20;  42
30768;2004; 3; 3;10;  21;0.22;  46
30768;2004; 3; 3;15;  20;0.23;  46
30768;2004; 3; 3;20;  19;0.23;  44
30768;2004; 3; 3;25;  14;0.24;  34
30768;2004; 3; 3;31;   2;    ;    
30768;2004; 4; 1;15;   7;0.20;  14
30768;2004; 4; 3;22;   1;    ;    
30768;2004;11; 1; 4;   0;    ;    
30768;2004;11; 3; 9;   6;0.10;   6
30768;2004;11; 3;10;   8;0.10;   8
30768;2004;11; 3;20;   6;0.12;   7
30768;2004;11; 3;30;   6;0.11;   7
30768;2004;12; 1;10;   8;0.11;   9
30768;2004;12; 3;20;   8;0.12;  10
30768;2004;12; 3;30;   8;0.12;  10
30768;2005; 1; 1;10;   8;0.12;  10
30768;2005; 1; 3;20;   9;0.12;  11
30768;2005; 1; 3;31;   9;0.13;  12
30768;2005; 2; 1;10;   9;0.14;  13
30768;2005; 2; 3;20;   9;0.14;  13
30768;2005; 2; 3;28;   9;0.14;  13
30768;2005; 3; 1; 5;   8;0.15;  12
30768;2005; 3; 3;10;   5;    ;    
30768;2005; 3; 3;25;   2;    ;    
30768;2005; 3; 3;27;   2;    ;    
30768;2005; 4; 1;11;   0;    ;    
30768;2005; 4; 3;13;   2;    ;    
30768;2005; 5; 1; 6;   1;    ;    
30768;2005;11; 1; 3;   1;    ;    
30768;2005;11; 3; 6;   5;0.10;   5
30768;2005;11; 3;10;   5;0.10;   5
30768;2005;11; 3;20;   5;0.10;   5
30768;2005;11; 3;30;   7;0.10;   7
30768;2005;12; 1;10;   9;0.11;  10
30768;2005;12; 3;20;   8;0.11;   9
30768;2005;12; 3;30;  13;0.09;  12
30768;2006; 1; 1;10;  14;0.12;  17
30768;2006; 1; 1;20;  16;0.14;  22
30768;2006; 1; 1;31;  16;0.15;  24
30768;2006; 2; 1;10;  16;0.15;  24
30768;2006; 2; 1;20;  19;0.15;  29
30768;2006; 2; 1;28;  18;0.15;  27
30768;2006; 3; 1; 5;  18;0.16;  29
30768;2006; 3; 3;10;  17;0.17;  29
30768;2006; 3; 3;15;  12;0.18;  22
30768;2006; 3; 3;20;  10;0.20;  20
30768;2006; 3; 3;25;   4;    ;    
30768;2006; 3; 3;31;   1;    ;    
30768;2006; 4; 1; 8;   1;    ;    
30768;2006; 4; 3;10;   3;    ;    
30768;2006; 4; 3;22;   9;0.16;  14
30768;2006;10; 1;13;   0;    ;    
30768;2006;11; 1; 4;   3;    ;    
30768;2006;11; 1;10;   5;0.10;   5
30768;2006;11; 1;20;   7;0.10;   7
30768;2006;11; 1;30;  10;0.11;  11
30768;2006;12; 1;10;  10;0.12;  12
30768;2006;12; 1;20;  12;0.12;  14
30768;2006;12; 1;30;  12;0.12;  14
30768;2007; 1; 1;10;  14;0.13;  18
30768;2007; 1; 1;20;  15;0.13;  20
30768;2007; 1; 1;31;  15;0.14;  21
30768;2007; 2; 1;10;  14;0.15;  21
30768;2007; 2; 1;20;  14;0.15;  21
30768;2007; 2; 1;25;  14;0.15;  21
30768;2007; 2; 1;28;  15;0.15;  23
30768;2007; 3; 1; 5;  14;0.16;  22
30768;2007; 3; 1;10;  14;0.16;  22
30768;2007; 3; 1;15;  14;0.17;  24
30768;2007; 3; 1;20;  12;0.18;  22
30768;2007; 3; 1;25;   8;0.22;  18
30768;2007; 3; 1;31;   2;    ;    
30768;2007;10; 1;20;   2;    ;    
30768;2007;10; 1;26;   2;    ;    
30768;2007;10; 1;31;   1;    ;    
30768;2007;11; 1;23;   2;    ;    
30768;2007;11; 1;30;   4;    ;    
30768;2007;12; 1;10;   4;    ;    
30768;2007;12; 1;20;   4;    ;    
30768;2007;12; 1;30;   6;0.11;   7
30768;2008; 1; 1;10;   7;0.11;   8
30768;2008; 1; 1;20;   7;0.11;   8
30768;2008; 1; 1;31;   6;0.12;   7
30768;2008; 2; 1;10;   8;0.12;  10
30768;2008; 2; 1;20;   8;0.12;  10
30768;2008; 2; 1;25;   9;0.12;  11
30768;2008; 2; 1;29;   9;0.12;  11
30768;2008; 3; 1; 5;  13;0.13;  17
30768;2008; 3; 1;10;   9;0.15;  14
30768;2008; 3; 1;15;   5;0.15;   8
30768;2008; 3; 1;23;   1;    ;    
30768;2008;10; 1;22;   3;    ;    
30768;2008;10; 1;31;   5;0.18;   9
30768;2008;11; 1;10;   5;0.19;  10
30768;2008;11; 1;20;   5;0.19;  10
30768;2008;11; 1;30;   9;0.16;  14
30768;2008;12; 1;10;  11;0.16;  18
30768;2008;12; 1;20;  10;0.17;  17
30768;2008;12; 1;31;  10;0.17;  17
30768;2009; 1; 1;10;  10;0.17;  17
30768;2009; 1; 1;20;  10;0.18;  18
30768;2009; 1; 1;31;   9;0.20;  18
30768;2009; 2; 1;10;  10;0.20;  20
30768;2009; 2; 1;20;  10;0.21;  21
30768;2009; 2; 1;28;  10;0.21;  21
30768;2009; 3; 1; 5;   9;0.22;  20
30768;2009; 3; 1;10;   9;0.22;  20
30768;2009; 3; 1;15;   9;0.21;  19
30768;2009; 3; 1;20;   8;0.22;  18
30768;2009; 3; 1;25;   8;0.22;  18
30768;2009; 3; 1;31;   5;    ;    
30768;2009;10; 1;18;   3;    ;    
30768;2009;10; 1;20;   2;    ;    
30768;2009;10; 1;28;   2;    ;    
30768;2009;11; 1; 1;   1;    ;    
30768;2009;11; 1;14;   2;    ;    
30768;2009;11; 1;20;   3;    ;    
30768;2009;11; 1;30;   4;    ;    
30768;2009;12; 1;10;  18;0.09;  16
30768;2009;12; 1;20;  19;0.10;  19
30768;2009;12; 1;30;  22;0.11;  24
30768;2010; 1; 1;10;  22;0.12;  26
30768;2010; 1; 1;20;  22;0.13;  29
30768;2010; 1; 1;31;  20;0.16;  32
30768;2010; 2; 1;10;  20;0.16;  32
30768;2010; 2; 1;20;  20;0.16;  32
30768;2010; 2; 1;28;  22;0.17;  37
30768;2010; 3; 1; 5;  22;0.17;  37
30768;2010; 3; 1;10;  21;0.18;  38
30768;2010; 3; 1;15;  21;0.18;  38
30768;2010; 3; 1;20;  20;0.18;  36
30768;2010; 3; 1;25;  18;0.19;  34
30768;2010; 3; 1;31;  14;0.22;  31
30768;2010; 4; 1;26;  20;0.14;  28
30768;2010;10; 1; 8;   5;0.16;   8
30768;2010;10; 1;16;   7;0.15;  11
30768;2010;10; 1;20;   4;    ;    
30768;2010;11; 1;12;   3;    ;    
30768;2010;11; 1;20;   8;0.15;  12
30768;2010;11; 1;30;  10;0.17;  17
30768;2010;12; 1;10;  16;0.15;  24
30768;2010;12; 1;20;  17;0.15;  26
30768;2010;12; 1;30;  21;0.14;  29
30768;2011; 1; 1;10;  18;0.16;  29
30768;2011; 1; 1;20;  17;0.17;  29
30768;2011; 1; 1;31;  17;0.17;  29
30768;2011; 2; 1;10;  18;0.17;  31
30768;2011; 2; 1;20;  18;0.18;  32
30768;2011; 2; 1;28;  18;0.18;  32
30768;2011; 3; 1; 5;  18;0.18;  32
30768;2011; 3; 1;10;  17;0.19;  32
30768;2011; 3; 1;15;  17;0.19;  32
30768;2011; 3; 1;20;  16;0.20;  32
30768;2011; 3; 1;25;  12;0.22;  26
30768;2011; 9; 1;27;  14;0.13;  18
30768;2011;10; 1;22;   3;    ;    
30768;2011;11; 1; 1;   8;0.14;  11
30768;2011;11; 1;10;   5;    ;    
30768;2011;11; 1;20;   6;0.14;   8
30768;2011;11; 1;30;   7;0.14;  10
30768;2011;12; 1;10;   7;0.14;  10
30768;2011;12; 1;20;   7;0.15;  11
30768;2011;12; 1;31;   8;0.15;  12
30768;2012; 1; 1;10;   9;0.16;  14
30768;2012; 1; 1;20;  13;0.15;  20
30768;2012; 1; 1;31;  13;0.16;  21
30768;2012; 2; 1;10;  13;0.16;  21
30768;2012; 2; 1;20;  12;0.17;  20
30768;2012; 2; 1;29;  12;0.17;  20
30768;2012; 3; 1; 5;  11;0.18;  20
30768;2012; 3; 1;10;  12;0.18;  22
30768;2012; 3; 1;15;  10;0.19;  19
30768;2012; 3; 1;20;   8;0.21;  17
30768;2012; 4; 1; 8;   4;    ;    
30768;2012;10; 1;17;   0;    ;    
30768;2012;10; 1;24;   0;    ;    
30768;2012;10; 1;27;   5;    ;    
30768;2012;10; 1;31;   3;    ;    
30768;2012;11; 1; 3;   2;    ;    
30768;2012;11; 1;10;   1;    ;    
30768;2012;11; 1;20;   9;0.10;   9
30768;2012;11; 1;30;   9;0.11;  10
30768;2012;12; 1;10;  10;0.11;  11
30768;2012;12; 1;20;  10;0.12;  12
30768;2012;12; 1;31;  12;0.12;  14
30768;2013; 1; 1;10;  12;0.12;  14
30768;2013; 1; 1;20;  12;0.13;  16
30768;2013; 1; 1;31;  16;0.12;  19
30768;2013; 2; 1;10;  16;0.13;  21
30768;2013; 2; 1;20;  16;0.14;  22
30768;2013; 2; 1;28;  23;0.13;  30
30768;2013; 3; 1; 5;  20;0.15;  30
30768;2013; 3; 1;10;  17;0.17;  29
30768;2013; 3; 1;15;  16;0.18;  29
30768;2013; 3; 1;20;  15;0.19;  29
30768;2013; 3; 1;25;  14;0.19;  27
30768;2013; 3; 1;31;  13;0.17;  22
30768;2013; 4; 1;17;   1;    ;    
30768;2013;10; 1; 7;   5;0.12;   6
30768;2013;11; 1; 8;   4;    ;    
30768;2013;11; 1;10;   4;    ;    
30768;2013;11; 1;20;   3;    ;    
30768;2013;11; 1;30;   3;    ;    
30768;2013;12; 1;10;   3;    ;    
30768;2013;12; 1;20;   4;    ;    
30768;2013;12; 1;31;   4;    ;    
30768;2014; 1; 1;10;   5;0.12;   6
30768;2014; 1; 1;20;   5;0.13;   7
30768;2014; 1; 1;31;   7;0.13;   9
30768;2014; 2; 1;10;   7;0.13;   9
30768;2014; 2; 1;20;   7;0.14;  10
30768;2014; 2; 1;28;   7;0.15;  11
30768;2014; 3; 1; 5;   7;0.15;  11
30768;2014; 3; 1;10;   6;0.16;  10
30768;2014; 3; 1;15;   4;    ;    
30768;2014; 4; 1; 1;   1;    ;    
30768;2014;10; 1;18;   0;    ;    
30768;2014;10; 1;19;   5;0.10;   5
30768;2014;10; 1;20;   1;    ;    
30768;2014;10; 1;26;   2;    ;    
30768;2014;11; 1; 5;   1;    ;    
30768;2014;11; 1;21;   5;    ;    
30768;2014;11; 1;30;   5;0.10;   5
30768;2014;12; 1;10;   5;0.11;   6
30768;2014;12; 1;20;  10;0.11;  11
30768;2014;12; 1;31;  11;0.11;  12
30768;2015; 1; 1;10;  10;0.10;  10
30768;2015; 1; 1;20;  11;0.11;  12
30768;2015; 1; 1;31;  11;0.11;  12
30768;2015; 2; 1;10;  10;0.12;  12
30768;2015; 2; 1;20;  10;0.12;  12
30768;2015; 2; 1;28;  10;0.12;  12
30768;2015; 3; 1; 5;  10;0.13;  13
30768;2015; 3; 1;10;   8;0.13;  10
30768;2015; 3; 1;15;   5;0.15;   8
30768;2015; 4; 1;10;   0;    ;    
30768;2015; 4; 1;19;   1;    ;    
30768;2015; 5; 1; 5;   7;0.11;   8
30768;2015;10; 1;27;  13;0.09;  12
30768;2015;10; 1;31;  15;0.12;  18
30768;2015;11; 1;10;   7;0.12;   8
30768;2015;11; 1;20;  10;0.12;  12
30768;2015;11; 1;30;  10;0.11;  11
30768;2015;12; 1;10;  11;0.12;  13
30768;2015;12; 1;20;  13;0.12;  16
30768;2015;12; 1;31;  13;0.12;  16
30768;2016; 1; 1;10;  14;0.13;  18
30768;2016; 1; 1;20;  14;0.13;  18
30768;2016; 1; 1;31;  14;0.13;  18
30768;2016; 2; 1;10;  13;0.14;  18
30768;2016; 2; 1;20;  16;0.13;  21
30768;2016; 2; 1;29;  15;0.13;  20
30768;2016; 3; 1; 5;  15;0.13;  20
30768;2016; 3; 1;10;  15;0.13;  20
30768;2016; 3; 1;15;  13;0.14;  18
30768;2016; 3; 1;29;   2;    ;    
30768;2016; 4; 1;14;  13;0.13;  17
30768;2016; 4; 1;21;   0;    ;    
30768;2016;10; 1; 8;   1;    ;    
30768;2016;10; 1;21;  10;0.06;   6
30768;2016;10; 1;31;   6;0.09;   5
30768;2016;11; 1;10;   8;0.11;   9
30768;2016;11; 1;20;   9;0.11;  10
30768;2016;11; 1;30;  10;0.12;  12
30768;2016;12; 1;10;  12;0.10;  12
30768;2016;12; 1;20;  17;0.11;  19
30768;2016;12; 1;31;  18;0.11;  20
30768;2017; 1; 1;10;  18;0.11;  20
30768;2017; 1; 1;20;  18;0.11;  20
30768;2017; 1; 1;31;  18;0.12;  22
30768;2017; 2; 1;10;  18;0.12;  22
30768;2017; 2; 1;20;  18;0.13;  23
30768;2017; 2; 1;28;  15;0.14;  21
30768;2017; 3; 1; 5;  15;0.15;  23
30768;2017; 3; 1;10;  10;0.16;  16
30768;2017; 3; 1;29;   0;    ;    
30768;2017; 4; 1; 5;   4;    ;    
30768;2017; 4; 1;23;  12;0.16;  19
30768;2017; 5; 1; 4;   2;    ;    
30768;2017;10; 1;28;   1;    ;    
30768;2017;11; 1; 2;   0;    ;    
30768;2017;11; 1;14;   4;    ;    
30768;2017;11; 1;20;   4;    ;    
30768;2017;11; 1;30;   5;    ;    
30768;2017;12; 1;10;   5;    ;    
30768;2017;12; 1;20;   5;    ;    
30768;2017;12; 1;31;   5;    ;    
30768;2018; 1; 1;10;   6;0.12;   7
30768;2018; 1; 1;20;   7;0.12;   8
30768;2018; 1; 1;31;   7;0.12;   8
30768;2018; 2; 1;10;   7;0.12;   8
30768;2018; 2; 1;20;   6;0.13;   8
30768;2018; 2; 1;28;  10;0.10;  10
30768;2018; 3; 1; 5;  10;0.12;  12
30768;2018; 3; 1;10;  10;0.12;  12
30768;2018; 3; 1;15;   9;0.13;  12
30768;2018; 4; 1;20;   2;    ;    
30768;2018;10; 1; 8;   0;    ;    
30768;2018;10; 1;23;   4;    ;    
30768;2018;11; 1;14;   2;    ;    
30768;2018;11; 1;20;   2;    ;    
30768;2018;11; 1;30;   9;0.09;   8
