30957;1966; 1; 1;10;   8;0.20;  16
30957;1966; 1; 1;20;   9;0.15;  14
30957;1966; 1; 1;31;   8;0.18;  14
30957;1966; 2; 1;10;   9;0.18;  16
30957;1966; 2; 1;20;  13;0.18;  23
30957;1966; 2; 1;25;  11;    ;    
30957;1966; 2; 1;28;  10;    ;    
30957;1966; 3; 1;10;  11;0.17;  19
30957;1966; 3; 1;15;  10;0.19;  19
30957;1966; 3; 1;20;   7;0.23;  16
30957;1966; 3; 1;25;   9;0.24;  22
30957;1966; 3; 1;31;   4;    ;    
30957;1966;11; 1;30;   1;    ;    
30957;1966;12; 1;10;   2;    ;    
30957;1966;12; 1;20;   3;    ;    
30957;1966;12; 1;31;   1;    ;    
30957;1967; 1; 1;10;   1;    ;    
30957;1967; 3; 1; 5;   3;    ;    
30957;1967;10; 1;31;  11;0.14;  15
30957;1967;11; 1;10;   8;0.21;  17
30957;1967;11; 1;20;   9;0.19;  17
30957;1967;11; 1;30;   8;0.20;  16
30957;1967;12; 1;10;   8;0.17;  14
30957;1967;12; 1;20;   9;0.19;  17
30957;1967;12; 1;31;   9;0.20;  18
30957;1968; 1; 1;10;  10;0.19;  19
30957;1968; 1; 1;20;  11;0.20;  22
30957;1968; 1; 1;31;  10;0.20;  20
30957;1968; 2; 1;10;  10;0.21;  21
30957;1968; 2; 1;20;  10;0.18;  18
30957;1968; 2; 1;25;   8;0.21;  17
30957;1968; 2; 1;29;  14;0.17;  24
30957;1968; 3; 1; 5;  11;0.19;  21
30957;1968; 3; 1;10;  10;0.20;  20
30957;1968; 3; 1;15;   8;0.28;  22
30957;1968; 4; 1;20;   3;    ;    
30957;1968;11; 1;30;   2;    ;    
30957;1968;12; 1;10;   3;    ;    
30957;1968;12; 1;20;   2;    ;    
30957;1968;12; 1;31;   2;    ;    
30957;1969; 1; 1;10;   3;    ;    
30957;1969; 1; 1;20;   3;    ;    
30957;1969; 1; 1;31;   3;    ;    
30957;1969; 2; 1;10;   2;    ;    
30957;1969; 4; 1; 5;  11;0.12;  13
30957;1969; 4; 1;20;  12;0.12;  14
30957;1969;10; 1;10;   2;    ;    
30957;1969;11; 1;10;   8;0.10;   8
30957;1969;11; 1;20;   6;0.11;   7
30957;1969;11; 1;30;   6;0.11;   7
30957;1969;12; 1;10;   5;0.14;   7
30957;1969;12; 1;20;   4;    ;    
30957;1969;12; 1;31;   6;0.14;   8
30957;1970; 1; 1;10;   7;0.15;  11
30957;1970; 1; 1;20;   7;0.13;   9
30957;1970; 1; 1;31;   7;0.16;  11
30957;1970; 2; 1;10;   6;0.16;  10
30957;1970; 2; 1;20;   6;0.17;  10
30957;1970; 2; 1;28;   7;0.17;  12
30957;1970; 3; 1; 5;   8;0.16;  13
30957;1970; 3; 1;10;   5;0.12;   6
30957;1970; 3; 1;15;   6;0.16;  10
30957;1970; 3; 1;20;   5;    ;    
30957;1970;10; 1;20;   2;    ;    
30957;1970;11; 1;20;   5;0.13;   7
30957;1970;11; 1;30;   3;    ;    
30957;1970;12; 1;10;   3;    ;    
30957;1970;12; 1;20;   2;    ;    
30957;1970;12; 1;31;   3;    ;    
30957;1971; 1; 1;10;   2;    ;    
30957;1971; 1; 1;20;   3;    ;    
30957;1971; 1; 1;31;   2;    ;    
30957;1971; 2; 1;10;   4;    ;    
30957;1971; 2; 1;20;   2;    ;    
30957;1971; 2; 1;25;   2;    ;    
30957;1971; 2; 1;28;   2;    ;    
30957;1971; 3; 1; 5;   3;    ;    
30957;1971; 3; 1;10;   2;    ;    
30957;1971; 3; 1;20;  11;0.12;  13
30957;1971; 4; 1; 5;   5;    ;    
30957;1971; 4; 1;30;   2;    ;    
30957;1971; 9; 1; 5;   5;    ;    
30957;1971; 9; 1;30;   2;    ;    
30957;1971;11; 1;30;   2;    ;    
30957;1971;12; 1;31;   2;    ;    
30957;1972; 1; 1;10;   2;    ;    
30957;1972; 1; 1;20;   3;    ;    
30957;1972; 1; 1;31;   4;    ;    
30957;1972; 2; 1; 5;    ;    ;   0
30957;1972; 2; 1;10;   4;    ;    
30957;1972; 2; 1;15;    ;    ;   0
30957;1972; 2; 1;20;   4;    ;    
30957;1972; 2; 1;25;   4;    ;    
30957;1972; 2; 1;29;   4;    ;    
30957;1972;12; 1;10;    ;    ;   0
30957;1972;12; 1;20;   2;    ;    
30957;1972;12; 1;31;   2;    ;    
30957;1973; 1; 1;10;   1;    ;    
30957;1973; 1; 1;20;   1;    ;    
30957;1973; 1; 1;31;   1;    ;    
30957;1973; 2; 1;10;   0;    ;   0
30957;1973; 4; 1;20;   1;    ;    
30957;1973;11; 1;20;   2;    ;    
30957;1975; 1; 1;10;   1;    ;    
30957;1975; 2; 1;10;   1;    ;    
30957;1975; 2; 1;28;   2;    ;    
30957;1975; 3; 1; 5;   1;    ;    
30957;1975; 4; 1;15;   2;    ;    
30957;1975;10; 1;20;   3;    ;    
30957;1975;11; 1;10;   2;    ;    
30957;1975;11; 1;20;    ;    ;   0
30957;1975;12; 1;10;   1;    ;    
30957;1976;10; 1;20;   2;    ;    
30957;1976;12; 1;10;   3;    ;    
30957;1976;12; 1;20;   1;    ;    
30957;1976;12; 1;31;   1;    ;    
30957;1977; 1; 1;31;   2;    ;    
30957;1977; 2; 1;10;   1;    ;    
30957;1977; 3; 1; 5;   1;    ;    
30957;1977; 3; 1;22;   7;0.20;  14
30957;1977; 3; 1;25;   3;0.00;   0
30957;1977; 4; 1; 5;   3;0.00;   0
30957;1977; 4; 1;16;   1;0.00;   0
30957;1977; 4; 1;24;   6;0.20;  12
30957;1977;11; 1;20;   4;0.00;   0
30957;1977;11; 1;30;   4;0.00;   0
30957;1977;12; 1;10;  10;0.11;  11
30957;1977;12; 1;20;   9;0.11;  10
30957;1977;12; 1;31;   9;0.15;  14
30957;1978; 1; 1;10;   8;0.13;  10
30957;1978; 1; 1;20;   8;0.14;  11
30957;1978; 1; 1;31;   8;0.14;  11
30957;1978; 2; 1;10;   9;0.16;  14
30957;1978; 2; 1;20;   8;0.20;  16
30957;1978; 2; 1;28;   1;0.00;   0
30957;1978; 3; 1; 5;   2;0.00;   0
30957;1978; 3; 1;10;   1;0.00;   0
30957;1978; 3; 1;28;   1;0.00;   0
30957;1978; 5; 1;10;   5;0.14;   7
30957;1978;12; 1;10;   1;    ;    
30957;1978;12; 1;20;   1;    ;    
30957;1978;12; 1;31;   1;    ;    
30957;1979; 1; 1;10;   0;0.00;   0
30957;1979; 1; 1;31;   0;0.00;   0
30957;1979; 2; 1;10;   0;0.00;   0
30957;1979; 2; 1;20;   2;0.00;   0
30957;1979; 3; 1; 5;   2;0.00;   0
30957;1979; 3; 1;18;   5;0.02;   1
30957;1979; 3; 1;20;   2;    ;    
30957;1979; 3; 1;29;   5;0.17;   9
30957;1979; 3; 1;31;   6;0.20;  12
30957;1979; 4; 1;13;   3;    ;    
30957;1979; 4; 1;15;   1;    ;    
30957;1979; 4; 1;17;   4;    ;    
30957;1979; 4; 1;23;   6;0.08;   5
30957;1979;10; 1;25;   2;    ;    
30957;1979;10; 1;31;   1;    ;    
30957;1979;11; 1;10;   6;0.17;  10
30957;1979;11; 1;20;   3;0.19;   6
30957;1979;11; 1;30;   3;    ;    
30957;1979;12; 1;10;   4;    ;    
30957;1979;12; 1;20;   5;0.17;   9
30957;1979;12; 1;31;   4;0.20;   8
30957;1980; 1; 1;10;   4;    ;    
30957;1980; 1; 1;20;   4;    ;    
30957;1980; 1; 1;31;   5;    ;    
30957;1980; 2; 1;10;   5;0.22;  11
30957;1980; 2; 1;20;   4;    ;    
30957;1980; 2; 1;29;   4;    ;    
30957;1980; 3; 1; 5;   2;    ;    
30957;1980; 3; 1;10;   2;    ;    
30957;1980; 3; 1;15;   1;    ;    
30957;1980; 3; 1;20;   2;    ;    
30957;1980; 4; 1; 8;   0;    ;   0
30957;1980; 4; 1;10;   1;    ;    
30957;1980; 4; 1;20;   7;0.22;  15
30957;1980; 5; 1; 3;  21;0.13;  27
30957;1980;10; 1;12;   8;0.18;  14
30957;1980;11; 1;10;   3;    ;    
30957;1980;12; 1;10;   3;    ;    
30957;1980;12; 1;20;   3;    ;    
30957;1980;12; 1;31;   4;    ;    
30957;1981; 1; 1;10;   3;    ;    
30957;1981; 1; 1;20;   3;    ;    
30957;1981; 1; 1;31;   3;    ;    
30957;1981; 2; 1;10;   3;    ;    
30957;1981; 2; 1;20;   3;    ;    
30957;1981; 2; 1;28;   3;    ;    
30957;1981; 3; 1; 5;   2;    ;    
30957;1981; 3; 1;18;   2;    ;    
30957;1981; 4; 1;10;   7;0.22;  15
30957;1981;10; 1; 7;   9;0.11;  10
30957;1981;10; 1;20;  10;0.12;  12
30957;1981;10; 1;31;   9;0.15;  14
30957;1981;11; 1;10;   7;0.16;  11
30957;1981;11; 1;20;   7;0.19;  13
30957;1981;11; 1;30;   8;0.16;  13
30957;1981;12; 1;10;   7;0.18;  13
30957;1981;12; 1;20;   8;0.19;  15
30957;1981;12; 1;31;   8;0.19;  15
30957;1982; 1; 1;10;   7;0.18;  13
30957;1982; 1; 1;20;   7;0.19;  13
30957;1982; 1; 1;31;   6;0.18;  11
30957;1982; 2; 1;10;   6;0.20;  12
30957;1982; 2; 1;20;   6;0.19;  11
30957;1982; 2; 1;28;   5;0.19;  10
30957;1982; 3; 1; 5;   2;    ;    
30957;1982; 3; 1;10;   1;    ;    
30957;1982; 3; 1;20;   2;    ;    
30957;1982; 4; 1; 1;   3;    ;    
30957;1982;11; 1;30;   2;    ;    
30957;1982;12; 1;10;   1;    ;    
30957;1982;12; 1;20;   1;    ;    
30957;1982;12; 1;31;   1;    ;    
30957;1983; 1; 1;10;   2;    ;    
30957;1983; 1; 1;20;   4;    ;    
30957;1983; 1; 1;31;   2;    ;    
30957;1983; 2; 1;10;   2;    ;    
30957;1983; 2; 1;20;   2;    ;    
30957;1983;11; 1;10;   4;0.20;   8
30957;1983;11; 1;20;   1;    ;    
30957;1983;12; 1;10;   0;    ;   0
30957;1983;12; 1;31;   0;    ;   0
30957;1984; 1; 1;31;   1;    ;    
30957;1984; 2; 1;10;   1;    ;    
30957;1984; 3; 1;10;   2;    ;    
30957;1984; 3; 1;29;   3;    ;    
30957;1984; 4; 1; 2;  10;0.12;  12
30957;1984; 4; 1; 5;   8;0.15;  12
30957;1984; 4; 1;26;   4;    ;    
30957;1984; 9; 1;29;   3;    ;    
30957;1984;11; 1;10;   1;    ;    
30957;1984;11; 1;20;   6;0.13;   8
30957;1984;11; 1;30;   4;    ;    
30957;1984;12; 1;10;   4;    ;    
30957;1984;12; 1;20;   4;    ;    
30957;1984;12; 1;31;   4;    ;    
30957;1985; 1; 1;10;   4;    ;    
30957;1985; 1; 1;20;   3;    ;    
30957;1985; 1; 1;31;   3;    ;    
30957;1985; 2; 1;10;   3;    ;    
30957;1985; 2; 1;20;   3;    ;    
30957;1985; 2; 1;28;   3;    ;    
30957;1985; 3; 1; 5;   3;    ;    
30957;1985; 3; 1;10;   4;    ;    
30957;1985;11; 1;20;   8;0.06;   5
30957;1985;11; 1;30;   4;0.14;   6
30957;1985;12; 1;10;   6;0.19;  11
30957;1985;12; 1;20;   6;0.17;  10
30957;1985;12; 1;31;   6;0.16;  10
30957;1986; 1; 1;10;   6;0.18;  11
30957;1986; 1; 1;20;   6;0.19;  11
30957;1986; 1; 1;31;   6;0.19;  11
30957;1986; 2; 1;10;   5;0.19;  10
30957;1986; 2; 1;20;   6;0.19;  11
30957;1986; 2; 1;28;   6;0.22;  13
30957;1986; 3; 1; 5;   1;    ;    
30957;1986; 3; 1;15;   4;0.22;   9
30957;1986; 4; 1;19;   5;0.22;  11
30957;1986;11; 1;20;   3;    ;    
30957;1986;11; 1;30;   3;    ;    
30957;1986;12; 1;10;   2;    ;    
30957;1986;12; 1;20;   4;    ;    
30957;1986;12; 1;31;   4;    ;    
30957;1987; 1; 1;10;   4;    ;    
30957;1987; 1; 1;20;   5;0.20;  10
30957;1987; 1; 1;31;   5;0.19;  10
30957;1987; 2; 1;10;   4;0.21;   8
30957;1987; 2; 1;20;   4;0.21;   8
30957;1987; 3; 1; 1;  11;0.12;  13
30957;1987; 3; 1; 5;   6;0.13;   8
30957;1987; 3; 1;10;   6;0.15;   9
30957;1987; 3; 1;15;   4;0.20;   8
30957;1987; 3; 1;20;   3;0.21;   6
30957;1987;11; 1;10;   4;    ;    
30957;1987;11; 1;20;   4;    ;    
30957;1987;11; 1;30;   3;    ;    
30957;1987;12; 1;10;   3;    ;    
30957;1987;12; 1;20;   3;    ;    
30957;1987;12; 1;31;   2;    ;    
30957;1988; 1; 1;10;   2;    ;    
30957;1988; 1; 1;21;   3;    ;    
30957;1988; 1; 1;31;   2;    ;    
30957;1988; 2; 1;10;   2;    ;    
30957;1988; 2; 1;20;   2;    ;    
30957;1988; 2; 1;29;   1;    ;    
30957;1988; 3; 1; 5;   1;    ;    
30957;1988; 3; 1;17;   2;    ;    
30957;1988; 4; 1;18;   2;    ;    
30957;1988;10; 1;12;   1;    ;    
30957;1988;12; 1;10;   2;    ;    
30957;1988;12; 1;20;   2;    ;    
30957;1988;12; 1;31;   3;    ;    
30957;1989; 1; 1;10;   4;    ;    
30957;1989; 1; 1;20;   4;    ;    
30957;1989; 1; 1;31;   3;    ;    
30957;1989; 2; 1;10;   3;    ;    
30957;1989; 2; 1;20;   2;    ;    
30957;1989; 3; 1;15;   3;    ;    
30957;1989; 4; 1; 6;   4;    ;    
30957;1989; 4; 1;21;   1;    ;    
30957;1989; 4; 1;26;  20;0.12;  24
30957;1989;11; 1;10;   1;    ;    
30957;1989;12; 1;10;   2;    ;    
30957;1989;12; 1;20;   2;    ;    
30957;1989;12; 1;31;   2;    ;    
30957;1990; 1; 1;10;   2;    ;    
30957;1990; 1; 1;20;   3;    ;    
30957;1990; 1; 1;31;   3;    ;    
30957;1990; 2; 1;10;   4;    ;    
30957;1990; 2; 1;20;   5;0.14;   7
30957;1990; 2; 1;28;   3;    ;    
30957;1990; 3; 1; 5;   1;    ;    
30957;1990; 3; 1;22;   7;0.21;  15
30957;1990;10; 1;31;   4;0.12;   5
30957;1990;11; 1;10;   3;    ;    
30957;1990;11; 1;20;   3;    ;    
30957;1990;12; 1;31;   3;    ;    
30957;1991; 1; 1;10;   3;    ;    
30957;1991; 1; 1;20;   3;    ;    
30957;1991; 1; 1;31;   3;    ;    
30957;1991; 2; 1;10;   2;    ;    
30957;1991; 3; 1;10;   1;    ;    
30957;1991; 3; 1;15;   3;    ;    
30957;1991; 3; 1;22;   3;    ;    
30957;1991; 4; 1; 4;   3;    ;    
30957;1991; 4; 1; 8;   4;    ;    
30957;1991; 4; 1;23;   3;    ;    
30957;1991; 5; 1; 7;   4;    ;    
30957;1991;11; 1;10;   1;    ;    
30957;1991;11; 1;30;   1;    ;    
30957;1991;12; 1;10;   4;    ;    
30957;1991;12; 1;20;   3;    ;    
30957;1991;12; 1;31;   3;    ;    
30957;1992; 1; 1;10;   3;    ;    
30957;1992; 1; 1;20;   3;    ;    
30957;1992; 1; 1;31;   4;    ;    
30957;1992; 2; 1;10;   4;    ;    
30957;1992; 2; 1;20;   3;    ;    
30957;1992; 3; 1;18;   0;    ;    
30957;1992; 4; 1; 8;   1;    ;    
30957;1992; 4; 1;22;   3;    ;    
30957;1992; 4; 1;30;   1;    ;    
30957;1992;10; 1; 1;   2;    ;    
30957;1992;10; 1;22;   4;    ;    
30957;1992;10; 1;31;   5;    ;    
30957;1992;11; 1;10;   5;    ;    
30957;1992;11; 1;20;   5;    ;    
30957;1992;11; 1;30;   7;0.15;  11
30957;1992;12; 1;10;   9;0.17;  15
30957;1992;12; 1;20;  11;0.14;  15
30957;1992;12; 1;31;  11;0.14;  15
30957;1993; 1; 1;10;  10;0.15;  15
30957;1993; 1; 1;20;  10;0.15;  15
30957;1993; 1; 1;31;  10;0.15;  15
30957;1993; 2; 1;10;  10;0.14;  14
30957;1993; 2; 1;20;   8;0.16;  13
30957;1993; 2; 1;28;   8;0.18;  14
30957;1993; 3; 1; 5;   6;0.22;  13
30957;1993; 3; 1;10;   4;    ;    
30957;1993; 4; 1; 1;   1;    ;    
30957;1993;11; 1; 5;   3;    ;    
30957;1993;11; 1;20;   1;    ;    
30957;1993;12; 1;10;   0;    ;    
30957;1993;12; 1;20;   2;    ;    
30957;1993;12; 1;31;   2;    ;    
30957;1994; 1; 1;10;   1;    ;    
30957;1994; 1; 1;20;   2;    ;    
30957;1994; 1; 1;31;   2;    ;    
30957;1994; 2; 1;10;   1;    ;    
30957;1994; 2; 1;20;   1;    ;    
30957;1994; 3; 1; 7;   3;    ;    
30957;1994; 3; 1;10;   2;    ;    
30957;1994; 3; 1;23;   1;    ;    
30957;1994;11; 1; 9;   3;    ;    
30957;1994;11; 1;10;   3;    ;    
30957;1994;11; 1;20;   1;    ;    
30957;1994;11; 1;30;   1;    ;    
30957;1994;12; 1;10;   4;    ;    
30957;1994;12; 1;20;   4;    ;    
30957;1994;12; 1;31;   3;    ;    
30957;1995; 1; 1;10;   2;    ;    
30957;1995; 1; 1;20;   1;    ;    
30957;1995; 1; 1;31;   0;    ;    
30957;1995; 2; 1;21;   1;    ;    
30957;1995; 3; 1; 9;   9;0.31;  28
30957;1995; 3; 1;15;   8;0.20;  16
30957;1995; 3; 1;20;   4;    ;    
30957;1995; 4; 1;14;   1;    ;    
30957;1995; 4; 1;22;   8;0.21;  17
30957;1995;10; 1;23;   4;    ;    
30957;1995;10; 1;29;   3;    ;    
30957;1995;10; 1;31;   1;    ;    
30957;1995;11; 1;24;   0;    ;    
30957;1995;12; 1;10;   0;    ;    
30957;1996; 1; 1; 2;   1;    ;    
30957;1996; 1; 1;10;   1;    ;    
30957;1996; 1; 1;20;   2;    ;    
30957;1996; 1; 1;31;   1;    ;    
30957;1996; 2; 1;10;   1;    ;    
30957;1996; 2; 1;14;   3;    ;    
30957;1996; 3; 1; 7;   3;    ;    
30957;1996; 3; 1;24;   1;    ;    
30957;1996; 3; 1;30;   4;    ;    
30957;1996; 4; 1;16;   3;    ;    
30957;1996;10; 1;28;   3;    ;    
30957;1996;10; 1;31;   2;    ;    
30957;1996;11; 1; 9;   2;    ;    
30957;1996;11; 1;10;   2;    ;    
30957;1996;11; 1;20;   0;    ;    
30957;1996;11; 1;30;   1;    ;    
30957;1996;12; 1;10;   0;    ;    
30957;1996;12; 1;20;   2;    ;    
30957;1996;12; 1;31;   3;    ;    
30957;1997; 1; 1;10;   3;    ;    
30957;1997; 1; 3;20;   3;    ;    
30957;1997; 1; 3;31;   3;    ;    
30957;1997; 2; 1;10;   3;    ;    
30957;1997; 2; 3;20;   2;    ;    
30957;1997; 2; 3;28;   1;    ;    
30957;1997; 3; 1;10;   1;    ;    
30957;1997;10; 1;22;   2;    ;    
30957;1997;11; 1;24;   0;    ;    
30957;1997;12; 1;19;   1;    ;    
30957;1997;12; 3;31;   1;    ;    
30957;1998; 1; 1;11;   2;    ;    
30957;1998; 1; 3;20;   2;    ;    
30957;1998; 1; 3;31;   1;    ;    
30957;1998; 2; 1;10;   1;    ;    
30957;1998; 3; 1;17;   3;    ;    
30957;1998; 3; 3;20;   2;    ;    
30957;1998;10; 1;14;   1;    ;    
30957;1998;10; 3;23;   1;    ;    
30957;1998;10; 3;29;   1;    ;    
30957;1998;11; 1; 1;   0;    ;    
30957;1998;11; 3; 3;   0;    ;    
30957;1998;11; 3;11;   1;    ;    
30957;1998;11; 3;15;   3;    ;    
30957;1998;11; 3;21;   2;    ;    
30957;1998;12; 1;11;   2;    ;    
30957;1998;12; 3;20;   2;    ;    
30957;1998;12; 3;31;   2;    ;    
30957;1999; 1; 1;10;   2;    ;    
30957;1999; 1; 3;20;   2;    ;    
30957;1999; 1; 3;31;   2;    ;    
30957;1999; 2; 1;10;   1;    ;    
30957;1999; 2; 3;20;   1;    ;    
30957;1999; 3; 1;17;   1;    ;    
30957;1999;10; 1;25;   3;    ;    
30957;1999;11; 1;23;   3;    ;    
30957;1999;11; 3;30;   2;    ;    
30957;1999;12; 1;10;   2;    ;    
30957;1999;12; 3;20;   2;    ;    
30957;1999;12; 3;31;   2;    ;    
30957;2000; 1; 1;10;   3;    ;    
30957;2000; 1; 3;20;   4;    ;    
30957;2000; 1; 3;31;   4;    ;    
30957;2000; 2; 1;10;   3;    ;    
30957;2000; 2; 3;20;   3;    ;    
30957;2000; 2; 3;29;   2;    ;    
30957;2000; 3; 1;22;   5;    ;    
30957;2000; 3; 3;25;   0;    ;    
30957;2000;10; 1;18;   1;    ;    
30957;2000;11; 1; 4;  10;0.12;  12
30957;2000;11; 3;10;   5;    ;    
30957;2000;11; 3;20;   4;    ;    
30957;2000;11; 3;30;   3;    ;    
30957;2000;12; 1;10;   4;    ;    
30957;2000;12; 3;20;   4;    ;    
30957;2000;12; 3;31;   4;    ;    
30957;2001; 1; 1;10;  11;0.18;  20
30957;2001; 1; 3;20;  12;0.14;  17
30957;2001; 1; 3;31;  12;0.17;  20
30957;2001; 2; 1;10;   8;0.15;  12
30957;2001; 2; 3;20;   6;0.20;  12
30957;2001; 2; 3;28;   7;0.12;   8
30957;2001; 3; 1; 5;   7;0.15;  11
30957;2001; 3; 3;10;   8;0.14;  11
30957;2001; 3; 3;15;   7;0.15;  11
30957;2001; 3; 3;20;   5;    ;    
30957;2001; 3; 3;25;   3;    ;    
30957;2001; 4; 1;10;   2;    ;    
30957;2001; 5; 1; 3;   4;    ;    
30957;2001; 5; 3; 7;   1;    ;    
30957;2001;10; 1;31;   7;0.09;   6
30957;2001;11; 1;10;   3;    ;    
30957;2001;11; 3;24;   3;    ;    
30957;2001;11; 3;30;   3;    ;    
30957;2001;12; 1;10;   2;    ;    
30957;2001;12; 3;20;   3;    ;    
30957;2001;12; 3;31;   2;    ;    
30957;2002; 1; 1;10;   3;    ;    
30957;2002; 1; 3;20;   7;0.16;  11
30957;2002; 1; 3;31;   4;    ;    
30957;2002; 2; 1;10;   3;    ;    
30957;2002; 2; 3;20;   3;    ;    
30957;2002; 3; 1;20;   5;    ;    
30957;2002; 4; 1; 1;   3;    ;    
30957;2002; 4; 3; 7;  18;0.15;  27
30957;2002; 4; 3;10;  14;0.23;  32
30957;2002; 4; 3;21;   4;    ;    
30957;2002;10; 1;24;   2;    ;    
30957;2002;10; 3;31;   1;    ;    
30957;2002;11; 1;10;   2;    ;    
30957;2002;11; 3;20;   1;    ;    
30957;2002;11; 3;30;   1;    ;    
30957;2002;12; 1;10;   1;    ;    
30957;2002;12; 3;20;   1;    ;    
30957;2002;12; 3;31;   1;    ;    
30957;2003; 1; 1;10;   1;    ;    
30957;2003; 1; 3;20;   1;    ;    
30957;2003; 1; 3;31;   2;    ;    
30957;2003; 2; 1;10;   1;    ;    
30957;2003; 2; 3;24;   1;    ;    
30957;2003; 2; 3;28;   2;    ;    
30957;2003; 3; 1; 5;   1;    ;    
30957;2003; 4; 1; 6;   4;    ;    
30957;2003; 4; 3;15;   3;    ;    
30957;2003; 4; 3;29;   2;    ;    
30957;2003;11; 1; 1;   4;    ;    
30957;2003;11; 3;10;   3;    ;    
30957;2003;11; 3;20;   4;    ;    
30957;2003;11; 3;30;  11;    ;    
30957;2003;12; 1;10;  11;    ;    
30957;2003;12; 3;20;  12;0.15;  18
30957;2003;12; 3;31;  12;0.15;  18
30957;2004; 1; 1;10;  11;0.16;  18
30957;2004; 1; 3;20;  10;0.17;  17
30957;2004; 1; 3;31;  10;0.18;  18
30957;2004; 2; 1;10;  11;0.19;  21
30957;2004; 2; 3;20;  10;0.18;  18
30957;2004; 2; 3;29;   8;0.18;  14
30957;2004; 3; 1; 5;   9;0.18;  16
30957;2004; 3; 3;10;  12;0.23;  28
30957;2004; 3; 3;15;   4;    ;    
30957;2004; 3; 3;20;   3;    ;    
30957;2004; 4; 1;12;   3;    ;    
30957;2004;11; 1; 7;   0;    ;    
30957;2004;11; 3;10;   7;0.13;   9
30957;2004;11; 3;20;   2;    ;    
30957;2004;11; 3;30;   2;    ;    
30957;2004;12; 1;10;   6;0.12;   7
30957;2004;12; 3;20;   5;0.14;   7
30957;2004;12; 3;30;   5;0.12;   6
30957;2005; 1; 1;10;   4;    ;    
30957;2005; 1; 3;20;   5;    ;    
30957;2005; 1; 3;31;   4;    ;    
30957;2005; 2; 1;10;   5;0.11;   6
30957;2005; 2; 3;20;   6;0.13;   8
30957;2005; 2; 3;28;   5;    ;    
30957;2005; 3; 1; 5;   4;    ;    
30957;2005; 3; 3;10;   3;    ;    
30957;2005; 3; 3;15;   2;    ;    
30957;2005; 4; 1; 6;   8;0.18;  14
30957;2005; 4; 3;19;   2;    ;    
30957;2005;11; 1; 6;   2;    ;    
30957;2005;12; 1; 1;   1;    ;    
30957;2005;12; 3;11;   1;    ;    
30957;2005;12; 3;30;   3;    ;    
30957;2006; 1; 1;10;   3;    ;    
30957;2006; 1; 1;20;   2;    ;    
30957;2006; 1; 1;31;   2;    ;    
30957;2006; 2; 1;10;   3;    ;    
30957;2006; 2; 1;20;   2;    ;    
30957;2006; 2; 1;28;   1;    ;    
30957;2006; 3; 1; 5;   1;    ;    
30957;2006; 3; 3;17;   8;0.11;   9
30957;2006; 4; 1; 7;   2;    ;    
30957;2006; 4; 3;10;   4;    ;    
30957;2006; 4; 3;17;   8;0.11;   9
30957;2006; 4; 3;20;   5;    ;    
30957;2006;10; 1;14;   3;    ;    
30957;2006;12; 1; 8;   1;    ;    
30957;2006;12; 1;10;   1;    ;    
30957;2006;12; 1;20;   1;    ;    
30957;2006;12; 1;30;   1;    ;    
30957;2007; 1; 1;10;   2;    ;    
30957;2007; 1; 1;20;   2;    ;    
30957;2007; 1; 1;31;   2;    ;    
30957;2007; 3; 1; 9;   1;    ;    
30957;2007; 3; 1;23;   4;    ;    
30957;2007; 3; 1;25;   3;    ;    
30957;2007; 3; 1;30;   2;    ;    
30957;2007; 3; 1;31;   1;    ;    
30957;2007; 4; 1;16;   4;    ;    
30957;2007;10; 1;30;   2;    ;    
30957;2007;11; 1;22;   2;    ;    
30957;2007;12; 1; 2;   2;    ;    
30957;2007;12; 1;10;   2;    ;    
30957;2007;12; 1;20;   2;    ;    
30957;2007;12; 1;30;   4;    ;    
30957;2008; 1; 1;10;   4;    ;    
30957;2008; 1; 1;20;   3;    ;    
30957;2008; 1; 1;31;   3;    ;    
30957;2008; 2; 1;10;   4;    ;    
30957;2008; 2; 1;20;   2;    ;    
30957;2008; 3; 1; 9;   2;    ;    
30957;2008; 4; 1; 8;   5;    ;    
30957;2008;10; 1;22;   7;0.11;   8
30957;2008;10; 1;30;   1;    ;    
30957;2008;12; 1;28;   2;    ;    
30957;2008;12; 1;30;   2;    ;    
30957;2009; 1; 1;10;   2;    ;    
30957;2009; 1; 1;20;   3;    ;    
30957;2009; 1; 1;31;   2;    ;    
30957;2009; 2; 1;10;   1;    ;    
30957;2009; 2; 1;20;   2;    ;    
30957;2009; 2; 1;28;   1;    ;    
30957;2009; 3; 1;12;   1;    ;    
30957;2009; 3; 1;17;   4;    ;    
30957;2009; 3; 1;20;   1;    ;    
30957;2009;10; 1;18;   2;    ;    
30957;2009;10; 1;20;   1;    ;    
30957;2009;10; 1;24;   5;0.10;   5
30957;2009;11; 1; 7;  10;0.17;  17
30957;2009;11; 1;10;   5;    ;    
30957;2009;11; 1;20;   7;0.07;   5
30957;2009;11; 1;30;   9;0.06;   5
30957;2009;12; 1;10;  15;0.07;  11
30957;2009;12; 1;20;  13;0.06;   8
30957;2009;12; 1;30;  11;0.07;   8
30957;2010; 1; 1;10;  16;0.07;  11
30957;2010; 1; 1;20;  14;0.11;  15
30957;2010; 1; 1;31;  12;0.06;   7
30957;2010; 2; 1;10;  15;    ;    
30957;2010; 2; 1;20;  15;    ;    
30957;2010; 2; 1;28;  13;    ;    
30957;2010; 3; 1; 5;  15;0.10;  15
30957;2010; 3; 1;10;  15;0.08;  12
30957;2010; 3; 1;15;  15;0.08;  12
30957;2010; 3; 1;20;  14;0.10;  14
30957;2010; 3; 1;25;  14;0.09;  13
30957;2010; 3; 1;31;  14;0.09;  13
30957;2010; 4; 1; 5;  13;0.12;  16
30957;2010;10; 1; 9;   2;    ;    
30957;2010;10; 1;22;   5;    ;    
30957;2010;11; 1;11;   2;    ;    
30957;2010;11; 1;13;   1;    ;    
30957;2010;11; 1;24;   1;    ;    
30957;2010;11; 1;30;   1;    ;    
30957;2010;12; 1;10;   7;0.09;   6
30957;2010;12; 1;20;   4;    ;    
30957;2010;12; 1;30;   4;    ;    
30957;2011; 1; 1;10;   4;    ;    
30957;2011; 1; 1;20;   4;    ;    
30957;2011; 1; 1;31;   4;    ;    
30957;2011; 2; 1;10;   4;    ;    
30957;2011; 2; 1;20;   3;    ;    
30957;2011; 2; 1;28;   3;    ;    
30957;2011; 3; 1; 5;   2;    ;    
30957;2011; 3; 1;15;   4;    ;    
30957;2011; 3; 1;20;   1;    ;    
30957;2011;10; 1;22;   9;0.11;  10
30957;2011;11; 1; 1;   4;    ;    
30957;2011;11; 1;11;   1;    ;    
30957;2011;11; 1;20;   2;    ;    
30957;2011;11; 1;30;   1;    ;    
30957;2011;12; 1;10;   1;    ;    
30957;2011;12; 1;20;   1;    ;    
30957;2011;12; 1;30;   4;    ;    
30957;2012; 1; 1;10;   3;    ;    
30957;2012; 1; 1;20;   4;    ;    
30957;2012; 1; 1;31;   3;    ;    
30957;2012; 2; 1;10;   4;    ;    
30957;2012; 2; 1;20;   2;    ;    
30957;2012; 2; 1;29;   2;    ;    
30957;2012; 4; 1; 4;   1;    ;    
30957;2012; 4; 1;20;   2;    ;    
30957;2012;10; 1;13;  22;0.14;  31
30957;2012;10; 1;20;  11;0.21;  23
30957;2012;10; 1;31;   9;0.23;  21
30957;2012;11; 1;10;  16;0.16;  26
30957;2012;11; 1;20;  13;0.20;  26
30957;2012;11; 1;30;  12;0.22;  26
30957;2012;12; 1;10;  14;0.24;  34
30957;2012;12; 1;20;  17;0.22;  37
30957;2012;12; 1;30;  15;0.22;  33
30957;2013; 1; 1;10;  14;0.21;  29
30957;2013; 1; 1;20;  13;0.18;  23
30957;2013; 1; 1;31;  12;0.22;  26
30957;2013; 2; 1;10;  12;0.23;  28
30957;2013; 2; 1;20;  13;0.21;  27
30957;2013; 2; 1;28;  13;0.21;  27
30957;2013; 3; 1; 5;  12;0.20;  24
30957;2013; 3; 1;10;  15;0.18;  27
30957;2013; 3; 1;15;  15;0.20;  30
30957;2013; 3; 1;20;  11;0.22;  24
30957;2013; 3; 1;25;  10;0.23;  23
30957;2013; 3; 1;31;   6;0.15;   9
30957;2013; 4; 1; 5;   1;    ;    
30957;2013;11; 1; 6;   2;    ;    
30957;2013;11; 1;14;   2;    ;    
30957;2013;11; 1;20;   4;    ;    
30957;2013;11; 1;30;   1;    ;    
30957;2013;12; 1; 7;   3;    ;    
30957;2013;12; 1;10;   5;0.07;   4
30957;2013;12; 1;20;   5;    ;    
30957;2013;12; 1;30;   4;    ;    
30957;2014; 1; 1;10;   4;    ;    
30957;2014; 1; 1;20;   5;0.12;   6
30957;2014; 1; 1;31;   5;0.12;   6
30957;2014; 2; 1;10;   4;    ;    
30957;2014; 2; 1;20;   3;    ;    
30957;2014; 2; 1;28;   2;    ;    
30957;2014;11; 1;20;   3;    ;    
30957;2014;12; 1;17;   2;    ;    
30957;2014;12; 1;20;   1;    ;    
30957;2014;12; 1;29;   2;    ;    
30957;2014;12; 1;30;   2;    ;    
30957;2015; 1; 1;10;   1;    ;    
30957;2015; 1; 1;20;   4;    ;    
30957;2015; 1; 1;31;   3;    ;    
30957;2015; 2; 1;10;   1;    ;    
30957;2015; 2; 1;28;   1;    ;    
30957;2015; 5; 1; 7;   1;    ;    
30957;2015;10; 1;26;   5;0.11;   6
30957;2015;10; 1;31;   2;    ;    
30957;2015;11; 1;30;   1;    ;    
30957;2015;12; 1;10;   4;    ;    
30957;2015;12; 1;20;   4;    ;    
30957;2015;12; 1;30;   4;    ;    
30957;2016; 1; 1;10;   4;    ;    
30957;2016; 1; 1;20;   4;    ;    
30957;2016; 1; 1;31;   4;    ;    
30957;2016; 2; 1;10;   3;    ;    
30957;2016; 2; 1;20;   1;    ;    
30957;2016; 3; 1; 5;  12;0.10;  12
30957;2016; 3; 1;10;  10;0.14;  14
30957;2016; 3; 1;15;   3;    ;    
30957;2016; 4; 1;24;  14;0.07;  10
30957;2016;10; 1;16;   2;    ;    
30957;2016;10; 1;18;   2;    ;    
30957;2016;10; 1;19;   4;    ;    
30957;2016;10; 1;20;   5;0.11;   6
30957;2016;10; 1;31;   1;    ;    
30957;2016;11; 1;10;   9;0.13;  12
30957;2016;11; 1;20;   8;0.12;  10
30957;2016;11; 1;30;   8;0.10;   8
30957;2016;12; 1;10;   7;0.11;   8
30957;2016;12; 1;20;   7;0.13;   9
30957;2016;12; 1;30;   7;0.14;  10
30957;2017; 1; 1;10;   7;0.14;  10
30957;2017; 1; 1;20;   6;0.15;   9
30957;2017; 1; 1;31;   7;0.13;   9
30957;2017; 2; 1;10;   6;0.11;   7
30957;2017; 2; 1;20;  10;0.12;  12
30957;2017; 2; 1;28;   7;0.12;   8
30957;2017; 3; 1; 5;   6;0.15;   9
30957;2017; 3; 1;10;   7;0.14;  10
30957;2017; 3; 1;15;   2;    ;    
30957;2017; 4; 1; 5;   3;    ;    
30957;2017; 4; 1;17;   1;    ;    
30957;2017;12; 1; 5;   1;    ;    
30957;2017;12; 1;10;   3;    ;    
30957;2017;12; 1;20;   4;    ;    
30957;2017;12; 1;30;   6;0.13;   8
30957;2018; 1; 1;10;   7;0.14;  10
30957;2018; 1; 1;20;   6;0.18;  11
30957;2018; 1; 1;31;   6;0.20;  12
30957;2018; 2; 1;10;   5;0.21;  11
30957;2018; 2; 1;20;   5;0.20;  10
30957;2018; 2; 1;28;   6;0.16;  10
30957;2018; 3; 1; 5;   9;0.13;  12
30957;2018; 3; 1;10;   7;0.14;  10
30957;2018; 3; 1;15;   8;0.14;  11
30957;2018; 4; 1;13;   3;    ;    
30957;2018;10; 1;22;   2;    ;    
30957;2018;10; 1;25;   9;0.08;   7
30957;2018;11; 1;20;   2;    ;    
30957;2018;11; 1;30;   2;    ;    
