31788;1966; 1; 1;10;  30;0.15;  45
31788;1966; 1; 1;20;  34;0.17;  58
31788;1966; 1; 1;31;  34;0.17;  58
31788;1966; 2; 1;10;  52;0.18;  94
31788;1966; 2; 1;15;  45;0.19;  86
31788;1966; 2; 1;20;  45;0.19;  86
31788;1966; 2; 1;25;  44;0.19;  84
31788;1966; 2; 1;28;  40;0.20;  80
31788;1966; 3; 1; 5;  39;0.22;  86
31788;1966; 3; 1;10;  36;0.23;  83
31788;1966; 3; 1;15;  23;0.24;  55
31788;1966; 3; 1;20;  27;0.26;  70
31788;1966; 3; 1;25;  31;0.26;  81
31788;1966; 3; 1;31;  19;0.31;  59
31788;1966; 4; 1; 5;   5;0.35;  18
31788;1966;11; 1;10;   8;0.13;  10
31788;1966;11; 1;20;   9;0.13;  12
31788;1966;11; 1;30;   3;    ;    
31788;1966;12; 1;10;   2;    ;    
31788;1966;12; 1;20;   3;    ;    
31788;1966;12; 1;31;   3;    ;    
31788;1967; 1; 1;10;   7;0.16;  11
31788;1967; 1; 1;20;  10;0.14;  14
31788;1967; 1; 1;31;   8;0.19;  15
31788;1967; 2; 1;10;   7;0.18;  13
31788;1967; 2; 1;15;   7;0.19;  13
31788;1967; 2; 1;20;   6;0.19;  11
31788;1967; 2; 1;25;   8;0.14;  11
31788;1967; 2; 1;28;   6;0.14;   8
31788;1967; 3; 1; 5;   1;    ;    
31788;1967; 3; 1;20;   1;    ;    
31788;1967; 4; 1; 5;  21;0.19;  40
31788;1967;11; 1;10;  11;0.11;  12
31788;1967;11; 1;20;  12;0.11;  13
31788;1967;11; 1;30;  17;0.14;  24
31788;1967;12; 1;10;  24;0.12;  29
31788;1967;12; 1;20;  26;0.16;  42
31788;1967;12; 1;31;  46;0.19;  87
31788;1968; 1; 1;10;  43;0.14;  60
31788;1968; 1; 1;20;  54;0.17;  92
31788;1968; 1; 1;31;  50;0.17;  85
31788;1968; 2; 1;10;  50;0.17;  85
31788;1968; 2; 1;15;  49;0.18;  88
31788;1968; 2; 1;20;  49;0.18;  88
31788;1968; 2; 1;25;  56;0.18; 101
31788;1968; 2; 1;29;  59;0.18; 106
31788;1968; 3; 1; 5;  64;0.16; 102
31788;1968; 3; 1;10;  62;0.18; 112
31788;1968; 3; 1;15;  61;0.19; 116
31788;1968; 3; 1;20;  59;0.21; 124
31788;1968; 3; 1;25;  50;0.19;  95
31788;1968; 3; 1;31;  17;0.39;  66
31788;1968;11; 1;20;  24;0.15;  36
31788;1968;11; 1;30;  21;0.19;  40
31788;1968;12; 1;10;  16;0.25;  40
31788;1968;12; 1;20;  16;0.28;  45
31788;1968;12; 1;31;  21;0.29;  61
31788;1969; 1; 1;10;  20;0.23;  46
31788;1969; 1; 1;20;  22;0.24;  53
31788;1969; 1; 1;31;  22;0.24;  53
31788;1969; 2; 1;10;  26;0.24;  62
31788;1969; 2; 1;15;  25;0.23;  58
31788;1969; 2; 1;20;  25;0.23;  58
31788;1969; 2; 1;25;  24;0.23;  55
31788;1969; 2; 1;28;  22;0.24;  53
31788;1969; 3; 1; 5;  22;0.25;  55
31788;1969; 3; 1;10;  26;0.23;  60
31788;1969; 3; 1;15;  26;0.23;  60
31788;1969; 3; 1;20;  15;0.29;  44
31788;1969; 3; 1;25;  14;0.33;  46
31788;1969;10; 1;10;   2;    ;    
31788;1969;11; 1;20;  17;0.10;  17
31788;1969;11; 1;30;  13;0.13;  17
31788;1969;12; 1;10;  22;0.11;  24
31788;1969;12; 1;20;  20;0.12;  24
31788;1969;12; 1;31;  21;0.13;  27
31788;1970; 1; 1;10;  24;0.14;  34
31788;1970; 1; 1;20;  32;0.14;  45
31788;1970; 1; 1;31;  34;0.15;  51
31788;1970; 2; 1; 5;    ;    ;   0
31788;1970; 2; 1;10;  42;0.18;  76
31788;1970; 2; 1;15;  39;0.18;  70
31788;1970; 2; 1;20;  40;0.20;  80
31788;1970; 2; 1;25;  37;0.20;  74
31788;1970; 2; 1;28;  39;0.20;  78
31788;1970; 3; 1; 5;  39;0.20;  78
31788;1970; 3; 1;10;  39;0.20;  78
31788;1970; 3; 1;15;  40;0.21;  84
31788;1970; 3; 1;20;  48;0.21; 101
31788;1970; 3; 1;25;  40;0.22;  88
31788;1970; 3; 1;31;  25;0.28;  70
31788;1970;10; 1;31;   9;0.10;   9
31788;1970;11; 1;20;   4;    ;    
31788;1970;11; 1;30;  12;0.10;  12
31788;1970;12; 1;10;  15;0.12;  18
31788;1970;12; 1;20;  12;0.12;  14
31788;1970;12; 1;31;  13;0.15;  20
31788;1971; 1; 1;10;  16;0.14;  22
31788;1971; 1; 1;20;  12;0.12;  14
31788;1971; 1; 1;31;  17;0.14;  24
31788;1971; 2; 1;10;  22;0.15;  33
31788;1971; 2; 1;15;  20;0.15;  30
31788;1971; 2; 1;20;  28;0.15;  42
31788;1971; 2; 1;25;  32;0.15;  48
31788;1971; 2; 1;28;  33;0.15;  50
31788;1971; 3; 1; 5;  36;0.16;  58
31788;1971; 3; 1;10;  38;0.17;  65
31788;1971; 3; 1;15;  35;0.18;  63
31788;1971; 3; 1;20;  31;0.19;  59
31788;1971; 3; 1;25;  33;0.19;  63
31788;1971; 3; 1;31;   1;    ;    
31788;1971; 4; 1; 5;   2;    ;    
31788;1971;11; 1;20;   2;    ;    
31788;1971;11; 1;30;   7;0.11;   8
31788;1971;12; 1;10;  18;0.11;  20
31788;1971;12; 1;20;  16;0.13;  21
31788;1971;12; 1;31;  16;0.13;  21
31788;1973; 1; 1;10;  34;0.22;  75
31788;1973; 1; 1;20;  38;0.22;  84
31788;1973; 1; 1;31;  32;0.22;  70
31788;1973; 2; 1;10;  44;0.22;  97
31788;1973; 2; 1;15;  41;0.22;  90
31788;1973; 2; 1;20;  42;0.22;  92
31788;1973; 2; 1;25;  42;0.22;  92
31788;1973; 2; 1;28;  43;0.22;  95
31788;1973; 3; 1; 5;  42;0.22;  92
31788;1973; 3; 1;10;  40;0.22;  88
31788;1973; 3; 1;15;  36;2.30;  83
31788;1973; 3; 1;20;  33;0.24;  79
31788;1973; 3; 1;25;  27;0.24;  65
31788;1973; 3; 1;31;  26;0.36;  94
31788;1973; 4; 1; 5;  21;0.36;  76
31788;1973; 4; 1;10;   1;    ;    
31788;1973;11; 1;20;  10;0.11;  11
31788;1973;11; 1;30;   9;0.12;  11
31788;1973;12; 1;10;  11;0.12;  13
31788;1973;12; 1;20;  12;0.15;  18
31788;1973;12; 1;31;  24;0.16;  38
31788;1974; 2; 1;10;  30;0.16;  48
31788;1974; 2; 1;15;  30;0.16;  48
31788;1974; 2; 1;20;  33;0.16;  53
31788;1974; 2; 1;25;  33;0.16;  53
31788;1974; 2; 1;28;  32;0.17;  54
31788;1974; 3; 1; 5;  30;0.18;  54
31788;1974; 3; 1;10;  33;0.19;  63
31788;1974; 3; 1;15;  34;0.21;  71
31788;1974; 3; 1;20;  28;0.22;  62
31788;1974; 3; 1;25;  26;0.23;  60
31788;1974; 3; 1;31;   9;0.24;  22
31788;1974; 4; 1; 5;   3;    ;    
31788;1974;12; 1;10;  12;0.24;  29
31788;1974;12; 1;20;  12;0.25;  30
31788;1974;12; 1;31;  17;0.26;  44
31788;1975; 1; 1;10;  19;0.27;  51
31788;1975; 1; 1;20;  28;0.27;  76
31788;1975; 1; 1;31;  25;0.27;  68
31788;1975; 3; 1; 5;  28;0.30;  84
31788;1975; 3; 1;10;  24;0.26;  62
31788;1975; 3; 1;15;   8;0.25;  20
31788;1975; 3; 1;20;   1;    ;    
31788;1975; 3; 1;25;   1;    ;    
31788;1975; 3; 1;30;    ;    ;   0
31788;1975;11; 1;10;    ;    ;   0
31788;1975;11; 1;20;  24;0.12;  29
31788;1975;11; 1;31;    ;    ;   0
31788;1975;12; 1;10;    ;    ;   0
31788;1975;12; 2;20;   9;0.15;  14
31788;1975;12; 2;31;    ;    ;   0
31788;1976; 1; 1;10;  17;0.17;  29
31788;1976; 1; 2;20;  21;0.17;  36
31788;1976; 1; 2;31;  20;0.17;  34
31788;1976; 2; 1; 5;    ;    ;   0
31788;1976; 2; 2;10;  20;0.22;  44
31788;1976; 2; 2;15;  20;0.22;  44
31788;1976; 2; 2;20;  20;0.23;  46
31788;1976; 2; 2;25;  21;0.23;  48
31788;1976; 2; 2;28;  21;0.24;  50
31788;1976; 3; 1; 5;  21;0.24;  50
31788;1976; 3; 2;10;  12;0.28;  34
31788;1976; 3; 2;15;   1;    ;    
31788;1976; 3; 2;20;   1;    ;    
31788;1976; 3; 2;25;   1;    ;    
31788;1976; 3; 2;30;    ;    ;   0
31788;1976; 4; 1; 5;    ;    ;   0
31788;1976; 4; 1;10;   1;    ;    
31788;1976; 4; 1;15;    ;    ;   0
31788;1976; 4; 1;20;    ;    ;   0
31788;1976; 4; 1;25;    ;    ;   0
31788;1976; 4; 1;30;    ;    ;   0
31788;1976;11; 1;10;    ;    ;   0
31788;1976;11; 1;20;   2;    ;    
31788;1976;11; 1;31;   6;0.15;   9
31788;1976;12; 1;10;  17;0.16;  27
31788;1976;12; 2;20;  21;0.18;  38
31788;1976;12; 2;31;  22;0.19;  42
31788;1977; 1; 1;10;  16;0.21;  34
31788;1977; 1; 1;20;  20;0.21;  42
31788;1977; 1; 1;31;  18;0.21;  38
31788;1977; 2; 1;10;  20;0.22;  44
31788;1977; 2; 1;15;  20;0.22;  44
31788;1977; 2; 1;20;  20;0.23;  46
31788;1977; 2; 1;25;  21;0.23;  48
31788;1977; 2; 1;28;  21;0.24;  50
31788;1977; 3; 1; 5;  21;0.24;  50
31788;1977; 3; 1;10;  12;0.28;  34
31788;1977; 3; 1;15;   1;    ;    
31788;1977; 3; 1;20;   1;    ;    
31788;1977; 3; 1;25;   1;    ;    
31788;1977; 4; 1;10;   1;    ;    
31788;1977;11; 1;30;  14;0.14;  20
31788;1977;12; 1;10;  17;0.13;  22
31788;1977;12; 1;20;  26;0.14;  36
31788;1977;12; 1;31;  25;0.15;  38
31788;1978; 1; 1;10;  22;0.15;  33
31788;1978; 1; 1;20;  25;0.17;  43
31788;1978; 1; 1;31;  24;0.18;  43
31788;1978; 2; 1;10;  24;0.17;  41
31788;1978; 2; 1;20;  25;0.17;  43
31788;1978; 2; 1;25;  25;0.17;  43
31788;1978; 2; 1;28;  24;0.19;  46
31788;1978; 3; 1; 5;  27;0.19;  51
31788;1978; 3; 1;10;  19;0.21;  40
31788;1978; 3; 1;15;  36;0.21;  76
31788;1978; 3; 1;20;  27;0.23;  62
31788;1978; 3; 1;25;  12;0.27;  32
31788;1978; 3; 1;31;   0;    ;   0
31788;1978; 4; 1;10;   0;    ;   0
31788;1978; 4; 1;20;   0;    ;   0
31788;1978;11; 1;20;  13;0.10;  13
31788;1978;11; 1;30;  13;0.11;  14
31788;1978;12; 1;10;  22;0.16;  35
31788;1978;12; 1;20;  22;0.17;  37
31788;1978;12; 1;31;  23;0.17;  39
31788;1979; 1; 1;10;  27;0.17;  46
31788;1979; 1; 1;20;  28;0.18;  50
31788;1979; 1; 1;31;  28;0.18;  50
31788;1979; 2; 1;10;  29;0.17;  49
31788;1979; 2; 1;15;  37;0.17;  63
31788;1979; 2; 1;20;  37;0.18;  67
31788;1979; 2; 1;25;  37;0.19;  70
31788;1979; 2; 1;28;  31;0.18;  56
31788;1979; 3; 1; 5;  17;0.19;  32
31788;1979; 3; 1;10;  10;0.20;  20
31788;1979; 3; 1;15;   9;0.20;  18
31788;1979; 3; 1;20;  14;0.11;  15
31788;1979; 3; 1;25;   2;0.00;   0
31788;1979; 3; 1;31;   2;0.00;   0
31788;1979;10; 1;31;   1;    ;    
31788;1979;11; 1;20;  10;0.15;  15
31788;1979;11; 1;30;  23;0.16;  37
31788;1979;12; 1;10;  24;0.16;  38
31788;1979;12; 1;20;  20;0.20;  40
31788;1979;12; 1;31;  20;0.22;  44
31788;1980; 1; 1;10;  19;0.22;  42
31788;1980; 1; 1;20;  20;0.22;  44
31788;1980; 1; 1;31;  24;0.22;  53
31788;1980; 2; 1;10;  24;0.22;  53
31788;1980; 2; 1;20;  26;0.23;  60
31788;1980; 2; 1;25;  23;0.24;  55
31788;1980; 2; 1;29;  22;0.27;  59
31788;1980; 3; 1; 5;  24;0.27;  65
31788;1980; 3; 1;10;  26;0.27;  70
31788;1980; 3; 1;15;  24;0.27;  65
31788;1980; 3; 1;20;  23;0.27;  62
31788;1980; 3; 1;25;  17;0.18;  31
31788;1980; 4; 1;10;   0;0.00;   0
31788;1980;11; 1;10;   1;    ;    
31788;1980;11; 1;20;   2;    ;    
31788;1980;12; 1;10;   8;0.19;  15
31788;1980;12; 1;20;  35;0.14;  49
31788;1980;12; 1;31;  38;0.15;  57
31788;1981; 1; 1;10;  32;0.17;  54
31788;1981; 1; 1;20;  32;0.17;  54
31788;1981; 1; 1;31;  31;0.19;  59
31788;1981; 2; 1;10;  29;0.19;  55
31788;1981; 2; 1;15;  32;0.19;  61
31788;1981; 2; 1;20;  31;0.19;  59
31788;1981; 2; 1;25;  32;0.20;  64
31788;1981; 2; 1;28;  32;0.20;  64
31788;1981; 3; 1; 5;  33;0.20;  66
31788;1981; 3; 1;10;  30;0.20;  60
31788;1981; 3; 1;15;  38;0.20;  76
31788;1981; 3; 1;20;  31;0.26;  81
31788;1981; 3; 1;25;  24;0.24;  58
31788;1981; 3; 1;31;   2;    ;    
31788;1981; 4; 1;15;   1;    ;    
31788;1981;10; 1;10;   1;    ;    
31788;1981;10; 1;31;   0;    ;   0
31788;1981;11; 1;10;   8;0.19;  15
31788;1981;11; 1;20;  14;0.14;  20
31788;1981;11; 1;30;  15;0.14;  21
31788;1981;12; 1;10;  17;0.14;  24
31788;1981;12; 1;20;  23;0.16;  37
31788;1981;12; 1;31;  26;0.16;  42
31788;1982; 1; 1;10;  26;0.16;  42
31788;1982; 1; 1;20;  38;0.17;  65
31788;1982; 1; 1;31;  35;0.17;  60
31788;1982; 2; 1;10;  33;0.19;  63
31788;1982; 2; 1;15;  36;0.19;  68
31788;1982; 2; 1;20;  36;0.19;  68
31788;1982; 2; 1;25;  37;0.20;  74
31788;1982; 2; 1;28;  39;0.20;  78
31788;1982; 3; 1; 5;  36;0.20;  72
31788;1982; 3; 1;10;  34;0.20;  68
31788;1982; 3; 1;15;  33;0.23;  76
31788;1982; 3; 1;20;  29;0.24;  70
31788;1982; 3; 1;25;  37;0.26;  96
31788;1982; 3; 1;31;  21;0.28;  59
31788;1982; 4; 1; 5;   1;    ;    
31788;1982;11; 1;20;   2;    ;    
31788;1982;11; 1;30;  13;0.14;  18
31788;1982;12; 1;10;  13;0.14;  18
31788;1982;12; 1;20;  15;0.14;  21
31788;1982;12; 1;31;  18;0.14;  25
31788;1983; 1; 1;10;  20;0.14;  28
31788;1983; 1; 1;20;  20;0.15;  30
31788;1983; 1; 1;31;  20;0.16;  32
31788;1983; 2; 1;10;  20;0.16;  32
31788;1983; 2; 1;15;  21;0.18;  38
31788;1983; 2; 1;20;  21;0.19;  40
31788;1983; 2; 1;25;  20;0.19;  38
31788;1983; 2; 1;28;  21;0.19;  40
31788;1983; 3; 1; 5;  19;0.20;  38
31788;1983; 3; 1;10;  13;0.20;  26
31788;1983; 3; 1;15;   8;0.21;  17
31788;1983; 3; 1;20;   3;    ;    
31788;1983; 3; 1;25;   1;    ;    
31788;1983;11; 1;20;  23;0.15;  35
31788;1983;11; 1;30;  19;0.17;  32
31788;1983;12; 1;10;  24;0.17;  41
31788;1983;12; 1;20;  25;0.17;  43
31788;1983;12; 1;31;  28;0.17;  48
31788;1984; 1; 1;10;  31;0.17;  53
31788;1984; 1; 1;20;  32;0.17;  54
31788;1984; 1; 1;31;  35;0.18;  63
31788;1984; 2; 1;10;  36;0.19;  68
31788;1984; 2; 1;15;  37;0.19;  70
31788;1984; 2; 1;20;  37;0.19;  70
31788;1984; 2; 1;25;  41;0.19;  78
31788;1984; 2; 1;29;  46;0.19;  87
31788;1984; 3; 1; 5;  42;0.20;  84
31788;1984; 3; 1;10;  42;0.20;  84
31788;1984; 3; 1;15;  39;0.20;  78
31788;1984; 3; 1;20;  38;0.21;  80
31788;1984; 3; 1;25;  39;0.21;  82
31788;1984; 3; 1;31;  34;0.23;  78
31788;1984; 4; 1; 5;   8;0.26;  21
31788;1984;11; 1;20;   1;    ;    
31788;1984;12; 1;20;   0;    ;   0
31788;1984;12; 1;31;   1;    ;    
31788;1985; 1; 1;10;   1;    ;    
31788;1985; 1; 1;20;  10;0.07;   7
31788;1985; 1; 1;31;  10;0.11;  11
31788;1985; 2; 1;10;  10;0.12;  12
31788;1985; 2; 1;15;  10;0.11;  11
31788;1985; 2; 1;20;  19;0.12;  23
31788;1985; 2; 1;25;  18;0.14;  25
31788;1985; 2; 1;28;  17;0.14;  24
31788;1985; 3; 1; 5;  20;0.15;  30
31788;1985; 3; 1;10;  18;0.15;  27
31788;1985; 3; 1;15;  16;0.16;  26
31788;1985;11; 1;12;   1;    ;    
31788;1985;11; 1;20;   3;    ;    
31788;1985;11; 1;30;  11;0.08;   9
31788;1985;12; 1;10;  11;0.11;  12
31788;1985;12; 1;20;  10;0.13;  13
31788;1985;12; 1;31;  14;0.13;  18
31788;1986; 1; 1;10;  18;0.13;  23
31788;1986; 1; 1;20;  18;0.17;  31
31788;1986; 1; 1;31;  17;0.17;  29
31788;1986; 2; 1;10;  21;0.18;  38
31788;1986; 2; 1;15;  20;0.18;  36
31788;1986; 2; 1;20;  23;0.18;  41
31788;1986; 2; 1;25;  20;0.18;  36
31788;1986; 2; 1;28;  21;0.18;  38
31788;1986; 3; 1; 5;  22;0.18;  40
31788;1986; 3; 1;10;  18;0.21;  38
31788;1986; 3; 1;15;   5;0.11;   6
31788;1986; 3; 1;20;   1;    ;    
31788;1986; 4; 1;10;   2;    ;    
31788;1986; 4; 1;15;   2;    ;    
31788;1986;10; 1;28;   0;0.00;   0
31788;1986;10; 1;31;   0;0.00;   0
31788;1986;11; 1;10;   7;0.24;  17
31788;1986;11; 1;20;   1;    ;    
31788;1986;11; 1;30;   1;    ;    
31788;1986;12; 1;10;   1;    ;    
31788;1986;12; 1;20;   2;    ;    
31788;1986;12; 1;31;   3;    ;    
31788;1987; 1; 1;10;   9;0.18;  16
31788;1987; 1; 1;20;  10;0.18;  18
31788;1987; 1; 1;31;  19;0.18;  34
31788;1987; 2; 1;10;  16;0.17;  27
31788;1987; 2; 1;15;  16;0.18;  29
31788;1987; 2; 1;20;  15;0.19;  29
31788;1987; 2; 1;25;  18;0.19;  34
31788;1987; 2; 1;28;  20;0.19;  38
31788;1987; 3; 1; 5;  22;0.21;  46
31788;1987; 3; 1;10;  22;0.21;  46
31788;1987; 3; 1;15;  29;0.21;  61
31788;1987; 3; 1;20;  22;0.21;  46
31788;1987; 3; 1;25;  20;0.23;  46
31788;1987; 3; 1;31;  14;0.25;  35
31788;1987; 4; 1; 5;   1;    ;    
31788;1987; 5; 1; 5;   3;    ;    
31788;1987;10; 1;20;  12;0.10;  12
31788;1987;11; 1;10;   3;    ;    
31788;1987;11; 1;20;   2;    ;    
31788;1987;11; 1;30;  12;0.13;  16
31788;1987;12; 1;10;  12;0.14;  17
31788;1987;12; 1;20;  16;0.15;  24
31788;1987;12; 1;31;  29;0.15;  44
31788;1988; 1; 1;10;  24;0.16;  38
31788;1988; 1; 1;20;  26;0.16;  42
31788;1988; 1; 1;31;  33;0.16;  53
31788;1988; 2; 1;10;  33;0.16;  53
31788;1988; 2; 1;15;  35;0.16;  56
31788;1988; 2; 1;20;  34;0.17;  58
31788;1988; 2; 1;25;  35;0.17;  60
31788;1988; 2; 1;29;  32;0.18;  58
31788;1988; 3; 1; 5;  31;0.19;  59
31788;1988; 3; 1;10;  30;0.19;  57
31788;1988; 3; 1;15;  25;0.20;  50
31788;1988; 3; 1;20;  19;0.21;  40
31788;1988; 3; 1;25;  19;0.22;  42
31788;1988; 3; 1;31;   1;    ;    
31788;1988;10; 1;12;   1;    ;    
31788;1988;11; 1;30;  30;0.14;  42
31788;1988;12; 1;10;  30;0.15;  45
31788;1988;12; 1;20;  36;0.16;  58
31788;1988;12; 1;31;  31;0.17;  53
31788;1989; 1; 1;10;  39;0.17;  66
31788;1989; 1; 1;20;  34;0.18;  61
31788;1989; 1; 1;31;  36;0.18;  65
31788;1989; 2; 1;10;  36;0.18;  65
31788;1989; 2; 1;15;  35;0.19;  67
31788;1989; 2; 1;20;  34;0.19;  65
31788;1989; 2; 1;25;  33;0.20;  66
31788;1989; 2; 1;28;  33;0.20;  66
31788;1989; 3; 1; 5;  37;0.21;  78
31788;1989; 3; 1;10;  34;0.21;  71
31788;1989; 3; 1;15;  30;0.22;  66
31788;1989; 3; 1;20;  20;0.22;  44
31788;1989; 3; 1;25;   1;    ;    
31788;1989;10; 1;17;   3;    ;    
31788;1989;10; 1;31;   2;    ;    
31788;1989;11; 1;10;   2;    ;    
31788;1989;11; 1;20;   8;0.12;  10
31788;1989;11; 1;30;  33;0.13;  43
31788;1989;12; 1;10;  17;0.14;  24
31788;1989;12; 1;20;  20;0.16;  32
31788;1989;12; 1;31;  28;0.16;  45
31788;1990; 1; 1;10;  28;0.16;  45
31788;1990; 1; 1;20;  28;0.16;  45
31788;1990; 1; 1;31;  27;0.17;  46
31788;1990; 2; 1;10;  30;0.17;  51
31788;1990; 2; 1;15;  33;0.18;  59
31788;1990; 2; 1;20;  34;0.18;  61
31788;1990; 2; 1;25;  33;0.19;  63
31788;1990; 2; 1;28;  32;0.20;  64
31788;1990; 3; 1; 5;  35;0.20;  70
31788;1990; 3; 1;10;  31;0.20;  62
31788;1990; 3; 1;15;  31;0.24;  74
31788;1990; 3; 1;20;  27;0.24;  65
31788;1990; 3; 1;25;  20;0.24;  48
31788;1990;11; 1;10;   2;    ;    
31788;1990;11; 1;20;  14;0.20;  28
31788;1990;11; 1;30;   1;    ;    
31788;1990;12; 1;10;  17;0.19;  32
31788;1990;12; 1;20;  18;0.20;  36
31788;1990;12; 1;31;  23;0.20;  46
31788;1991; 1; 1;10;  29;0.20;  58
31788;1991; 1; 1;20;  39;0.20;  78
31788;1991; 1; 1;31;  36;0.20;  72
31788;1991; 2; 1;10;  35;0.20;  70
31788;1991; 2; 1;15;  33;0.22;  73
31788;1991; 2; 1;20;  34;0.22;  75
31788;1991; 2; 1;25;  35;0.22;  77
31788;1991; 2; 1;28;  36;0.22;  79
31788;1991; 3; 1; 5;  32;0.22;  70
31788;1991; 3; 1;10;  35;0.22;  77
31788;1991; 3; 1;15;  33;0.22;  73
31788;1991; 3; 1;20;  26;0.25;  65
31788;1991; 3; 1;25;  19;0.28;  53
31788;1991; 3; 1;31;   2;    ;    
31788;1991;11; 1;10;   5;    ;    
31788;1991;11; 1;20;   4;    ;    
31788;1991;11; 1;30;   2;    ;    
31788;1991;12; 1;10;  15;0.13;  20
31788;1991;12; 1;20;  16;0.14;  22
31788;1991;12; 1;31;  19;0.14;  27
31788;1992; 1; 1;10;  20;0.14;  28
31788;1992; 1; 1;20;  30;0.14;  42
31788;1992; 1; 1;31;  24;0.16;  38
31788;1992; 2; 1;10;  30;0.17;  51
31788;1992; 2; 1;15;  29;0.17;  49
31788;1992; 2; 1;20;  32;0.17;  54
31788;1992; 2; 1;25;  31;0.17;  53
31788;1992; 2; 1;29;  27;0.17;  46
31788;1992; 3; 1; 5;  26;0.18;  47
31788;1992; 3; 1;10;  27;0.18;  49
31788;1992; 3; 1;15;  23;0.21;  48
31788;1992; 3; 1;20;  22;0.23;  51
31788;1992; 3; 1;25;   2;    ;    
31788;1992;11; 1;30;   9;0.10;   9
31788;1992;12; 1;10;  13;0.11;  14
31788;1992;12; 1;20;  15;0.12;  18
31788;1992;12; 1;31;  20;0.14;  28
31788;1993; 1; 1;10;  22;0.14;  31
31788;1993; 1; 1;20;  30;0.14;  42
31788;1993; 1; 1;31;  36;0.14;  50
31788;1993; 2; 1;10;  29;0.15;  44
31788;1993; 2; 1;15;  36;0.15;  54
31788;1993; 2; 1;20;  34;0.15;  51
31788;1993; 2; 1;25;  32;0.17;  54
31788;1993; 2; 1;28;  34;0.18;  61
31788;1993; 3; 1; 5;  32;0.19;  61
31788;1993; 3; 1;10;  31;0.19;  59
31788;1993; 3; 1;15;  30;0.20;  60
31788;1993; 3; 1;20;  26;0.21;  55
31788;1993; 3; 1;31;   1;    ;    
31788;1993; 4; 1; 5;   0;    ;    
31788;1993; 4; 1;10;   0;    ;    
31788;1993;10; 1;31;   0;    ;    
31788;1993;11; 1;20;   4;    ;    
31788;1993;11; 1;30;  14;0.10;  14
31788;1993;12; 1;10;  14;0.12;  17
31788;1993;12; 1;20;  18;0.12;  22
31788;1993;12; 1;31;  21;0.12;  25
31788;1994; 1; 1;10;  22;0.14;  31
31788;1994; 1; 1;20;  25;0.14;  35
31788;1994; 1; 1;31;  24;0.14;  34
31788;1994; 2; 1;10;  23;0.16;  37
31788;1994; 2; 1;15;  23;0.16;  37
31788;1994; 2; 1;20;  22;0.16;  35
31788;1994; 2; 1;25;  35;0.17;  60
31788;1994; 2; 1;28;  29;0.17;  49
31788;1994; 3; 1; 5;  33;0.17;  56
31788;1994; 3; 1;10;  39;0.17;  66
31788;1994; 3; 1;15;  34;0.17;  58
31788;1994; 3; 1;20;  30;0.18;  54
31788;1994; 3; 1;25;  26;0.22;  57
31788;1994; 3; 1;31;  28;0.22;  62
31788;1994;10; 1;20;   0;    ;    
31788;1994;10; 1;31;   0;    ;    
31788;1994;11; 1;20;   0;    ;    
31788;1994;11; 1;30;  22;0.16;  35
31788;1994;12; 1;10;  27;0.18;  49
31788;1994;12; 1;20;  27;0.19;  51
31788;1994;12; 1;31;  33;0.19;  63
31788;1995; 1; 1;10;  36;0.19;  68
31788;1995; 1; 1;20;  34;0.19;  65
31788;1995; 1; 1;31;  38;0.20;  76
31788;1995; 2; 1;10;  38;0.20;  76
31788;1995; 2; 1;15;  39;0.20;  78
31788;1995; 2; 1;20;  45;0.20;  90
31788;1995; 2; 1;25;  43;0.20;  86
31788;1995; 2; 1;28;  40;0.20;  80
31788;1995; 3; 1; 5;  38;0.20;  76
31788;1995; 3; 1;10;  33;0.20;  66
31788;1995; 3; 1;15;  26;0.20;  52
31788;1995; 3; 1;20;  27;0.21;  57
31788;1995; 3; 1;25;  15;0.25;  38
31788;1995; 4; 1;10;   7;0.10;   7
31788;1995;11; 1;10;  17;0.12;  20
31788;1995;11; 1;20;   4;    ;    
31788;1995;11; 1;30;  11;0.18;  20
31788;1995;12; 1;10;  15;0.18;  27
31788;1995;12; 1;20;  19;0.18;  34
31788;1995;12; 1;31;  21;0.18;  38
31788;1996; 1; 1;10;  33;0.18;  59
31788;1996; 1; 1;20;  28;0.19;  53
31788;1996; 1; 1;31;  28;0.19;  53
31788;1996; 2; 1;10;  29;0.19;  55
31788;1996; 2; 1;15;  27;0.20;  54
31788;1996; 2; 1;20;  27;0.21;  57
31788;1996; 2; 1;25;  25;0.21;  53
31788;1996; 2; 1;29;  27;0.21;  57
31788;1996; 3; 1; 5;  25;0.21;  53
31788;1996; 3; 1;10;  20;0.21;  42
31788;1996; 3; 1;15;   1;    ;    
31788;1996; 3; 1;20;   6;0.22;  13
31788;1996; 3; 1;25;   0;    ;    
31788;1996; 3; 1;31;  10;0.12;  12
31788;1996; 4; 1; 5;   1;    ;    
31788;1996; 4; 1;10;   5;0.12;   6
31788;1996;10; 1;31;   5;0.07;   4
31788;1996;11; 1;10;   1;    ;    
31788;1996;11; 1;20;   5;0.12;   6
31788;1996;11; 1;30;  27;0.12;  32
31788;1996;12; 1;10;  28;0.15;  42
31788;1996;12; 1;20;  27;0.16;  43
31788;1996;12; 1;31;  30;0.17;  51
31788;1997; 1; 1;10;  46;0.17;  78
31788;1997; 1; 3;20;  43;0.17;  73
31788;1997; 1; 3;31;  42;0.18;  76
31788;1997; 2; 1;10;  43;0.18;  77
31788;1997; 2; 3;20;  56;0.19; 106
31788;1997; 2; 3;25;  51;0.20; 102
31788;1997; 2; 3;28;  50;0.20; 100
31788;1997; 3; 1; 5;  51;0.20; 102
31788;1997; 3; 1;10;  50;0.20; 100
31788;1997; 3; 1;15;  51;0.21; 107
31788;1997; 3; 1;20;  47;0.21;  99
31788;1997; 3; 1;25;  40;0.23;  92
31788;1997; 3; 1;31;  34;0.25;  85
31788;1997; 4; 1; 5;   7;0.20;  14
31788;1997;10; 1;31;   2;    ;    
31788;1997;11; 1;30;   4;    ;    
31788;1997;12; 1;10;  10;0.10;  10
31788;1997;12; 3;20;  11;0.10;  11
31788;1997;12; 3;31;  13;0.10;  13
31788;1998; 1; 1;10;  15;0.10;  15
31788;1998; 1; 3;20;  18;0.10;  18
31788;1998; 1; 3;31;  18;0.10;  18
31788;1998; 2; 1;10;  26;0.11;  29
31788;1998; 2; 3;20;  23;0.12;  28
31788;1998; 2; 3;25;  21;0.14;  29
31788;1998; 2; 3;28;  20;0.15;  30
31788;1998; 3; 1; 5;  13;0.16;  21
31788;1998; 3; 3;10;   6;0.17;  10
31788;1998; 3; 3;15;   1;    ;    
31788;1998; 3; 3;20;  19;0.13;  25
31788;1998; 3; 3;25;   5;    ;    
31788;1998;11; 1;10;   0;    ;    
31788;1998;11; 3;30;   1;    ;    
31788;1998;12; 1;10;   7;0.06;   4
31788;1998;12; 3;20;  16;0.09;  14
31788;1998;12; 3;30;  20;0.09;  18
31788;1999; 1; 1;10;  20;0.11;  22
31788;1999; 1; 3;20;  20;0.12;  24
31788;1999; 1; 3;31;  26;0.13;  34
31788;1999; 2; 1;10;  28;0.14;  39
31788;1999; 2; 3;20;  30;0.15;  45
31788;1999; 2; 3;25;  32;0.17;  54
31788;1999; 2; 3;28;  30;0.17;  51
31788;1999; 3; 1; 5;  30;0.17;  51
31788;1999; 3; 3;10;  32;0.18;  58
31788;1999; 3; 3;15;  30;0.18;  54
31788;1999; 3; 3;20;  35;0.18;  63
31788;1999; 3; 3;25;  26;0.19;  49
31788;1999; 3; 3;31;  13;0.19;  25
31788;1999; 4; 1;15;   2;    ;    
31788;1999;10; 1;31;  15;0.12;  18
31788;1999;11; 1;10;   9;0.22;  20
31788;1999;11; 3;30;  13;0.13;  17
31788;1999;12; 1;10;  18;0.15;  27
31788;1999;12; 3;20;  21;0.18;  38
31788;1999;12; 3;30;  24;0.20;  48
31788;2000; 1; 1;10;  31;0.20;  62
31788;2000; 1; 3;20;  30;0.20;  60
31788;2000; 1; 3;31;  30;0.21;  63
31788;2000; 2; 1;10;  30;0.21;  63
31788;2000; 2; 3;20;  29;0.21;  61
31788;2000; 2; 3;25;  29;0.21;  61
31788;2000; 2; 3;29;  29;0.21;  61
31788;2000; 3; 1; 5;  33;0.21;  69
31788;2000; 3; 3;10;  40;0.21;  84
31788;2000; 3; 3;15;  38;0.21;  80
31788;2000; 3; 3;20;  36;0.21;  76
31788;2000; 3; 3;25;  36;0.21;  76
31788;2000; 3; 3;31;  30;0.22;  66
31788;2000;11; 1;10;   2;    ;    
31788;2000;11; 3;30;   3;    ;    
31788;2000;12; 1;10;   4;    ;    
31788;2000;12; 3;20;   4;    ;    
31788;2000;12; 3;30;  13;0.12;  16
31788;2001; 1; 1;10;  25;0.12;  30
31788;2001; 1; 3;20;  23;0.12;  28
31788;2001; 1; 3;31;  23;0.13;  30
31788;2001; 2; 1;10;  23;0.13;  30
31788;2001; 2; 3;20;  25;0.13;  33
31788;2001; 2; 3;25;  23;0.13;  30
31788;2001; 2; 3;28;  30;0.14;  42
31788;2001; 3; 1; 5;  28;0.14;  39
31788;2001; 3; 3;10;  29;0.14;  41
31788;2001; 3; 3;15;  28;0.18;  50
31788;2001; 3; 3;20;  18;0.22;  40
31788;2001; 3; 3;25;   4;    ;    
31788;2001; 3; 3;31;  11;0.26;  29
31788;2001;11; 1;30;   8;0.10;   8
31788;2001;12; 1;10;   9;0.11;  10
31788;2001;12; 3;20;  11;0.12;  13
31788;2001;12; 3;30;  12;0.12;  14
31788;2002; 1; 1;10;  12;0.13;  16
31788;2002; 1; 3;20;  16;0.13;  21
31788;2002; 1; 3;31;  22;0.15;  33
31788;2002; 2; 1;10;  23;0.18;  41
31788;2002; 2; 3;20;  25;0.20;  50
31788;2002; 2; 3;25;  24;0.21;  50
31788;2002; 2; 3;28;  19;0.21;  40
31788;2002; 3; 1; 5;  18;0.21;  38
31788;2002; 3; 3;10;  19;0.23;  44
31788;2002; 3; 3;15;   4;    ;    
31788;2002; 3; 3;25;   3;    ;    
31788;2002;11; 1;10;  11;0.12;  13
31788;2002;11; 3;20;  14;0.12;  17
31788;2002;11; 3;30;  24;0.14;  34
31788;2002;12; 1;10;  18;0.18;  32
31788;2002;12; 3;20;  19;0.18;  34
31788;2002;12; 3;30;  19;0.21;  40
31788;2003; 1; 1;10;  26;0.21;  55
31788;2003; 1; 3;20;  28;0.21;  59
31788;2003; 1; 3;31;  37;0.21;  78
31788;2003; 2; 1;10;  37;0.21;  78
31788;2003; 2; 3;20;  34;0.21;  71
31788;2003; 2; 3;25;  34;0.21;  71
31788;2003; 2; 3;28;  32;0.20;  64
31788;2003; 3; 1; 5;  29;0.20;  58
31788;2003; 3; 3;10;  29;0.21;  61
31788;2003; 3; 3;15;  24;0.21;  50
31788;2003; 3; 3;20;  19;0.22;  42
31788;2003;11; 1;10;   2;    ;    
31788;2003;11; 3;20;   1;    ;    
31788;2003;11; 3;30;  18;0.14;  25
31788;2003;12; 1;10;  17;0.14;  24
31788;2003;12; 3;20;  19;0.17;  32
31788;2003;12; 3;30;  20;0.17;  34
31788;2004; 1; 1;10;  25;0.18;  45
31788;2004; 1; 3;20;  28;0.18;  50
31788;2004; 1; 3;31;  30;0.21;  63
31788;2004; 2; 1;10;  37;0.20;  74
31788;2004; 2; 3;20;  34;0.21;  71
31788;2004; 2; 3;25;  38;0.20;  76
31788;2004; 2; 3;29;  39;0.20;  78
31788;2004; 3; 1; 5;  36;0.21;  76
31788;2004; 3; 3;10;  32;0.21;  67
31788;2004; 3; 3;15;  20;0.29;  58
31788;2004; 3; 3;20;  21;0.29;  61
31788;2004; 3; 3;25;  14;0.32;  45
31788;2004; 3; 3;31;   3;    ;    
31788;2004; 4; 1; 5;   2;    ;    
31788;2004;11; 1;10;   1;    ;    
31788;2004;12; 1;10;  16;0.09;  14
31788;2004;12; 3;20;  23;0.10;  23
31788;2004;12; 3;30;  22;0.15;  33
31788;2005; 1; 1;10;  23;0.16;  37
31788;2005; 1; 3;20;  23;0.17;  39
31788;2005; 1; 3;31;  30;0.17;  51
31788;2005; 2; 1;10;  32;0.18;  58
31788;2005; 2; 3;20;  41;0.18;  74
31788;2005; 2; 3;25;  39;0.19;  74
31788;2005; 2; 3;28;  39;0.19;  74
31788;2005; 3; 1; 5;  37;0.21;  78
31788;2005; 3; 3;10;  35;0.21;  74
31788;2005; 3; 3;15;  34;0.22;  75
31788;2005; 3; 3;20;  16;0.23;  37
31788;2005; 3; 3;25;   4;    ;    
31788;2005; 3; 3;31;   4;    ;    
31788;2005; 4; 1;10;   3;    ;    
31788;2005; 4; 3;15;   0;    ;    
31788;2005;11; 1;10;   3;    ;    
31788;2005;11; 3;20;   4;    ;    
31788;2005;11; 3;30;  12;0.13;  16
31788;2005;12; 1;10;  18;0.16;  29
31788;2005;12; 3;20;  21;0.17;  36
31788;2005;12; 3;30;  22;0.17;  37
31788;2006; 1; 1;10;  25;0.18;  45
31788;2006; 1; 3;20;  27;0.18;  49
31788;2006; 1; 3;31;  28;0.19;  53
31788;2006; 2; 1;10;  30;0.19;  57
31788;2006; 2; 3;20;  28;0.21;  59
31788;2006; 2; 3;25;  28;0.22;  62
31788;2006; 2; 3;28;  28;0.23;  64
31788;2006; 3; 1; 5;  30;0.23;  69
31788;2006; 3; 3;10;  31;0.23;  71
31788;2006; 3; 3;15;  29;0.23;  67
31788;2006; 3; 3;20;  28;0.24;  67
31788;2006; 3; 3;25;  25;0.25;  63
31788;2006; 3; 3;31;  25;0.25;  63
31788;2006; 4; 1; 5;   9;0.26;  23
31788;2006; 4; 3;20;   2;    ;    
31788;2006; 4; 3;25;   3;    ;    
31788;2006;11; 1;10;  11;0.07;   8
31788;2006;11; 1;20;  10;0.08;   8
31788;2006;11; 1;30;  11;0.08;   9
31788;2006;12; 1;10;  12;0.12;  14
31788;2006;12; 1;20;  14;0.16;  22
31788;2006;12; 1;30;  20;0.16;  32
31788;2007; 1; 1;10;  21;0.17;  36
31788;2007; 1; 1;20;  23;0.17;  39
31788;2007; 1; 1;31;  21;0.18;  38
31788;2007; 2; 1;10;  22;0.19;  42
31788;2007; 2; 1;20;  31;0.20;  62
31788;2007; 2; 1;25;  33;0.20;  66
31788;2007; 2; 1;28;  28;0.23;  64
31788;2007; 3; 1; 5;  37;0.24;  89
31788;2007; 3; 1;10;  47;0.24; 113
31788;2007; 3; 1;15;  67;0.24; 161
31788;2007; 3; 1;20;  56;0.25; 140
31788;2007; 3; 1;25;  50;0.29; 145
31788;2007; 3; 1;31;  33;0.33; 109
31788;2007; 4; 1; 5;  21;0.30;  63
31788;2007;11; 1;20;   1;    ;    
31788;2007;12; 1;10;   1;    ;    
31788;2007;12; 1;20;   1;    ;    
31788;2007;12; 1;30;  28;0.07;  20
31788;2008; 1; 1;10;  18;0.15;  27
31788;2008; 1; 1;20;  18;0.17;  31
31788;2008; 1; 1;31;  18;0.18;  32
31788;2008; 2; 1;10;  18;0.18;  32
31788;2008; 2; 1;20;  18;0.18;  32
31788;2008; 2; 1;25;  20;0.19;  38
31788;2008; 2; 1;29;  18;0.19;  34
31788;2008; 3; 1; 5;  16;0.20;  32
31788;2008;11; 1;10;   3;    ;    
31788;2008;11; 1;20;   9;0.12;  11
31788;2008;11; 1;30;  13;0.12;  16
31788;2008;12; 1;10;  15;0.13;  20
31788;2008;12; 1;20;  17;0.14;  24
31788;2008;12; 1;30;  16;0.15;  24
31788;2009; 1; 1;10;  22;0.16;  35
31788;2009; 1; 1;20;  25;0.17;  43
31788;2009; 1; 1;31;  25;0.19;  48
31788;2009; 2; 1;10;  30;0.20;  60
31788;2009; 2; 1;20;  38;0.21;  80
31788;2009; 2; 1;25;  39;0.22;  86
31788;2009; 2; 1;28;  39;0.22;  86
31788;2009; 3; 1; 5;  34;0.23;  78
31788;2009; 3; 1;10;  35;0.23;  81
31788;2009; 3; 1;15;  34;0.23;  78
31788;2009; 3; 1;20;  22;0.24;  53
31788;2009; 3; 1;25;  23;0.24;  55
31788;2009; 3; 1;31;  19;0.25;  48
31788;2009; 4; 1;15;   1;    ;    
31788;2009;11; 1;20;   1;    ;    
31788;2009;11; 1;30;   4;    ;    
31788;2009;12; 1;10;  14;0.10;  14
31788;2009;12; 1;20;  21;0.13;  27
31788;2009;12; 1;30;  27;0.15;  41
31788;2010; 1; 1;10;  34;0.16;  54
31788;2010; 1; 1;20;  32;0.17;  54
31788;2010; 1; 1;31;  34;0.18;  61
31788;2010; 2; 1;10;  31;0.18;  56
31788;2010; 2; 1;15;  32;0.18;  58
31788;2010; 2; 1;20;  31;0.19;  59
31788;2010; 2; 1;25;  41;0.20;  82
31788;2010; 2; 1;28;  40;0.21;  84
31788;2010; 3; 1; 5;  38;0.21;  80
31788;2010; 3; 1;10;  39;0.22;  86
31788;2010; 3; 1;15;  37;0.23;  85
31788;2010; 3; 1;20;  45;0.24; 108
31788;2010; 3; 1;25;  41;0.24;  98
31788;2010; 3; 1;31;  40;0.26; 104
31788;2010; 4; 1; 5;  28;0.28;  78
31788;2010; 4; 1;15;   3;    ;    
31788;2010;11; 1;20;   6;0.12;   7
31788;2010;11; 1;30;  17;0.13;  22
31788;2010;12; 1;10;  23;0.15;  35
31788;2010;12; 1;20;  33;0.16;  53
31788;2010;12; 1;30;  67;    ;    
31788;2011; 1; 1;10;  61;    ;    
31788;2011; 1; 1;20;  65;    ;    
31788;2011; 1; 1;31;  63;    ;    
31788;2011; 2; 1;10;  61;0.29; 177
31788;2011; 2; 1;20;  59;0.29; 171
31788;2011; 2; 1;25;  55;0.29; 160
31788;2011; 2; 1;28;  55;0.29; 160
31788;2011; 3; 1; 5;  53;0.29; 154
31788;2011; 3; 1;10;  53;0.30; 159
31788;2011; 3; 1;15;  56;0.30; 168
31788;2011; 3; 1;20;  54;0.31; 167
31788;2011; 3; 1;25;  53;0.31; 164
31788;2011; 3; 1;31;  28;0.32;  90
31788;2011; 4; 1; 5;   1;    ;    
31788;2011; 4; 1;25;   1;    ;    
31788;2011;11; 1;20;  14;0.10;  14
31788;2011;11; 1;30;  13;0.12;  16
31788;2011;12; 1;10;  18;0.12;  22
31788;2011;12; 1;20;  20;0.13;  26
31788;2011;12; 1;30;  24;0.14;  34
31788;2012; 1; 1;10;  26;0.14;  36
31788;2012; 1; 1;20;  26;0.15;  39
31788;2012; 1; 1;31;  27;0.15;  41
31788;2012; 2; 1;10;  32;0.16;  51
31788;2012; 2; 1;20;  30;0.16;  48
31788;2012; 2; 1;25;  30;0.17;  51
31788;2012; 2; 1;29;  29;0.17;  49
31788;2012; 3; 1; 5;  28;0.18;  50
31788;2012; 3; 1;10;  33;0.19;  63
31788;2012; 3; 1;15;  32;0.19;  61
31788;2012; 3; 1;20;  31;0.20;  62
31788;2012; 3; 1;25;  23;0.22;  51
31788;2012;11; 1;30;   8;0.11;   9
31788;2012;12; 1;10;  22;0.13;  29
31788;2012;12; 1;20;  22;0.14;  31
31788;2012;12; 1;30;  24;0.14;  34
31788;2013; 1; 1;10;  24;0.14;  34
31788;2013; 1; 1;20;  24;0.14;  34
31788;2013; 1; 1;31;  27;0.15;  41
31788;2013; 2; 1;10;  27;0.16;  43
31788;2013; 2; 1;20;  27;0.17;  46
31788;2013; 2; 1;25;  27;0.18;  49
31788;2013; 2; 1;28;  28;0.19;  53
31788;2013; 3; 1; 5;  30;0.20;  60
31788;2013; 3; 1;10;  31;0.20;  62
31788;2013; 3; 1;15;  31;0.21;  65
31788;2013; 3; 1;20;  29;0.22;  64
31788;2013; 3; 1;25;  27;0.23;  62
31788;2013; 3; 1;31;  25;0.24;  60
31788;2013; 4; 1; 5;  11;0.30;  33
31788;2013; 4; 1;10;   4;    ;    
31788;2013; 4; 1;15;   2;    ;    
31788;2013; 4; 1;20;   1;    ;    
31788;2013;11; 1;10;   7;0.10;   7
31788;2013;11; 1;20;   2;    ;    
31788;2013;11; 1;30;   8;0.10;   8
31788;2013;12; 1;10;  14;0.10;  14
31788;2013;12; 1;20;  14;0.11;  15
31788;2013;12; 1;30;  17;0.11;  19
31788;2014; 1; 1;10;  20;0.12;  24
31788;2014; 1; 1;20;  21;0.12;  25
31788;2014; 1; 1;31;  21;0.13;  27
31788;2014; 2; 1;10;  22;0.13;  29
31788;2014; 2; 1;20;  21;0.14;  29
31788;2014; 2; 1;25;  20;0.14;  28
31788;2014; 2; 1;28;  12;0.18;  22
31788;2014; 3; 1; 5;  11;0.18;  20
31788;2014; 3; 1;10;  12;0.19;  23
31788;2014; 3; 1;15;   9;0.21;  19
31788;2014; 3; 1;20;   1;    ;    
31788;2014;11; 1;20;  11;0.14;  15
31788;2014;11; 1;30;   4;    ;    
31788;2014;12; 1;10;  27;0.17;  46
31788;2014;12; 1;20;  37;0.17;  63
31788;2014;12; 1;30;  37;0.18;  67
31788;2015; 1; 1;10;  42;0.18;  76
31788;2015; 1; 1;20;  41;0.18;  74
31788;2015; 1; 1;31;  47;0.18;  85
31788;2015; 2; 1;11;  50;0.19;  95
31788;2015; 2; 1;20;  49;0.20;  98
31788;2015; 2; 1;25;  46;0.20;  92
31788;2015; 2; 1;28;  46;0.21;  97
31788;2015; 3; 1; 5;  46;0.22; 101
31788;2015; 3; 1;10;  60;0.22; 132
31788;2015; 3; 1;15;  69;0.25; 173
31788;2015; 3; 1;20;  54;0.27; 146
31788;2015; 3; 1;25;  47;0.28; 132
31788;2015; 4; 1; 5;   1;    ;    
31788;2015;11; 1;10;   1;    ;    
31788;2015;11; 1;30;   9;0.10;   9
31788;2015;12; 1;10;  25;0.15;  38
31788;2015;12; 1;20;  26;0.15;  39
31788;2015;12; 1;30;  24;0.17;  41
31788;2016; 1; 1;10;  26;0.18;  47
31788;2016; 1; 1;20;  29;0.18;  52
31788;2016; 1; 1;31;  30;0.18;  54
31788;2016; 2; 1;10;  33;0.19;  63
31788;2016; 2; 1;20;  29;0.20;  58
31788;2016; 2; 1;25;  29;0.20;  58
31788;2016; 2; 1;29;  29;0.20;  58
31788;2016; 3; 1; 5;  27;0.21;  57
31788;2016; 3; 1;10;  22;0.22;  48
31788;2016; 3; 1;15;  17;0.25;  43
31788;2016; 3; 1;20;   1;    ;    
31788;2016; 4; 1;10;   1;    ;    
31788;2016;10; 1;20;   4;    ;    
31788;2016;11; 1;10;   2;    ;    
31788;2016;11; 1;20;  16;0.06;  10
31788;2016;11; 1;30;  19;0.10;  19
31788;2016;12; 1;10;  16;0.11;  18
31788;2016;12; 1;20;  19;0.12;  23
31788;2016;12; 1;30;  22;0.13;  29
31788;2017; 1; 1;10;  23;0.13;  30
31788;2017; 1; 1;20;  32;0.14;  45
31788;2017; 1; 1;31;  32;0.14;  45
31788;2017; 2; 1;10;  32;0.15;  48
31788;2017; 2; 1;20;  32;0.16;  51
31788;2017; 2; 1;25;  33;0.17;  56
31788;2017; 2; 1;28;  31;0.17;  53
31788;2017; 3; 1; 5;  28;0.18;  50
31788;2017; 3; 1;10;  30;0.18;  54
31788;2017; 3; 1;15;  19;0.23;  44
31788;2017;11; 1;20;   8;0.10;   8
31788;2017;11; 1;30;  10;0.11;  11
31788;2017;12; 1;10;  10;0.11;  11
31788;2017;12; 1;20;  21;0.13;  27
31788;2017;12; 1;30;  21;0.13;  27
31788;2018; 1; 1;10;  29;0.15;  44
31788;2018; 1; 1;20;  32;0.15;  48
31788;2018; 1; 1;31;  32;0.16;  51
31788;2018; 2; 1;10;  32;0.16;  51
31788;2018; 2; 1;20;  32;0.17;  54
31788;2018; 2; 1;25;  32;0.17;  54
31788;2018; 2; 1;28;  32;0.17;  54
31788;2018; 3; 1; 5;  37;0.18;  67
31788;2018; 3; 1;10;  35;0.18;  63
31788;2018; 3; 1;15;  39;0.18;  70
31788;2018; 3; 1;20;  29;0.22;  64
31788;2018; 3; 1;25;   9;0.25;  23
31788;2018;11; 1;20;   4;    ;    
31788;2018;11; 1;30;   2;    ;    
31788;2018;12; 1;10;   1;    ;    
31788;2018;12; 1;20;   1;    ;    
31788;2018;12; 1;30;   3;    ;    
