date	SS4	S2	S1
31.10.1966	0.08	140.0	11.0
10.11.1966	0.09	140.0	13.0
20.11.1966	0.15	150.0	23.0
30.11.1966	0.18	180.0	32.0
10.12.1966	0.27	160.0	43.0
20.12.1966	0.26	190.0	49.0
31.12.1966	0.29	200.0	58.0
10.01.1967	0.32	190.0	61.0
20.01.1967	0.27	200.0	54.0
31.01.1967	0.27	210.0	57.0
10.02.1967	0.31	200.0	62.0
20.02.1967	0.34	200.0	68.0
28.02.1967	0.34	200.0	68.0
10.03.1967	0.34	210.0	71.0
15.03.1967	0.34	200.0	68.0
20.03.1967	0.41	200.0	82.0
25.03.1967	0.4	190.0	76.0
31.03.1967	0.35	210.0	74.0
05.04.1967	0.4	200.0	80.0
10.04.1967	0.36	210.0	76.0
15.04.1967	0.31	240.0	74.0
25.04.1967	0.0	-999.0	0.0
31.10.1967	0.01	-999.0	-999.0
10.11.1967	0.03	-999.0	-999.0
20.11.1967	0.09	230.0	21.0
30.11.1967	0.14	200.0	28.0
10.12.1967	0.18	200.0	36.0
20.12.1967	0.17	200.0	34.0
31.12.1967	0.25	170.0	43.0
10.01.1968	0.22	190.0	42.0
20.01.1968	0.25	160.0	40.0
31.01.1968	0.25	170.0	43.0
10.02.1968	0.25	170.0	43.0
20.02.1968	0.28	180.0	50.0
29.02.1968	0.27	190.0	51.0
10.03.1968	0.24	200.0	48.0
15.03.1968	0.23	-999.0	-999.0
20.03.1968	0.18	220.0	40.0
25.03.1968	0.13	260.0	34.0
31.03.1968	0.02	-999.0	-999.0
10.04.1968	0.17	280.0	48.0
15.04.1968	0.02	-999.0	-999.0
10.11.1968	0.06	180.0	11.0
20.11.1968	0.08	210.0	17.0
30.11.1968	0.11	190.0	21.0
10.12.1968	0.12	170.0	20.0
20.12.1968	0.15	160.0	24.0
31.12.1968	0.18	140.0	25.0
10.01.1969	0.21	180.0	38.0
20.01.1969	0.22	190.0	42.0
31.01.1969	0.24	180.0	43.0
10.02.1969	0.3	180.0	54.0
20.02.1969	0.31	180.0	56.0
28.02.1969	0.32	180.0	58.0
10.03.1969	0.26	190.0	49.0
15.03.1969	0.26	190.0	49.0
20.03.1969	0.27	200.0	54.0
25.03.1969	0.25	210.0	53.0
31.03.1969	0.24	-999.0	-999.0
05.04.1969	0.23	-999.0	-999.0
10.04.1969	0.12	300.0	36.0
15.04.1969	0.08	300.0	24.0
25.04.1969	0.01	-999.0	-999.0
31.10.1970	0.07	-999.0	-999.0
10.11.1970	0.1	900.0	9.0
20.11.1970	0.1	160.0	16.0
20.12.1970	0.23	200.0	46.0
20.01.1971	0.26	200.0	52.0
20.02.1971	0.36	200.0	72.0
10.03.1971	0.37	200.0	74.0
20.03.1971	0.44	190.0	84.0
31.03.1971	0.43	200.0	86.0
05.04.1971	0.35	260.0	91.0
15.04.1971	0.04	-999.0	-999.0
10.02.1974	0.4	200.0	80.0
20.02.1974	0.44	200.0	88.0
28.02.1974	0.47	200.0	94.0
05.03.1974	-999.0	-999.0	0.0
10.03.1974	0.47	200.0	94.0
15.03.1974	0.47	200.0	94.0
20.03.1974	0.46	200.0	92.0
25.03.1974	0.46	200.0	92.0
31.03.1974	0.46	200.0	92.0
05.04.1974	0.44	210.0	92.0
10.04.1974	0.44	210.0	92.0
15.04.1974	0.39	230.0	90.0
20.04.1974	0.42	250.0	105.0
25.04.1974	0.27	290.0	78.0
30.04.1974	0.03	310.0	9.0
10.10.1974	-999.0	-999.0	0.0
20.10.1974	0.16	140.0	22.0
31.10.1974	-999.0	-999.0	0.0
10.11.1974	0.1	190.0	19.0
20.11.1974	0.14	200.0	28.0
30.11.1974	0.15	190.0	28.0
10.12.1974	0.25	200.0	50.0
20.12.1974	0.34	200.0	68.0
31.12.1974	0.4	200.0	80.0
10.01.1975	0.41	-999.0	-999.0
10.02.1975	0.5	-999.0	-999.0
05.03.1975	-999.0	-999.0	0.0
05.04.1975	0.39	270.0	105.0
10.04.1975	0.31	300.0	92.0
15.04.1975	0.28	320.0	90.0
20.04.1975	0.15	340.0	51.0
25.04.1975	-999.0	-999.0	0.0
30.04.1975	-999.0	-999.0	0.0
10.10.1975	-999.0	-999.0	0.0
20.10.1975	-999.0	-999.0	0.0
30.10.1975	-999.0	-999.0	0.0
10.11.1975	0.03	-999.0	-999.0
10.12.1975	0.17	200.0	34.0
10.01.1976	0.24	200.0	48.0
20.01.1976	0.26	200.0	52.0
31.01.1976	0.29	200.0	58.0
10.02.1976	0.31	200.0	62.0
20.02.1976	0.34	200.0	68.0
29.02.1976	0.35	200.0	70.0
10.03.1976	0.37	200.0	74.0
15.03.1976	0.37	200.0	74.0
20.03.1976	0.39	200.0	78.0
25.03.1976	0.39	200.0	78.0
31.03.1976	0.38	200.0	76.0
05.04.1976	0.37	200.0	74.0
10.04.1976	0.25	240.0	60.0
15.04.1976	0.12	320.0	38.0
20.04.1976	0.08	370.0	30.0
25.04.1976	0.01	-999.0	-999.0
20.10.1976	0.04	140.0	6.0
31.10.1976	0.11	150.0	16.0
10.11.1976	0.16	170.0	27.0
20.11.1976	0.2	180.0	38.0
30.11.1976	0.24	190.0	45.0
10.12.1976	0.38	190.0	72.0
20.12.1976	0.37	200.0	74.0
31.12.1976	0.4	200.0	80.0
10.01.1977	0.45	200.0	90.0
20.01.1977	0.46	200.0	92.0
31.01.1977	0.47	200.0	94.0
10.02.1977	0.49	200.0	98.0
20.02.1977	0.49	20.0	10.0
28.02.1977	0.5	200.0	100.0
10.03.1977	0.52	200.0	104.0
15.03.1977	0.52	200.0	104.0
20.03.1977	0.53	200.0	106.0
25.03.1977	0.53	200.0	106.0
31.03.1977	0.48	220.0	106.0
05.04.1977	0.48	210.0	101.0
10.04.1977	0.48	220.0	106.0
15.04.1977	0.48	220.0	106.0
20.04.1977	0.21	270.0	57.0
20.10.1977	0.02	-999.0	-999.0
31.10.1977	0.09	200.0	18.0
10.11.1977	0.16	200.0	32.0
20.11.1977	0.32	150.0	48.0
30.11.1977	0.34	190.0	65.0
10.12.1977	0.35	200.0	70.0
20.12.1977	0.36	190.0	68.0
31.12.1977	0.38	200.0	76.0
10.01.1978	0.44	200.0	88.0
20.01.1978	0.47	200.0	94.0
31.01.1978	0.49	200.0	98.0
10.02.1978	0.51	200.0	102.0
20.02.1978	0.55	200.0	110.0
28.02.1978	0.53	200.0	106.0
10.03.1978	0.52	200.0	104.0
15.03.1978	0.52	200.0	104.0
20.03.1978	0.52	210.0	109.0
25.03.1978	0.51	210.0	107.0
31.03.1978	0.53	210.0	111.0
05.04.1978	0.49	240.0	118.0
10.04.1978	0.36	340.0	122.0
15.04.1978	0.3	330.0	-999.0
20.04.1978	0.3	350.0	105.0
25.04.1978	0.04	350.0	14.0
10.10.1978	0.02	-999.0	-999.0
31.10.1978	0.02	-999.0	-999.0
10.11.1978	0.01	-999.0	-999.0
20.11.1978	0.08	130.0	10.0
30.11.1978	0.1	130.0	13.0
10.12.1978	0.19	150.0	29.0
20.12.1978	0.2	160.0	32.0
31.12.1978	0.21	180.0	38.0
10.01.1979	0.25	150.0	38.0
20.01.1979	0.27	190.0	51.0
31.01.1979	0.32	200.0	64.0
10.02.1979	0.35	200.0	70.0
20.02.1979	0.38	200.0	76.0
28.02.1979	0.36	200.0	72.0
10.03.1979	0.38	200.0	76.0
15.03.1979	0.39	200.0	78.0
20.03.1979	0.4	200.0	80.0
25.03.1979	0.4	200.0	80.0
31.03.1979	0.41	190.0	78.0
05.04.1979	0.41	200.0	82.0
10.04.1979	0.39	210.0	82.0
15.04.1979	0.38	210.0	80.0
20.04.1979	0.32	240.0	77.0
25.04.1979	0.24	300.0	72.0
20.10.1979	0.03	0.0	0.0
31.10.1979	0.05	-999.0	-999.0
10.11.1979	0.12	140.0	17.0
20.11.1979	0.18	160.0	29.0
30.11.1979	0.23	180.0	41.0
10.12.1979	0.26	170.0	44.0
20.12.1979	0.3	180.0	54.0
31.12.1979	0.34	180.0	61.0
10.01.1980	0.35	190.0	67.0
20.01.1980	0.36	190.0	68.0
31.01.1980	0.4	190.0	76.0
10.02.1980	0.42	190.0	80.0
20.02.1980	0.44	190.0	84.0
29.02.1980	0.44	200.0	88.0
10.03.1980	0.45	190.0	86.0
20.03.1980	0.46	200.0	92.0
25.03.1980	0.45	200.0	90.0
31.03.1980	0.45	200.0	90.0
05.04.1980	0.45	210.0	95.0
10.04.1980	0.45	210.0	95.0
15.04.1980	0.42	220.0	92.0
20.04.1980	0.35	290.0	102.0
25.04.1980	0.24	270.0	65.0
30.04.1980	0.12	340.0	41.0
20.10.1980	0.04	-999.0	-999.0
31.10.1980	0.03	-999.0	-999.0
10.11.1980	0.09	140.0	13.0
20.11.1980	0.15	170.0	26.0
30.11.1980	0.21	160.0	34.0
10.12.1980	0.27	170.0	46.0
20.12.1980	0.34	170.0	58.0
31.12.1980	0.4	170.0	68.0
10.01.1981	0.49	180.0	88.0
20.01.1981	0.46	180.0	83.0
31.01.1981	0.46	180.0	83.0
10.02.1981	0.47	180.0	85.0
20.02.1981	0.48	180.0	86.0
28.02.1981	0.49	180.0	88.0
10.03.1981	0.53	180.0	95.0
15.03.1981	0.53	180.0	95.0
20.03.1981	0.52	180.0	94.0
25.03.1981	0.51	180.0	92.0
31.03.1981	0.5	180.0	90.0
05.04.1981	0.4	230.0	92.0
10.04.1981	0.36	280.0	101.0
15.04.1981	0.21	290.0	61.0
20.10.1981	0.05	140.0	7.0
31.10.1981	0.05	150.0	8.0
10.11.1981	0.13	140.0	18.0
20.11.1981	0.22	160.0	35.0
30.11.1981	0.23	160.0	37.0
10.12.1981	0.27	170.0	46.0
20.12.1981	0.29	170.0	49.0
31.12.1981	0.31	180.0	56.0
10.01.1982	0.34	180.0	61.0
20.01.1982	0.36	180.0	65.0
31.01.1982	0.37	180.0	67.0
10.02.1982	0.39	180.0	70.0
20.02.1982	0.39	180.0	70.0
28.02.1982	0.4	190.0	76.0
10.03.1982	0.43	190.0	82.0
15.03.1982	0.43	190.0	82.0
20.03.1982	0.43	190.0	82.0
25.03.1982	0.43	190.0	82.0
31.03.1982	0.39	200.0	78.0
05.04.1982	0.29	230.0	67.0
10.04.1982	0.17	280.0	48.0
15.04.1982	0.11	300.0	33.0
10.10.1982	0.03	-999.0	-999.0
20.10.1982	0.07	250.0	18.0
31.10.1982	0.05	280.0	14.0
10.11.1982	0.11	270.0	30.0
20.11.1982	0.22	210.0	46.0
30.11.1982	0.27	190.0	51.0
10.12.1982	0.34	180.0	61.0
20.12.1982	0.38	200.0	76.0
31.12.1982	0.47	200.0	94.0
10.01.1983	0.5	200.0	100.0
20.01.1983	0.55	200.0	110.0
31.01.1983	0.56	200.0	112.0
10.02.1983	0.6	200.0	120.0
20.02.1983	0.58	200.0	116.0
28.02.1983	0.6	200.0	120.0
10.03.1983	0.59	200.0	118.0
15.03.1983	0.59	200.0	118.0
20.03.1983	0.59	210.0	124.0
25.03.1983	0.6	210.0	126.0
31.03.1983	0.59	210.0	124.0
05.04.1983	0.57	240.0	137.0
10.04.1983	0.57	240.0	137.0
15.04.1983	0.58	240.0	139.0
20.04.1983	0.51	320.0	163.0
25.04.1983	0.44	310.0	136.0
30.04.1983	0.42	320.0	134.0
05.05.1983	0.1	320.0	32.0
10.10.1983	0.02	-999.0	-999.0
20.10.1983	0.01	-999.0	-999.0
10.11.1983	0.02	-999.0	-999.0
20.11.1983	0.02	160.0	3.0
30.11.1983	0.11	170.0	19.0
10.12.1983	0.2	160.0	32.0
20.12.1983	0.25	140.0	35.0
31.12.1983	0.29	160.0	46.0
10.01.1984	0.3	160.0	48.0
20.01.1984	0.33	190.0	63.0
31.01.1984	0.34	180.0	61.0
10.02.1984	0.38	170.0	65.0
20.02.1984	0.39	180.0	70.0
29.02.1984	0.41	190.0	78.0
10.03.1984	0.43	190.0	82.0
15.03.1984	0.46	190.0	87.0
20.03.1984	0.46	190.0	87.0
25.03.1984	0.46	180.0	83.0
31.03.1984	0.46	190.0	87.0
05.04.1984	0.45	200.0	90.0
10.04.1984	0.42	210.0	88.0
15.04.1984	0.33	230.0	76.0
20.04.1984	0.31	260.0	81.0
25.04.1984	0.19	280.0	53.0
30.04.1984	0.09	310.0	28.0
20.10.1984	0.11	120.0	13.0
31.10.1984	0.18	150.0	27.0
10.11.1984	0.24	150.0	36.0
20.11.1984	0.26	160.0	42.0
30.11.1984	0.3	160.0	48.0
10.12.1984	0.3	220.0	66.0
20.12.1984	0.33	220.0	73.0
31.12.1984	0.42	190.0	80.0
10.01.1985	0.43	190.0	82.0
20.01.1985	0.46	190.0	87.0
31.01.1985	0.55	170.0	94.0
10.02.1985	0.57	190.0	108.0
20.02.1985	0.54	190.0	103.0
28.02.1985	0.56	190.0	106.0
10.03.1985	0.54	200.0	108.0
15.03.1985	0.54	190.0	103.0
20.03.1985	0.56	200.0	112.0
25.03.1985	0.53	200.0	106.0
31.03.1985	0.51	210.0	107.0
05.04.1985	0.53	210.0	111.0
10.04.1985	0.5	220.0	110.0
15.04.1985	0.43	240.0	103.0
20.04.1985	0.17	260.0	44.0
25.04.1985	0.02	-999.0	0.0
30.04.1985	0.0	-999.0	-999.0
20.10.1985	0.03	-999.0	-999.0
31.10.1985	0.04	200.0	8.0
10.11.1985	0.13	160.0	21.0
20.11.1985	0.18	170.0	31.0
30.11.1985	0.22	170.0	37.0
10.12.1985	0.24	170.0	41.0
20.12.1985	0.32	190.0	61.0
31.12.1985	0.33	190.0	63.0
10.01.1986	0.34	180.0	61.0
20.01.1986	0.37	180.0	67.0
31.01.1986	0.38	180.0	68.0
10.02.1986	0.41	180.0	74.0
20.02.1986	0.41	190.0	78.0
28.02.1986	0.4	200.0	80.0
10.03.1986	0.38	210.0	80.0
15.03.1986	0.4	210.0	84.0
20.03.1986	0.38	190.0	72.0
25.03.1986	0.4	200.0	80.0
31.03.1986	0.44	200.0	88.0
05.04.1986	0.43	200.0	86.0
10.04.1986	0.4	200.0	80.0
15.04.1986	0.35	220.0	77.0
20.04.1986	0.34	260.0	88.0
25.04.1986	0.09	270.0	24.0
30.04.1986	0.0	-999.0	-999.0
20.10.1986	0.01	-999.0	-999.0
31.10.1986	0.04	170.0	7.0
10.11.1986	0.22	170.0	37.0
20.11.1986	0.27	120.0	32.0
30.11.1986	0.31	150.0	47.0
10.12.1986	0.31	190.0	59.0
20.12.1986	0.31	180.0	56.0
31.12.1986	0.32	180.0	58.0
10.01.1987	0.31	180.0	56.0
20.01.1987	0.35	190.0	67.0
31.01.1987	0.38	190.0	72.0
10.02.1987	0.4	190.0	76.0
20.02.1987	0.4	190.0	76.0
28.02.1987	0.46	190.0	87.0
10.03.1987	0.46	190.0	87.0
15.03.1987	0.43	200.0	86.0
20.03.1987	0.42	200.0	84.0
25.03.1987	0.45	200.0	90.0
31.03.1987	0.44	210.0	92.0
05.04.1987	0.41	200.0	82.0
10.04.1987	0.4	230.0	92.0
15.04.1987	0.28	250.0	70.0
20.04.1987	0.26	270.0	70.0
25.04.1987	0.17	290.0	49.0
30.04.1987	0.09	290.0	26.0
20.10.1987	0.01	-999.0	-999.0
31.10.1987	0.15	160.0	24.0
10.11.1987	0.16	170.0	27.0
20.11.1987	0.2	190.0	38.0
30.11.1987	0.22	190.0	42.0
10.12.1987	0.29	200.0	58.0
20.12.1987	0.39	200.0	78.0
31.12.1987	0.4	200.0	80.0
10.01.1988	0.42	200.0	84.0
20.01.1988	0.45	200.0	90.0
31.01.1988	0.46	210.0	97.0
10.02.1988	0.47	210.0	99.0
20.02.1988	0.47	210.0	99.0
29.02.1988	0.51	210.0	107.0
10.03.1988	0.51	210.0	107.0
15.03.1988	0.51	210.0	107.0
20.03.1988	0.51	210.0	107.0
25.03.1988	0.49	210.0	103.0
31.03.1988	0.51	220.0	112.0
05.04.1988	0.5	220.0	110.0
10.04.1988	0.35	220.0	77.0
15.04.1988	0.06	230.0	14.0
20.04.1988	0.01	-999.0	-999.0
10.11.1988	0.03	-999.0	-999.0
20.11.1988	0.19	160.0	30.0
30.11.1988	0.19	160.0	30.0
10.12.1988	0.26	130.0	34.0
20.12.1988	0.32	150.0	48.0
31.12.1988	0.32	160.0	51.0
10.01.1989	0.31	180.0	56.0
20.01.1989	0.32	180.0	58.0
31.01.1989	0.37	180.0	67.0
10.02.1989	0.37	180.0	67.0
20.02.1989	0.4	180.0	72.0
28.02.1989	0.4	190.0	76.0
10.03.1989	0.42	200.0	84.0
15.03.1989	0.44	200.0	88.0
20.03.1989	0.45	200.0	90.0
25.03.1989	0.42	200.0	84.0
31.03.1989	0.41	210.0	86.0
05.04.1989	0.36	220.0	79.0
10.04.1989	0.27	240.0	65.0
15.04.1989	0.21	220.0	46.0
20.04.1989	0.21	220.0	46.0
25.04.1989	0.13	230.0	30.0
30.04.1989	0.03	230.0	7.0
20.10.1989	0.01	-999.0	-999.0
31.10.1989	0.02	-999.0	-999.0
10.11.1989	0.07	130.0	9.0
20.11.1989	0.12	160.0	19.0
30.11.1989	0.14	160.0	22.0
10.12.1989	0.15	180.0	27.0
20.12.1989	0.18	170.0	31.0
31.12.1989	0.21	180.0	38.0
10.01.1990	0.23	180.0	41.0
20.01.1990	0.27	180.0	49.0
31.01.1990	0.32	180.0	58.0
10.02.1990	0.35	180.0	63.0
20.02.1990	0.4	170.0	68.0
28.02.1990	0.43	180.0	77.0
10.03.1990	0.36	190.0	68.0
15.03.1990	0.35	190.0	67.0
20.03.1990	0.32	190.0	61.0
25.03.1990	0.29	190.0	55.0
31.03.1990	0.1	200.0	20.0
31.10.1990	0.04	160.0	6.0
10.11.1990	0.13	160.0	21.0
20.11.1990	0.14	160.0	22.0
30.11.1990	0.17	170.0	29.0
10.12.1990	0.19	170.0	32.0
20.12.1990	0.2	180.0	36.0
31.12.1990	0.21	190.0	40.0
10.01.1991	0.21	190.0	40.0
20.01.1991	0.3	190.0	57.0
31.01.1991	0.29	190.0	55.0
10.02.1991	0.33	190.0	63.0
20.02.1991	0.34	190.0	65.0
28.02.1991	0.36	190.0	68.0
10.03.1991	0.38	190.0	72.0
15.03.1991	0.38	190.0	72.0
20.03.1991	0.38	190.0	72.0
25.03.1991	0.38	190.0	72.0
31.03.1991	0.37	200.0	74.0
05.04.1991	0.29	210.0	61.0
10.04.1991	0.21	220.0	46.0
15.04.1991	0.18	220.0	40.0
20.04.1991	0.09	230.0	21.0
25.04.1991	0.03	240.0	7.0
31.10.1991	0.1	160.0	16.0
10.11.1991	0.14	170.0	24.0
20.11.1991	0.2	170.0	34.0
30.11.1991	0.21	170.0	36.0
10.12.1991	0.21	180.0	38.0
20.12.1991	0.22	180.0	40.0
31.12.1991	0.24	180.0	43.0
10.01.1992	0.28	190.0	53.0
20.01.1992	0.32	190.0	61.0
31.01.1992	0.35	190.0	67.0
10.02.1992	0.38	200.0	76.0
20.02.1992	0.4	200.0	80.0
29.02.1992	0.42	200.0	84.0
10.03.1992	0.42	210.0	88.0
15.03.1992	0.41	210.0	86.0
20.03.1992	0.4	210.0	84.0
25.03.1992	0.38	210.0	80.0
31.03.1992	0.39	200.0	78.0
05.04.1992	0.36	210.0	76.0
10.04.1992	0.35	210.0	74.0
15.04.1992	0.3	220.0	66.0
20.04.1992	0.18	220.0	40.0
25.04.1992	0.16	220.0	35.0
30.04.1992	0.07	220.0	15.0
05.05.1992	0.02	230.0	5.0
10.11.1992	0.12	100.0	12.0
20.11.1992	0.13	100.0	13.0
30.11.1992	0.22	100.0	22.0
10.12.1992	0.26	110.0	29.0
20.12.1992	0.24	130.0	31.0
31.12.1992	0.28	150.0	42.0
10.01.1993	0.29	150.0	44.0
20.01.1993	0.33	150.0	50.0
31.01.1993	0.36	170.0	61.0
10.02.1993	0.34	210.0	71.0
20.02.1993	0.36	200.0	72.0
28.02.1993	0.37	200.0	74.0
10.03.1993	0.36	200.0	72.0
15.03.1993	0.36	190.0	68.0
20.03.1993	0.35	160.0	56.0
25.03.1993	0.34	190.0	65.0
31.03.1993	0.29	230.0	67.0
05.04.1993	0.27	220.0	59.0
10.04.1993	0.18	280.0	50.0
20.01.1994	0.4	180.0	72.0
31.01.1994	0.4	190.0	76.0
10.02.1994	0.43	190.0	82.0
20.02.1994	0.43	190.0	82.0
28.02.1994	0.44	190.0	84.0
10.03.1994	0.4	190.0	76.0
15.03.1994	0.4	190.0	76.0
20.03.1994	0.4	200.0	80.0
25.03.1994	0.39	200.0	78.0
31.03.1994	0.25	220.0	55.0
05.04.1994	0.22	230.0	51.0
10.04.1994	0.21	210.0	44.0
15.04.1994	0.21	210.0	44.0
20.04.1994	0.14	230.0	32.0
25.04.1994	0.06	230.0	14.0
30.04.1994	0.02	240.0	5.0
31.10.1994	0.07	100.0	7.0
10.11.1994	0.17	160.0	27.0
20.11.1994	0.16	170.0	27.0
30.11.1994	0.2	170.0	34.0
10.12.1994	0.21	170.0	36.0
20.12.1994	0.2	170.0	34.0
31.12.1994	0.25	190.0	48.0
10.01.1995	0.27	180.0	49.0
20.01.1995	0.35	190.0	67.0
31.01.1995	0.37	190.0	70.0
10.02.1995	0.39	190.0	74.0
20.02.1995	0.39	190.0	74.0
28.02.1995	0.43	200.0	86.0
10.03.1995	0.37	210.0	78.0
15.03.1995	0.44	200.0	88.0
20.03.1995	0.54	210.0	113.0
25.03.1995	0.55	210.0	116.0
31.03.1995	0.52	220.0	114.0
05.04.1995	0.46	210.0	97.0
10.04.1995	0.41	210.0	86.0
15.04.1995	0.35	220.0	77.0
20.04.1995	0.24	230.0	55.0
25.04.1995	0.19	230.0	44.0
30.04.1995	0.15	230.0	35.0
31.10.1995	0.04	150.0	6.0
10.11.1995	0.08	150.0	12.0
20.11.1995	0.19	150.0	29.0
30.11.1995	0.22	160.0	35.0
10.12.1995	0.22	160.0	35.0
20.12.1995	0.25	170.0	43.0
31.12.1995	0.23	180.0	41.0
10.01.1996	0.26	190.0	49.0
20.01.1996	0.27	190.0	51.0
31.01.1996	0.37	200.0	74.0
10.02.1996	0.4	200.0	80.0
20.02.1996	0.42	210.0	88.0
29.02.1996	0.44	210.0	92.0
10.03.1996	0.36	220.0	79.0
15.03.1996	0.34	220.0	75.0
20.03.1996	0.35	220.0	77.0
25.03.1996	0.34	220.0	75.0
31.03.1996	0.3	220.0	66.0
05.04.1996	0.27	220.0	59.0
10.04.1996	0.27	220.0	59.0
15.04.1996	0.26	220.0	57.0
20.04.1996	0.23	230.0	53.0
25.04.1996	0.16	230.0	37.0
30.04.1996	0.07	230.0	16.0
31.10.1996	0.06	160.0	10.0
10.11.1996	0.12	160.0	19.0
20.11.1996	0.2	170.0	34.0
30.11.1996	0.25	170.0	43.0
10.12.1996	0.31	180.0	56.0
20.12.1996	0.36	190.0	68.0
31.12.1996	0.4	190.0	76.0
10.01.1997	0.42	190.0	80.0
10.02.1997	0.47	-999.0	-999.0
10.03.1997	0.46	210.0	97.0
05.04.1997	0.35	220.0	77.0
20.10.1997	0.04	-999.0	-999.0
10.11.1997	0.05	-999.0	-999.0
10.12.1997	0.19	190.0	36.0
10.01.1998	0.24	200.0	48.0
10.02.1998	0.33	210.0	69.0
10.03.1998	0.32	220.0	70.0
05.04.1998	0.22	220.0	48.0
31.10.1998	0.02	-999.0	-999.0
10.11.1998	0.16	160.0	26.0
10.12.1998	0.16	170.0	27.0
10.01.1999	0.3	180.0	54.0
10.02.1999	0.36	180.0	65.0
10.03.1999	0.43	190.0	82.0
05.04.1999	0.28	210.0	59.0
31.10.1999	0.03	-999.0	-999.0
20.11.1999	0.06	-999.0	-999.0
10.12.1999	0.16	-999.0	-999.0
10.01.2000	0.25	190.0	48.0
10.02.2000	0.31	200.0	62.0
10.03.2000	0.36	210.0	76.0
05.04.2000	0.3	220.0	66.0
20.10.2000	0.03	-999.0	-999.0
10.11.2000	0.03	-999.0	-999.0
10.12.2000	0.14	180.0	25.0
10.01.2001	0.18	190.0	34.0
10.02.2001	0.22	190.0	42.0
10.03.2001	0.26	210.0	55.0
05.04.2001	0.19	220.0	42.0
31.10.2001	0.02	-999.0	-999.0
10.11.2001	0.02	-999.0	-999.0
10.12.2001	0.09	-999.0	-999.0
10.01.2002	0.23	190.0	44.0
10.02.2002	0.3	200.0	60.0
10.03.2002	0.27	220.0	59.0
05.04.2002	0.19	230.0	44.0
20.10.2002	0.02	-999.0	-999.0
10.11.2002	0.13	170.0	22.0
10.12.2002	0.21	190.0	40.0
10.01.2003	0.27	190.0	51.0
10.02.2003	0.34	200.0	68.0
10.03.2003	0.33	210.0	69.0
05.04.2003	0.25	230.0	58.0
10.10.2003	0.02	-999.0	-999.0
10.11.2003	0.15	160.0	24.0
10.12.2003	0.16	180.0	29.0
10.01.2004	0.26	190.0	49.0
10.02.2004	0.36	200.0	72.0
10.03.2004	0.44	210.0	92.0
05.04.2004	0.35	220.0	77.0
20.11.2004	0.05	160.0	8.0
10.12.2004	0.14	170.0	24.0
10.01.2005	0.2	180.0	36.0
10.02.2005	0.28	190.0	53.0
10.03.2005	0.31	190.0	59.0
05.04.2005	0.25	210.0	53.0
20.10.2005	0.01	-999.0	-999.0
10.11.2005	0.1	170.0	17.0
10.12.2005	0.2	180.0	36.0
10.01.2006	0.36	190.0	68.0
10.02.2006	0.41	190.0	78.0
20.02.2006	0.47	200.0	94.0
28.02.2006	0.43	210.0	90.0
10.03.2006	0.4	210.0	84.0
15.03.2006	0.4	210.0	84.0
20.03.2006	0.43	210.0	90.0
25.03.2006	0.42	210.0	88.0
31.03.2006	0.41	210.0	86.0
05.04.2006	0.4	210.0	84.0
10.10.2006	0.14	160.0	22.0
20.10.2006	0.1	170.0	17.0
31.10.2006	0.07	170.0	12.0
10.11.2006	0.22	170.0	37.0
20.11.2006	0.27	180.0	49.0
30.11.2006	0.32	180.0	58.0
10.12.2006	0.36	180.0	65.0
20.12.2006	0.42	180.0	76.0
30.12.2006	0.46	180.0	83.0
10.01.2007	0.48	190.0	91.0
20.01.2007	0.56	190.0	106.0
31.01.2007	0.59	190.0	112.0
10.02.2007	0.57	200.0	114.0
20.02.2007	0.59	200.0	118.0
28.02.2007	0.6	200.0	120.0
10.03.2007	0.6	200.0	120.0
15.03.2007	0.59	200.0	118.0
20.03.2007	0.57	200.0	114.0
25.03.2007	0.59	210.0	124.0
31.03.2007	0.6	210.0	126.0
05.04.2007	0.55	210.0	116.0
10.04.2007	0.41	220.0	90.0
15.04.2007	0.31	220.0	68.0
20.04.2007	0.22	220.0	48.0
10.10.2007	0.1	150.0	15.0
20.11.2007	0.11	150.0	17.0
30.11.2007	0.14	170.0	24.0
10.12.2007	0.21	170.0	36.0
20.12.2007	0.27	170.0	46.0
31.12.2007	0.33	170.0	56.0
10.01.2008	0.36	180.0	65.0
20.01.2008	0.37	180.0	67.0
31.01.2008	0.39	180.0	70.0
10.02.2008	0.4	190.0	76.0
20.02.2008	0.42	190.0	80.0
29.02.2008	0.42	200.0	84.0
10.03.2008	0.4	210.0	84.0
15.03.2008	0.38	210.0	80.0
20.03.2008	0.36	210.0	76.0
25.03.2008	0.33	220.0	73.0
31.03.2008	0.29	220.0	64.0
05.04.2008	0.24	220.0	53.0
10.04.2008	0.18	220.0	40.0
15.04.2008	0.14	220.0	31.0
20.04.2008	0.08	220.0	18.0
25.04.2008	0.03	-999.0	-999.0
10.11.2008	0.04	-999.0	-999.0
20.11.2008	0.21	100.0	21.0
30.11.2008	0.25	140.0	35.0
10.12.2008	0.32	160.0	51.0
20.12.2008	0.35	170.0	60.0
31.12.2008	0.39	180.0	70.0
16.01.2009	0.41	180.0	74.0
27.01.2009	0.43	180.0	77.0
10.02.2009	0.49	190.0	93.0
20.02.2009	0.5	190.0	95.0
28.02.2009	0.51	190.0	97.0
10.03.2009	0.53	200.0	106.0
15.03.2009	0.52	200.0	104.0
20.03.2009	0.52	200.0	104.0
25.03.2009	0.5	210.0	105.0
31.03.2009	0.46	210.0	97.0
05.04.2009	0.34	370.0	122.0
10.04.2009	0.08	370.0	26.0
20.10.2009	0.11	100.0	11.0
31.10.2009	0.11	150.0	17.0
10.11.2009	0.2	140.0	28.0
20.11.2009	0.2	160.0	32.0
02.12.2009	0.24	150.0	36.0
20.12.2009	0.34	180.0	61.0
10.01.2010	0.35	190.0	67.0
23.01.2010	0.37	190.0	70.0
02.02.2010	0.38	190.0	72.0
11.02.2010	0.36	200.0	72.0
20.02.2010	0.36	200.0	72.0
28.02.2010	0.36	210.0	76.0
10.03.2010	0.39	210.0	82.0
15.03.2010	0.38	210.0	80.0
20.03.2010	0.36	220.0	79.0
25.03.2010	0.39	220.0	86.0
31.03.2010	0.35	240.0	84.0
05.04.2010	0.33	240.0	79.0
10.04.2010	0.33	240.0	79.0
15.04.2010	0.33	240.0	79.0
20.04.2010	0.24	280.0	67.0
31.10.2010	0.19	130.0	25.0
10.11.2010	0.16	170.0	27.0
20.11.2010	0.15	220.0	33.0
20.12.2010	0.26	180.0	47.0
31.01.2011	0.3	200.0	60.0
12.02.2011	0.32	180.0	58.0
20.02.2011	0.3	210.0	63.0
28.02.2011	0.28	220.0	62.0
10.03.2011	0.32	230.0	74.0
15.03.2011	0.29	240.0	70.0
20.03.2011	0.27	240.0	65.0
25.03.2011	0.25	250.0	63.0
31.03.2011	0.19	290.0	55.0
05.04.2011	0.07	340.0	24.0
10.04.2011	0.04	-999.0	-999.0
31.10.2011	0.01	-999.0	-999.0
10.11.2011	0.02	-999.0	-999.0
20.11.2011	0.04	-999.0	-999.0
30.11.2011	0.12	120.0	14.0
10.12.2011	0.23	100.0	23.0
20.12.2011	0.19	120.0	23.0
30.12.2011	0.2	120.0	24.0
10.01.2012	0.28	130.0	36.0
20.01.2012	0.31	130.0	40.0
01.02.2012	0.36	160.0	58.0
10.02.2012	0.37	170.0	63.0
20.02.2012	0.38	170.0	65.0
29.02.2012	0.38	180.0	68.0
10.03.2012	0.39	190.0	74.0
15.03.2012	0.39	200.0	78.0
20.03.2012	0.39	220.0	86.0
25.03.2012	0.35	230.0	81.0
31.03.2012	0.3	260.0	78.0
05.04.2012	0.29	270.0	78.0
10.04.2012	0.22	290.0	64.0
15.04.2012	0.07	340.0	24.0
20.10.2012	0.01	-999.0	-999.0
31.10.2012	0.09	90.0	8.0
10.11.2012	0.12	90.0	11.0
20.11.2012	0.16	110.0	18.0
28.02.2013	0.33	180.0	59.0
12.03.2013	0.34	190.0	65.0
15.03.2013	0.33	200.0	66.0
20.03.2013	0.36	200.0	72.0
25.03.2013	0.33	220.0	73.0
31.03.2013	0.34	230.0	78.0
05.04.2013	0.31	250.0	78.0
10.04.2013	0.28	270.0	76.0
15.04.2013	0.22	280.0	62.0
20.04.2013	0.08	290.0	23.0
10.11.2013	0.22	-999.0	-999.0
20.11.2013	0.25	120.0	30.0
30.11.2013	0.23	160.0	37.0
10.12.2013	0.22	180.0	40.0
20.12.2013	0.26	160.0	42.0
30.12.2013	0.29	180.0	52.0
20.01.2014	0.37	190.0	70.0
20.02.2014	0.32	220.0	70.0
28.02.2014	0.32	220.0	70.0
10.03.2014	0.31	250.0	78.0
15.03.2014	0.42	200.0	84.0
20.03.2014	0.29	240.0	70.0
31.03.2014	0.2	290.0	58.0
20.10.2014	0.01	-999.0	-999.0
31.10.2014	0.07	140.0	10.0
10.11.2014	0.09	180.0	16.0
20.11.2014	0.1	190.0	19.0
10.12.2014	0.13	150.0	20.0
20.12.2014	0.26	140.0	36.0
30.12.2014	0.34	120.0	41.0
10.01.2015	0.33	160.0	53.0
20.01.2015	0.35	160.0	56.0
31.01.2015	0.31	190.0	59.0
10.02.2015	0.3	200.0	60.0
20.02.2015	0.32	190.0	61.0
28.02.2015	0.3	210.0	63.0
10.03.2015	0.33	-999.0	-999.0
15.03.2015	0.31	-999.0	-999.0
21.03.2015	0.3	-999.0	-999.0
25.03.2015	0.24	-999.0	-999.0
31.03.2015	0.13	-999.0	-999.0
05.04.2015	0.12	-999.0	-999.0
10.04.2015	0.11	-999.0	-999.0
15.04.2015	0.04	-999.0	-999.0
20.10.2015	0.06	80.0	5.0
31.10.2015	0.03	-999.0	-999.0
10.11.2015	0.02	-999.0	-999.0
20.11.2015	0.08	70.0	6.0
30.11.2015	0.12	90.0	11.0
10.12.2015	0.2	-999.0	-999.0
20.12.2015	0.18	-999.0	-999.0
30.12.2015	0.26	-999.0	-999.0
10.01.2016	0.27	-999.0	-999.0
31.01.2016	0.3	190.0	57.0
10.02.2016	0.38	160.0	61.0
20.02.2016	0.37	190.0	70.0
29.02.2016	0.38	190.0	72.0
10.03.2016	0.37	200.0	74.0
15.03.2016	0.38	210.0	80.0
20.03.2016	0.36	230.0	83.0
25.03.2016	0.29	250.0	73.0
31.03.2016	0.24	-999.0	-999.0
05.04.2016	0.13	-999.0	-999.0
10.04.2016	0.05	-999.0	-999.0
20.10.2016	0.01	-999.0	-999.0
31.10.2016	0.09	50.0	5.0
10.11.2016	0.17	80.0	14.0
20.11.2016	0.18	90.0	16.0
30.11.2016	0.26	110.0	29.0
10.12.2016	0.33	120.0	40.0
20.12.2016	0.35	150.0	53.0
30.12.2016	0.38	170.0	65.0
20.01.2017	0.39	180.0	70.0
31.01.2017	0.38	190.0	72.0
10.02.2017	0.42	190.0	80.0
20.02.2017	0.41	200.0	82.0
28.02.2017	0.41	200.0	82.0
10.03.2017	0.45	210.0	95.0
15.03.2017	0.4	230.0	92.0
20.03.2017	0.37	240.0	89.0
25.03.2017	0.36	-999.0	-999.0
31.03.2017	0.22	280.0	62.0
31.10.2017	0.02	-999.0	-999.0
10.11.2017	0.03	-999.0	-999.0
20.11.2017	0.15	100.0	15.0
30.11.2017	0.2	130.0	26.0
20.12.2017	0.38	150.0	57.0
31.12.2017	0.41	160.0	66.0
10.01.2018	0.41	170.0	70.0
20.01.2018	0.42	180.0	76.0
31.01.2018	0.46	180.0	83.0
10.02.2018	0.46	230.0	106.0
20.02.2018	0.47	230.0	108.0
28.02.2018	0.54	230.0	124.0
10.03.2018	0.54	230.0	124.0
15.03.2018	0.54	230.0	124.0
20.03.2018	0.52	240.0	125.0
25.03.2018	0.39	290.0	113.0
31.03.2018	0.36	290.0	104.0
05.04.2018	0.34	290.0	99.0
10.04.2018	0.3	310.0	93.0
15.04.2018	0.13	330.0	43.0
