date	SS4	S2	S1
10.01.1966	0.12	210.0	25.0
20.01.1966	0.12	240.0	29.0
31.01.1966	0.11	210.0	23.0
10.02.1966	0.18	250.0	45.0
20.02.1966	0.15	230.0	35.0
25.02.1966	0.15	230.0	35.0
28.02.1966	0.16	220.0	35.0
10.03.1966	0.15	260.0	39.0
20.03.1966	0.14	290.0	41.0
25.03.1966	0.13	290.0	38.0
31.03.1966	0.14	240.0	34.0
05.04.1966	0.1	310.0	31.0
10.04.1966	0.06	330.0	20.0
15.04.1966	0.03	-999.0	-999.0
31.10.1966	0.01	-999.0	-999.0
20.11.1966	0.03	-999.0	-999.0
30.11.1966	0.03	-999.0	-999.0
10.12.1966	0.05	120.0	6.0
20.12.1966	0.05	110.0	6.0
31.12.1966	0.05	150.0	8.0
10.01.1967	0.05	140.0	7.0
20.01.1967	0.04	-999.0	-999.0
31.01.1967	0.04	-999.0	-999.0
10.02.1967	0.06	180.0	11.0
20.02.1967	0.05	210.0	11.0
25.02.1967	0.07	210.0	15.0
28.02.1967	0.08	210.0	17.0
05.03.1967	0.07	210.0	15.0
10.03.1967	0.08	200.0	16.0
15.03.1967	0.07	190.0	13.0
20.03.1967	0.04	-999.0	-999.0
31.10.1967	0.01	-999.0	-999.0
10.11.1967	0.02	-999.0	-999.0
20.11.1967	0.02	-999.0	-999.0
30.11.1967	0.02	-999.0	-999.0
10.12.1967	0.03	-999.0	-999.0
20.12.1967	0.04	-999.0	-999.0
31.12.1967	0.04	-999.0	-999.0
10.01.1968	0.06	230.0	14.0
20.01.1968	0.05	200.0	10.0
31.01.1968	0.06	210.0	13.0
10.02.1968	0.06	200.0	12.0
20.02.1968	0.04	-999.0	-999.0
25.02.1968	0.04	-999.0	-999.0
29.02.1968	0.03	-999.0	-999.0
05.03.1968	0.04	-999.0	-999.0
10.03.1968	0.02	-999.0	-999.0
15.03.1968	0.01	-999.0	-999.0
05.04.1968	0.01	-999.0	-999.0
10.04.1968	0.0	-999.0	0.0
10.11.1968	0.04	-999.0	-999.0
20.11.1968	0.05	200.0	10.0
30.11.1968	0.06	200.0	12.0
10.12.1968	0.05	190.0	10.0
20.12.1968	0.06	190.0	11.0
31.12.1968	0.06	220.0	13.0
10.01.1969	0.07	220.0	15.0
20.01.1969	0.07	220.0	15.0
31.01.1969	0.07	220.0	15.0
10.02.1969	0.07	220.0	15.0
20.02.1969	0.07	200.0	14.0
28.02.1969	0.07	200.0	14.0
05.03.1969	0.06	220.0	13.0
10.03.1969	0.05	190.0	10.0
15.03.1969	0.04	-999.0	-999.0
20.04.1969	0.01	-999.0	-999.0
31.10.1969	0.01	-999.0	-999.0
20.11.1969	0.06	-999.0	-999.0
30.11.1969	0.07	-999.0	-999.0
10.12.1969	0.09	-999.0	-999.0
20.12.1969	0.09	-999.0	-999.0
31.12.1969	0.09	-999.0	-999.0
10.01.1970	0.1	120.0	12.0
20.01.1970	0.1	140.0	14.0
31.01.1970	0.11	140.0	15.0
10.02.1970	0.1	-999.0	-999.0
20.02.1970	0.08	-999.0	-999.0
28.02.1970	0.09	-999.0	-999.0
05.03.1970	0.08	-999.0	-999.0
10.03.1970	0.1	-999.0	-999.0
15.03.1970	0.1	-999.0	-999.0
20.03.1970	0.09	-999.0	-999.0
25.03.1970	0.09	-999.0	-999.0
31.03.1970	0.03	-999.0	-999.0
10.04.1970	0.01	-999.0	-999.0
10.05.1970	0.01	-999.0	-999.0
10.10.1970	0.01	-999.0	-999.0
31.10.1970	0.0	-999.0	0.0
10.11.1970	0.0	-999.0	0.0
20.11.1970	0.01	-999.0	-999.0
30.11.1970	0.01	-999.0	-999.0
10.12.1970	0.02	-999.0	-999.0
20.12.1970	0.04	-999.0	-999.0
31.12.1970	0.04	-999.0	-999.0
10.01.1971	0.06	200.0	12.0
20.01.1971	0.05	190.0	10.0
31.01.1971	0.05	200.0	10.0
10.02.1971	0.05	210.0	11.0
20.02.1971	0.1	190.0	19.0
25.02.1971	0.09	220.0	20.0
28.02.1971	0.09	220.0	20.0
05.03.1971	0.1	230.0	23.0
10.03.1971	0.1	230.0	23.0
15.03.1971	0.09	250.0	23.0
20.03.1971	0.08	250.0	20.0
25.03.1971	0.08	250.0	20.0
31.03.1971	0.02	-999.0	-999.0
31.10.1971	0.08	270.0	22.0
10.11.1971	0.05	-999.0	-999.0
20.11.1971	0.06	260.0	16.0
30.11.1971	0.08	-999.0	-999.0
10.12.1971	0.07	-999.0	-999.0
20.12.1971	0.07	-999.0	-999.0
31.12.1971	0.07	260.0	18.0
10.01.1972	0.08	260.0	21.0
20.01.1972	0.08	260.0	21.0
31.01.1972	0.09	250.0	23.0
05.02.1972	-999.0	-999.0	0.0
10.02.1972	0.09	250.0	23.0
15.02.1972	-999.0	-999.0	0.0
20.02.1972	0.09	260.0	23.0
25.02.1972	0.08	270.0	22.0
29.02.1972	0.08	270.0	22.0
05.03.1972	0.07	300.0	21.0
10.03.1972	0.04	-999.0	-999.0
15.03.1972	0.02	-999.0	-999.0
25.03.1972	0.0	-999.0	0.0
10.10.1972	0.01	-999.0	-999.0
20.10.1972	-999.0	-999.0	0.0
31.10.1972	0.05	-999.0	-999.0
10.11.1972	0.1	190.0	19.0
20.11.1972	0.07	210.0	15.0
30.11.1972	0.08	200.0	16.0
10.12.1972	0.08	200.0	16.0
10.01.1973	0.1	200.0	20.0
20.01.1973	0.1	200.0	20.0
31.01.1973	0.1	210.0	21.0
10.02.1973	0.09	200.0	18.0
20.02.1973	0.11	210.0	23.0
25.02.1973	0.09	210.0	19.0
28.02.1973	0.1	220.0	22.0
05.03.1973	0.09	220.0	20.0
10.03.1973	0.09	230.0	21.0
15.03.1973	0.09	230.0	21.0
20.03.1973	0.05	-999.0	-999.0
05.04.1973	0.01	-999.0	-999.0
15.04.1973	0.04	-999.0	-999.0
20.04.1973	0.03	-999.0	-999.0
25.04.1973	0.05	210.0	10.0
30.04.1973	0.08	210.0	17.0
20.10.1973	0.03	-999.0	-999.0
10.11.1973	0.02	-999.0	-999.0
20.11.1973	0.05	-999.0	-999.0
30.11.1973	0.04	-999.0	-999.0
10.12.1973	0.05	-999.0	-999.0
20.12.1973	0.05	210.0	10.0
31.12.1973	0.04	-999.0	-999.0
10.01.1975	0.03	-999.0	-999.0
20.01.1975	0.03	-999.0	-999.0
31.01.1975	0.03	-999.0	-999.0
10.02.1975	0.06	210.0	13.0
20.02.1975	0.06	200.0	12.0
28.02.1975	0.06	210.0	13.0
05.03.1975	0.05	210.0	10.0
10.03.1975	0.01	-999.0	-999.0
20.03.1975	0.0	-999.0	0.0
10.04.1975	0.01	-999.0	-999.0
15.04.1975	0.06	210.0	13.0
20.04.1975	0.01	-999.0	-999.0
20.10.1975	0.0	-999.0	0.0
31.10.1975	0.0	-999.0	0.0
10.11.1975	0.02	-999.0	-999.0
20.11.1975	0.03	-999.0	-999.0
30.11.1975	0.03	-999.0	-999.0
10.12.1975	0.03	-999.0	-999.0
20.12.1975	0.03	-999.0	-999.0
31.12.1975	0.03	-999.0	-999.0
10.01.1976	0.03	-999.0	-999.0
20.01.1976	0.03	-999.0	-999.0
31.01.1976	0.04	-999.0	-999.0
05.05.1976	0.02	-999.0	-999.0
20.10.1976	0.0	-999.0	0.0
31.10.1976	0.0	-999.0	0.0
20.11.1976	0.0	-999.0	0.0
30.11.1976	0.0	-999.0	0.0
10.12.1976	0.01	-999.0	-999.0
20.12.1976	0.02	-999.0	-999.0
31.12.1976	0.02	-999.0	-999.0
10.01.1977	0.03	-999.0	-999.0
20.01.1977	0.03	-999.0	-999.0
31.01.1977	0.04	-999.0	-999.0
10.02.1977	0.04	-999.0	-999.0
20.02.1977	0.04	-999.0	-999.0
28.02.1977	0.05	170.0	9.0
05.03.1977	0.05	180.0	9.0
10.03.1977	0.04	190.0	8.0
15.03.1977	0.01	-999.0	-999.0
20.03.1977	0.01	-999.0	-999.0
25.03.1977	0.03	200.0	6.0
05.04.1977	0.01	-999.0	-999.0
09.04.1977	0.04	-999.0	-999.0
16.04.1977	0.0	-999.0	0.0
03.05.1977	0.0	-999.0	0.0
05.11.1977	0.02	-999.0	-999.0
10.11.1977	0.0	-999.0	0.0
20.11.1977	0.01	-999.0	-999.0
30.11.1977	0.02	-999.0	-999.0
10.12.1977	0.04	140.0	6.0
20.12.1977	0.07	150.0	11.0
31.12.1977	0.09	110.0	10.0
10.01.1978	0.09	130.0	12.0
20.01.1978	0.1	120.0	12.0
31.01.1978	0.1	120.0	12.0
10.02.1978	0.09	140.0	13.0
20.02.1978	0.08	170.0	14.0
28.02.1978	0.07	170.0	12.0
05.03.1978	0.11	160.0	18.0
10.03.1978	0.11	170.0	19.0
15.03.1978	0.09	210.0	19.0
20.03.1978	0.08	230.0	18.0
08.04.1978	0.0	-999.0	0.0
22.10.1978	0.0	-999.0	0.0
25.10.1978	0.03	-999.0	-999.0
07.11.1978	0.0	-999.0	0.0
18.11.1978	0.03	100.0	3.0
20.11.1978	0.03	130.0	4.0
30.11.1978	0.03	-999.0	-999.0
10.12.1978	0.07	140.0	10.0
20.12.1978	0.06	150.0	9.0
31.12.1978	0.07	160.0	11.0
10.01.1979	0.09	170.0	15.0
20.01.1979	0.08	180.0	14.0
31.01.1979	0.07	130.0	9.0
10.02.1979	0.08	160.0	13.0
20.02.1979	0.1	170.0	17.0
28.02.1979	0.09	200.0	18.0
05.03.1979	0.08	180.0	14.0
10.03.1979	0.09	200.0	18.0
15.03.1979	0.08	200.0	16.0
20.03.1979	0.08	200.0	16.0
25.03.1979	0.06	210.0	13.0
31.03.1979	0.02	-999.0	-999.0
13.04.1979	0.05	200.0	10.0
15.04.1979	0.03	-999.0	-999.0
21.09.1979	0.0	-999.0	0.0
25.10.1979	0.01	-999.0	-999.0
31.10.1979	0.08	170.0	14.0
10.11.1979	0.12	160.0	19.0
20.11.1979	0.13	150.0	20.0
30.11.1979	0.16	160.0	26.0
10.12.1979	0.15	220.0	33.0
20.12.1979	0.13	220.0	29.0
31.12.1979	0.12	250.0	30.0
10.01.1980	0.13	220.0	29.0
20.01.1980	0.14	210.0	29.0
31.01.1980	0.14	240.0	34.0
10.02.1980	0.12	220.0	26.0
20.02.1980	0.12	230.0	28.0
29.02.1980	0.12	230.0	28.0
05.03.1980	0.1	240.0	24.0
10.03.1980	0.11	240.0	26.0
15.03.1980	0.11	240.0	26.0
20.03.1980	0.11	220.0	24.0
25.03.1980	0.11	230.0	25.0
31.03.1980	0.02	-999.0	-999.0
19.04.1980	0.04	-999.0	-999.0
21.04.1980	0.0	-999.0	0.0
13.10.1980	0.03	-999.0	-999.0
17.10.1980	0.0	-999.0	0.0
29.10.1980	0.0	-999.0	0.0
05.11.1980	0.02	-999.0	-999.0
10.11.1980	0.06	130.0	8.0
20.11.1980	0.06	130.0	8.0
30.11.1980	0.07	140.0	10.0
10.12.1980	0.07	160.0	11.0
20.12.1980	0.07	180.0	13.0
31.12.1980	0.07	190.0	13.0
10.01.1981	0.08	180.0	14.0
20.01.1981	0.08	180.0	14.0
31.01.1981	0.08	190.0	15.0
10.02.1981	0.09	200.0	18.0
20.02.1981	0.11	200.0	22.0
28.02.1981	0.11	210.0	23.0
05.03.1981	0.1	200.0	20.0
10.03.1981	0.11	210.0	23.0
15.03.1981	0.04	220.0	9.0
23.04.1981	0.01	-999.0	-999.0
02.05.1981	0.02	-999.0	-999.0
17.10.1981	0.02	-999.0	-999.0
20.10.1981	0.04	-999.0	-999.0
28.10.1981	0.06	120.0	7.0
31.10.1981	0.06	120.0	7.0
10.11.1981	0.08	110.0	9.0
20.11.1981	0.07	120.0	8.0
30.11.1981	0.1	170.0	17.0
10.12.1981	0.1	170.0	17.0
20.12.1981	0.1	170.0	17.0
31.12.1981	0.1	180.0	18.0
10.01.1982	0.1	180.0	18.0
20.01.1982	0.1	180.0	18.0
31.01.1982	0.1	180.0	18.0
10.02.1982	0.1	180.0	18.0
20.02.1982	0.1	180.0	18.0
28.02.1982	0.1	170.0	17.0
05.03.1982	0.06	150.0	9.0
10.03.1982	0.04	180.0	7.0
15.03.1982	0.08	160.0	13.0
20.03.1982	0.06	150.0	9.0
25.03.1982	0.02	-999.0	-999.0
01.04.1982	0.04	-999.0	-999.0
13.04.1982	0.01	-999.0	-999.0
26.09.1982	0.0	-999.0	0.0
22.10.1982	0.01	-999.0	-999.0
30.10.1982	0.02	-999.0	-999.0
31.10.1982	0.02	-999.0	-999.0
16.11.1982	0.01	-999.0	-999.0
20.11.1982	0.0	-999.0	0.0
30.11.1982	0.08	120.0	10.0
10.12.1982	0.07	140.0	10.0
20.12.1982	0.07	140.0	10.0
31.12.1982	0.07	140.0	10.0
10.01.1983	0.07	150.0	11.0
20.01.1983	0.08	150.0	12.0
31.01.1983	0.08	150.0	12.0
10.02.1983	0.07	150.0	11.0
20.02.1983	0.08	150.0	12.0
28.02.1983	0.07	160.0	11.0
05.03.1983	0.01	-999.0	-999.0
10.03.1983	0.02	-999.0	-999.0
15.03.1983	0.01	-999.0	-999.0
21.03.1983	0.0	-999.0	0.0
02.04.1983	0.0	-999.0	0.0
06.04.1983	0.01	-999.0	-999.0
09.04.1983	0.02	-999.0	-999.0
10.04.1983	0.0	-999.0	0.0
09.11.1983	0.0	-999.0	0.0
10.11.1983	0.02	-999.0	-999.0
20.11.1983	0.04	-999.0	-999.0
30.11.1983	0.04	-999.0	-999.0
10.12.1983	0.05	150.0	8.0
20.12.1983	0.07	160.0	11.0
31.12.1983	0.07	160.0	11.0
10.01.1984	0.07	170.0	12.0
20.01.1984	0.08	190.0	15.0
31.01.1984	0.08	170.0	14.0
10.02.1984	0.09	180.0	16.0
20.02.1984	0.09	180.0	16.0
29.02.1984	0.16	170.0	27.0
05.03.1984	0.15	180.0	27.0
10.03.1984	0.15	180.0	27.0
15.03.1984	0.13	180.0	23.0
20.03.1984	0.13	180.0	23.0
25.03.1984	0.15	160.0	24.0
31.03.1984	0.13	190.0	25.0
05.04.1984	0.04	-999.0	-999.0
17.04.1984	0.08	150.0	12.0
22.10.1984	0.0	-999.0	0.0
31.10.1984	0.02	-999.0	-999.0
06.11.1984	0.0	-999.0	0.0
10.11.1984	0.02	-999.0	-999.0
20.11.1984	0.01	-999.0	-999.0
30.11.1984	0.01	-999.0	-999.0
10.12.1984	0.02	-999.0	-999.0
20.12.1984	0.01	-999.0	-999.0
31.12.1984	0.01	-999.0	-999.0
10.01.1985	0.02	-999.0	-999.0
20.01.1985	0.03	-999.0	-999.0
31.01.1985	0.03	-999.0	-999.0
10.02.1985	0.05	120.0	6.0
20.02.1985	0.05	140.0	7.0
28.02.1985	0.05	150.0	8.0
05.03.1985	0.05	150.0	8.0
10.03.1985	0.02	-999.0	-999.0
15.03.1985	0.0	-999.0	-999.0
17.03.1985	0.01	-999.0	-999.0
24.03.1985	0.0	-999.0	-999.0
28.03.1985	0.02	-999.0	-999.0
06.04.1985	0.0	-999.0	-999.0
20.09.1985	0.01	-999.0	-999.0
11.10.1985	0.0	-999.0	-999.0
04.11.1985	0.0	-999.0	-999.0
19.11.1985	0.0	-999.0	-999.0
20.11.1985	0.0	-999.0	-999.0
30.11.1985	0.0	-999.0	-999.0
10.12.1985	0.03	-999.0	-999.0
20.12.1985	0.03	-999.0	-999.0
31.12.1985	0.04	-999.0	-999.0
10.01.1986	0.04	-999.0	-999.0
20.01.1986	0.04	-999.0	-999.0
31.01.1986	0.06	130.0	8.0
10.02.1986	0.06	140.0	8.0
20.02.1986	0.06	120.0	7.0
28.02.1986	0.04	-999.0	-999.0
12.03.1986	0.05	130.0	7.0
15.03.1986	0.09	160.0	14.0
20.03.1986	0.04	-999.0	-999.0
25.03.1986	0.0	-999.0	-999.0
08.04.1986	0.01	-999.0	-999.0
18.04.1986	0.0	-999.0	-999.0
19.04.1986	0.06	200.0	12.0
20.04.1986	0.02	-999.0	-999.0
07.05.1986	0.03	-999.0	-999.0
02.11.1986	0.0	-999.0	-999.0
10.11.1986	0.0	-999.0	-999.0
12.11.1986	0.01	-999.0	-999.0
20.11.1986	0.02	-999.0	-999.0
30.11.1986	0.02	-999.0	-999.0
10.12.1986	0.02	-999.0	-999.0
20.12.1986	0.03	-999.0	-999.0
31.12.1986	0.03	-999.0	-999.0
10.01.1987	0.04	-999.0	-999.0
20.01.1987	0.08	120.0	10.0
31.01.1987	0.07	130.0	9.0
10.02.1987	0.1	130.0	13.0
20.02.1987	0.09	120.0	11.0
28.02.1987	0.09	130.0	12.0
05.03.1987	0.07	140.0	10.0
10.03.1987	0.03	-999.0	-999.0
15.03.1987	0.01	-999.0	-999.0
20.03.1987	0.03	-999.0	-999.0
25.03.1987	0.0	-999.0	-999.0
28.03.1987	0.01	-999.0	-999.0
06.10.1987	0.0	-999.0	-999.0
10.11.1987	0.0	-999.0	-999.0
20.11.1987	0.06	140.0	8.0
30.11.1987	0.08	130.0	10.0
10.12.1987	0.08	170.0	14.0
20.12.1987	0.09	120.0	11.0
31.12.1987	0.11	180.0	20.0
10.01.1988	0.11	180.0	20.0
20.01.1988	0.11	180.0	20.0
31.01.1988	0.1	190.0	19.0
10.02.1988	0.09	240.0	22.0
20.02.1988	0.09	230.0	21.0
29.02.1988	0.09	240.0	22.0
05.03.1988	0.08	240.0	19.0
10.03.1988	0.03	-999.0	-999.0
15.03.1988	0.01	-999.0	-999.0
28.03.1988	0.01	-999.0	-999.0
12.04.1988	0.04	-999.0	-999.0
18.04.1988	0.03	-999.0	-999.0
29.09.1988	0.01	-999.0	-999.0
31.10.1988	0.05	-999.0	-999.0
10.11.1988	0.01	-999.0	-999.0
20.11.1988	0.01	-999.0	-999.0
30.11.1988	0.1	120.0	12.0
10.12.1988	0.1	140.0	14.0
20.12.1988	0.11	140.0	15.0
31.12.1988	0.12	150.0	18.0
10.01.1989	0.15	150.0	23.0
20.01.1989	0.16	150.0	24.0
31.01.1989	0.17	150.0	26.0
10.02.1989	0.15	150.0	23.0
20.02.1989	0.12	150.0	18.0
28.02.1989	0.1	150.0	15.0
05.03.1989	0.1	150.0	15.0
10.03.1989	0.08	150.0	12.0
15.03.1989	0.03	-999.0	-999.0
20.03.1989	0.01	-999.0	-999.0
26.03.1989	0.0	-999.0	-999.0
30.03.1989	0.08	140.0	11.0
22.04.1989	0.23	220.0	51.0
06.11.1989	0.03	-999.0	-999.0
10.11.1989	0.08	110.0	9.0
20.11.1989	0.08	110.0	9.0
30.11.1989	0.08	110.0	9.0
10.12.1989	0.1	120.0	12.0
20.12.1989	0.09	140.0	13.0
31.12.1989	0.09	140.0	13.0
10.01.1990	0.09	150.0	14.0
20.01.1990	0.09	150.0	14.0
31.01.1990	0.09	150.0	14.0
10.02.1990	0.13	160.0	21.0
20.02.1990	0.16	190.0	30.0
28.02.1990	0.15	180.0	27.0
05.03.1990	0.12	150.0	18.0
14.03.1990	0.01	-999.0	-999.0
11.04.1990	0.04	-999.0	-999.0
26.04.1990	0.0	-999.0	-999.0
25.10.1990	0.01	-999.0	-999.0
31.10.1990	0.02	-999.0	-999.0
10.11.1990	0.01	-999.0	-999.0
15.11.1990	0.02	-999.0	-999.0
20.11.1990	0.01	-999.0	-999.0
06.12.1990	0.02	-999.0	-999.0
10.12.1990	0.02	-999.0	-999.0
20.12.1990	0.03	-999.0	-999.0
31.12.1990	0.04	-999.0	-999.0
10.01.1991	0.06	120.0	7.0
20.01.1991	0.07	130.0	9.0
31.01.1991	0.07	130.0	9.0
10.02.1991	0.07	130.0	9.0
20.02.1991	0.08	140.0	11.0
28.02.1991	0.05	120.0	6.0
16.03.1991	0.0	-999.0	-999.0
29.03.1991	0.01	-999.0	-999.0
05.04.1991	0.08	190.0	15.0
15.10.1991	0.03	-999.0	-999.0
18.10.1991	0.0	-999.0	-999.0
20.10.1991	0.01	-999.0	-999.0
29.10.1991	0.01	-999.0	-999.0
02.11.1991	0.0	-999.0	-999.0
05.11.1991	0.0	-999.0	-999.0
10.11.1991	0.01	-999.0	-999.0
20.11.1991	0.01	-999.0	-999.0
30.11.1991	0.01	-999.0	-999.0
10.12.1991	0.02	-999.0	-999.0
20.12.1991	0.03	-999.0	-999.0
31.12.1991	0.08	80.0	6.0
10.01.1992	0.07	110.0	8.0
20.01.1992	0.08	150.0	12.0
31.01.1992	0.09	130.0	12.0
10.02.1992	0.09	140.0	13.0
20.02.1992	0.08	140.0	11.0
29.02.1992	0.02	-999.0	-999.0
05.03.1992	0.01	-999.0	-999.0
18.03.1992	0.04	-999.0	-999.0
20.03.1992	0.01	-999.0	-999.0
07.04.1992	0.04	-999.0	-999.0
14.04.1992	0.02	-999.0	-999.0
18.04.1992	0.01	-999.0	-999.0
22.10.1992	0.04	-999.0	-999.0
30.10.1992	0.0	-999.0	-999.0
14.11.1992	0.01	-999.0	-999.0
20.11.1992	0.0	-999.0	-999.0
30.11.1992	0.12	120.0	14.0
10.12.1992	0.12	150.0	18.0
20.12.1992	0.14	150.0	21.0
31.12.1992	0.11	170.0	19.0
10.01.1993	0.13	190.0	25.0
20.01.1993	0.13	190.0	25.0
31.01.1993	0.13	180.0	23.0
10.02.1993	0.14	180.0	25.0
20.02.1993	0.13	180.0	23.0
28.02.1993	0.11	160.0	18.0
05.03.1993	0.11	180.0	20.0
10.03.1993	0.06	150.0	9.0
01.04.1993	0.03	-999.0	-999.0
06.04.1993	0.0	-999.0	-999.0
09.04.1993	0.0	-999.0	-999.0
20.10.1993	0.02	-999.0	-999.0
04.11.1993	0.08	110.0	9.0
10.11.1993	0.04	-999.0	-999.0
20.11.1993	0.02	-999.0	-999.0
30.11.1993	0.03	-999.0	-999.0
10.12.1993	0.06	110.0	7.0
20.12.1993	0.07	120.0	8.0
31.12.1993	0.08	130.0	10.0
10.01.1994	0.08	130.0	10.0
20.01.1994	0.09	140.0	13.0
31.01.1994	0.1	140.0	14.0
10.02.1994	0.08	150.0	12.0
20.02.1994	0.07	160.0	11.0
28.02.1994	0.1	180.0	18.0
05.03.1994	0.08	170.0	14.0
10.03.1994	0.1	180.0	18.0
15.03.1994	0.06	190.0	11.0
20.03.1994	0.04	-999.0	-999.0
15.10.1994	0.04	-999.0	-999.0
31.10.1994	0.03	-999.0	-999.0
10.11.1994	0.03	-999.0	-999.0
20.11.1994	0.02	-999.0	-999.0
30.11.1994	0.02	-999.0	-999.0
10.12.1994	0.01	-999.0	-999.0
20.12.1994	0.01	-999.0	-999.0
31.12.1994	0.01	-999.0	-999.0
10.01.1995	0.01	-999.0	-999.0
20.01.1995	0.01	-999.0	-999.0
31.01.1995	0.01	-999.0	-999.0
10.02.1995	0.01	-999.0	-999.0
22.02.1995	0.01	-999.0	-999.0
01.03.1995	0.01	-999.0	-999.0
09.03.1995	0.0	-999.0	-999.0
14.03.1995	0.0	-999.0	-999.0
19.03.1995	0.0	-999.0	-999.0
20.03.1995	0.01	-999.0	-999.0
13.04.1995	0.0	-999.0	-999.0
29.04.1995	0.06	120.0	7.0
29.10.1995	0.0	-999.0	-999.0
09.11.1995	0.03	-999.0	-999.0
20.11.1995	0.02	-999.0	-999.0
30.11.1995	0.03	-999.0	-999.0
10.12.1995	0.04	-999.0	-999.0
20.12.1995	0.03	-999.0	-999.0
31.12.1995	0.04	-999.0	-999.0
10.01.1996	0.04	-999.0	-999.0
20.01.1996	0.05	120.0	6.0
31.01.1996	0.05	120.0	6.0
10.02.1996	0.05	130.0	7.0
20.02.1996	0.06	130.0	8.0
29.02.1996	0.05	140.0	7.0
05.03.1996	0.03	-999.0	-999.0
10.03.1996	0.01	-999.0	-999.0
20.03.1996	0.0	-999.0	-999.0
29.03.1996	0.04	-999.0	-999.0
31.03.1996	0.06	180.0	11.0
08.04.1996	0.06	190.0	11.0
17.04.1996	0.0	-999.0	-999.0
24.04.1996	0.01	-999.0	-999.0
28.10.1996	0.03	-999.0	-999.0
31.10.1996	0.0	-999.0	-999.0
10.11.1996	0.04	110.0	4.0
20.11.1996	0.04	-999.0	-999.0
30.11.1996	0.16	110.0	18.0
10.12.1996	0.16	130.0	21.0
20.12.1996	0.17	140.0	24.0
31.12.1996	0.13	210.0	27.0
10.01.1997	0.12	210.0	25.0
10.02.1997	0.15	240.0	36.0
05.03.1997	0.17	190.0	32.0
20.10.1997	0.03	-999.0	-999.0
10.11.1997	0.04	-999.0	-999.0
10.12.1997	0.03	-999.0	-999.0
10.01.1998	0.07	160.0	11.0
10.02.1998	0.08	-999.0	-999.0
05.03.1998	0.05	200.0	10.0
12.04.1998	0.02	-999.0	-999.0
10.11.1998	0.02	-999.0	-999.0
10.12.1998	0.04	-999.0	-999.0
10.01.1999	0.08	200.0	16.0
10.02.1999	0.09	200.0	18.0
05.03.1999	0.05	150.0	8.0
31.10.1999	0.11	120.0	13.0
10.11.1999	0.11	120.0	13.0
10.12.1999	0.13	170.0	22.0
10.01.2000	0.18	180.0	32.0
10.02.2000	0.15	180.0	27.0
05.03.2000	0.15	220.0	33.0
10.04.2000	0.01	-999.0	-999.0
11.10.2000	0.0	-999.0	-999.0
12.11.2000	0.01	-999.0	-999.0
10.12.2000	0.01	-999.0	-999.0
10.01.2001	0.09	120.0	11.0
10.02.2001	0.08	150.0	12.0
05.03.2001	0.05	150.0	8.0
10.04.2001	0.02	-999.0	-999.0
04.05.2001	0.02	-999.0	-999.0
16.10.2001	0.01	-999.0	-999.0
10.11.2001	0.04	20.0	1.0
10.12.2001	0.02	-999.0	-999.0
10.01.2002	0.1	-999.0	-999.0
10.02.2002	0.14	240.0	34.0
05.03.2002	0.05	160.0	8.0
08.04.2002	0.01	-999.0	-999.0
27.10.2002	0.0	-999.0	-999.0
10.11.2002	0.0	-999.0	-999.0
10.12.2002	0.0	-999.0	-999.0
10.01.2003	0.03	-999.0	-999.0
10.02.2003	0.05	170.0	9.0
05.03.2003	0.06	130.0	8.0
16.04.2003	0.01	-999.0	-999.0
12.10.2003	0.01	-999.0	-999.0
10.11.2003	0.01	-999.0	-999.0
10.12.2003	0.11	160.0	18.0
10.01.2004	0.12	180.0	22.0
10.02.2004	0.12	150.0	18.0
05.03.2004	0.13	160.0	21.0
15.04.2004	0.04	-999.0	-999.0
01.10.2004	0.01	-999.0	-999.0
10.11.2004	0.03	-999.0	-999.0
04.12.2004	0.02	-999.0	-999.0
10.01.2005	0.06	120.0	7.0
10.02.2005	0.09	120.0	11.0
05.03.2005	0.08	150.0	12.0
07.04.2005	0.01	-999.0	-999.0
06.05.2005	0.03	-999.0	-999.0
17.11.2005	0.01	-999.0	-999.0
10.12.2005	0.02	-999.0	-999.0
10.01.2006	0.08	-999.0	-999.0
20.01.2006	0.12	140.0	17.0
31.01.2006	0.13	140.0	18.0
10.02.2006	0.12	150.0	18.0
20.02.2006	0.1	150.0	15.0
28.02.2006	0.06	210.0	13.0
05.03.2006	0.06	200.0	12.0
08.04.2006	0.03	-999.0	-999.0
04.11.2006	0.01	-999.0	-999.0
10.11.2006	0.12	100.0	12.0
20.11.2006	0.12	110.0	13.0
30.11.2006	0.11	100.0	11.0
10.12.2006	0.11	130.0	14.0
20.12.2006	0.12	140.0	17.0
30.12.2006	0.13	140.0	18.0
10.01.2007	0.16	150.0	24.0
20.01.2007	0.17	160.0	27.0
31.01.2007	0.14	120.0	17.0
10.02.2007	0.13	130.0	17.0
20.02.2007	0.13	130.0	17.0
28.02.2007	0.12	140.0	17.0
05.03.2007	0.15	170.0	26.0
10.03.2007	0.13	160.0	21.0
15.03.2007	0.12	150.0	18.0
20.03.2007	0.11	160.0	18.0
25.03.2007	0.08	180.0	14.0
31.03.2007	0.05	-999.0	-999.0
10.04.2007	0.09	140.0	13.0
20.04.2007	0.03	-999.0	-999.0
18.10.2007	0.01	-999.0	-999.0
20.10.2007	0.01	-999.0	-999.0
27.10.2007	0.01	-999.0	-999.0
31.10.2007	0.01	-999.0	-999.0
27.11.2007	0.0	-999.0	-999.0
30.11.2007	0.01	-999.0	-999.0
20.12.2007	0.01	-999.0	-999.0
30.12.2007	0.03	-999.0	-999.0
10.01.2008	0.03	-999.0	-999.0
20.01.2008	0.03	-999.0	-999.0
31.01.2008	0.03	-999.0	-999.0
10.02.2008	0.06	110.0	7.0
20.02.2008	0.05	-999.0	-999.0
22.03.2008	0.08	130.0	10.0
25.03.2008	0.06	130.0	8.0
02.04.2008	0.01	-999.0	-999.0
09.04.2008	0.03	-999.0	-999.0
10.04.2008	0.04	-999.0	-999.0
23.10.2008	0.04	-999.0	-999.0
31.10.2008	0.05	100.0	5.0
10.11.2008	0.04	-999.0	-999.0
20.11.2008	0.04	-999.0	-999.0
30.11.2008	0.07	110.0	8.0
10.12.2008	0.08	120.0	10.0
20.12.2008	0.08	200.0	16.0
30.12.2008	0.08	220.0	18.0
10.01.2009	0.07	200.0	14.0
20.01.2009	0.08	200.0	16.0
31.01.2009	0.07	220.0	15.0
10.02.2009	0.07	210.0	15.0
20.02.2009	0.09	220.0	20.0
28.02.2009	0.09	220.0	20.0
05.03.2009	0.09	210.0	19.0
10.03.2009	0.08	200.0	16.0
15.03.2009	0.08	210.0	17.0
20.03.2009	0.07	220.0	15.0
25.03.2009	0.06	220.0	13.0
19.10.2009	0.09	170.0	15.0
20.10.2009	0.11	150.0	17.0
31.10.2009	0.04	-999.0	-999.0
20.11.2009	0.03	-999.0	-999.0
30.11.2009	0.07	130.0	9.0
10.12.2009	0.12	150.0	18.0
20.12.2009	0.11	170.0	19.0
30.12.2009	0.16	150.0	24.0
10.01.2010	0.17	150.0	26.0
20.01.2010	0.17	150.0	26.0
31.01.2010	0.15	160.0	24.0
10.02.2010	0.14	190.0	27.0
20.02.2010	0.14	190.0	27.0
28.02.2010	0.14	200.0	28.0
05.03.2010	0.14	200.0	28.0
10.03.2010	0.11	210.0	23.0
15.03.2010	0.1	200.0	20.0
20.03.2010	0.09	190.0	17.0
25.03.2010	0.07	150.0	11.0
01.04.2010	0.08	120.0	10.0
05.04.2010	0.06	130.0	8.0
27.04.2010	0.09	160.0	14.0
14.10.2010	0.01	-999.0	-999.0
11.11.2010	0.0	-999.0	-999.0
20.11.2010	0.06	120.0	7.0
30.11.2010	0.12	120.0	14.0
10.12.2010	0.16	130.0	21.0
20.12.2010	0.18	140.0	25.0
30.12.2010	0.19	140.0	27.0
10.01.2011	0.18	150.0	27.0
20.01.2011	0.18	150.0	27.0
31.01.2011	0.18	150.0	27.0
10.02.2011	0.18	160.0	29.0
20.02.2011	0.19	170.0	32.0
28.02.2011	0.18	190.0	34.0
05.03.2011	0.16	190.0	30.0
10.03.2011	0.14	200.0	28.0
15.03.2011	0.14	200.0	28.0
20.03.2011	0.12	230.0	28.0
07.04.2011	0.0	-999.0	-999.0
12.11.2011	0.05	-999.0	-999.0
20.11.2011	0.09	130.0	12.0
30.11.2011	0.1	140.0	14.0
10.12.2011	0.1	140.0	14.0
20.12.2011	0.1	150.0	15.0
30.12.2011	0.11	150.0	17.0
10.01.2012	0.11	160.0	18.0
20.01.2012	0.13	150.0	20.0
31.01.2012	0.13	150.0	20.0
10.02.2012	0.14	150.0	21.0
20.02.2012	0.14	160.0	22.0
29.02.2012	0.13	170.0	22.0
05.03.2012	0.13	170.0	22.0
10.03.2012	0.12	150.0	18.0
15.03.2012	0.1	160.0	16.0
20.03.2012	0.07	190.0	13.0
30.03.2012	0.0	-999.0	-999.0
13.10.2012	0.03	-999.0	-999.0
24.10.2012	0.0	-999.0	-999.0
08.11.2012	0.0	-999.0	-999.0
09.11.2012	0.0	-999.0	-999.0
10.11.2012	0.01	-999.0	-999.0
20.11.2012	0.12	100.0	12.0
30.11.2012	0.13	110.0	14.0
10.12.2012	0.13	130.0	17.0
20.12.2012	0.13	140.0	18.0
30.12.2012	0.14	140.0	20.0
10.01.2013	0.13	150.0	20.0
20.01.2013	0.13	170.0	22.0
31.01.2013	0.16	160.0	26.0
10.02.2013	0.19	160.0	30.0
20.02.2013	0.2	160.0	32.0
28.02.2013	0.23	150.0	35.0
05.03.2013	0.22	160.0	35.0
10.03.2013	0.21	160.0	34.0
15.03.2013	0.2	170.0	34.0
20.03.2013	0.18	170.0	31.0
25.03.2013	0.17	180.0	31.0
31.03.2013	0.15	180.0	27.0
23.04.2013	0.01	-999.0	-999.0
27.10.2013	0.01	-999.0	-999.0
06.11.2013	0.0	-999.0	-999.0
08.11.2013	0.0	-999.0	-999.0
10.11.2013	0.03	-999.0	-999.0
20.11.2013	0.03	-999.0	-999.0
30.11.2013	0.02	-999.0	-999.0
10.12.2013	0.03	-999.0	-999.0
20.12.2013	0.03	-999.0	-999.0
30.12.2013	0.03	-999.0	-999.0
10.01.2014	0.07	150.0	11.0
20.01.2014	0.08	160.0	13.0
31.01.2014	0.07	160.0	11.0
10.02.2014	0.07	180.0	13.0
20.02.2014	0.07	180.0	13.0
28.02.2014	0.07	190.0	13.0
05.03.2014	0.07	190.0	13.0
10.03.2014	0.03	-999.0	-999.0
15.03.2014	0.03	-999.0	-999.0
01.04.2014	0.06	190.0	11.0
26.10.2014	0.01	-999.0	-999.0
17.11.2014	0.0	-999.0	-999.0
21.11.2014	0.04	-999.0	-999.0
30.11.2014	0.02	-999.0	-999.0
10.12.2014	0.01	-999.0	-999.0
20.12.2014	0.04	-999.0	-999.0
30.12.2014	0.05	90.0	5.0
10.01.2015	0.06	140.0	8.0
20.01.2015	0.06	130.0	8.0
31.01.2015	0.05	130.0	7.0
10.02.2015	0.05	160.0	8.0
20.02.2015	0.02	-999.0	-999.0
28.02.2015	0.01	-999.0	-999.0
05.03.2015	0.01	-999.0	-999.0
05.04.2015	0.02	-999.0	-999.0
10.04.2015	0.01	-999.0	-999.0
19.04.2015	0.0	-999.0	-999.0
26.10.2015	0.04	-999.0	-999.0
31.10.2015	0.03	-999.0	-999.0
30.11.2015	0.01	-999.0	-999.0
10.12.2015	0.06	100.0	6.0
20.12.2015	0.08	140.0	11.0
30.12.2015	0.08	150.0	12.0
10.01.2016	0.08	160.0	13.0
20.01.2016	0.08	160.0	13.0
31.01.2016	0.08	160.0	13.0
10.02.2016	0.08	170.0	14.0
20.02.2016	0.08	180.0	14.0
29.02.2016	0.08	180.0	14.0
05.03.2016	0.18	170.0	31.0
10.03.2016	0.16	190.0	30.0
15.03.2016	0.14	200.0	28.0
02.04.2016	0.03	-999.0	-999.0
22.04.2016	0.03	-999.0	-999.0
18.10.2016	0.01	-999.0	-999.0
21.10.2016	0.01	-999.0	-999.0
25.10.2016	0.01	-999.0	-999.0
07.11.2016	0.0	-999.0	-999.0
11.11.2016	0.03	-999.0	-999.0
20.11.2016	0.03	-999.0	-999.0
30.11.2016	0.04	-999.0	-999.0
10.12.2016	0.04	-999.0	-999.0
20.12.2016	0.09	120.0	11.0
30.12.2016	0.11	120.0	13.0
10.01.2017	0.09	130.0	12.0
20.01.2017	0.09	140.0	13.0
31.01.2017	0.09	140.0	13.0
10.02.2017	0.08	150.0	12.0
20.02.2017	0.08	170.0	14.0
28.02.2017	0.07	170.0	12.0
05.03.2017	0.08	150.0	12.0
10.03.2017	0.03	-999.0	-999.0
29.03.2017	0.04	-999.0	-999.0
06.04.2017	0.0	-999.0	-999.0
07.04.2017	0.01	-999.0	-999.0
17.04.2017	0.02	-999.0	-999.0
13.11.2017	0.01	-999.0	-999.0
20.11.2017	0.01	-999.0	-999.0
30.11.2017	0.03	-999.0	-999.0
10.12.2017	0.03	-999.0	-999.0
20.12.2017	0.04	-999.0	-999.0
30.12.2017	0.05	120.0	6.0
10.01.2018	0.07	110.0	8.0
20.01.2018	0.07	130.0	9.0
31.01.2018	0.06	150.0	9.0
10.02.2018	0.06	170.0	10.0
20.02.2018	0.05	160.0	8.0
28.02.2018	0.06	150.0	9.0
05.03.2018	0.08	130.0	10.0
10.03.2018	0.08	140.0	11.0
15.03.2018	0.01	-999.0	-999.0
28.03.2018	0.01	-999.0	-999.0
26.10.2018	0.02	-999.0	-999.0
31.10.2018	0.0	-999.0	-999.0
14.11.2018	0.0	-999.0	-999.0
20.11.2018	0.01	-999.0	-999.0
30.11.2018	0.01	-999.0	-999.0
